2018.04.09 09:00:08.586,10.29369,10.2957,1.00,1.00
2018.04.09 09:00:08.638,10.2938,10.29578,1.00,1.00
2018.04.09 09:00:08.689,10.29382,10.29581,1.00,1.12
2018.04.09 09:00:08.741,10.29392,10.29592,1.00,1.37
2018.04.09 09:00:09.139,10.294,10.296,1.00,1.37
2018.04.09 09:00:09.591,10.29401,10.29602,1.00,1.00
2018.04.09 09:00:09.643,10.29405,10.29602,1.00,1.00
2018.04.09 09:00:10.360,10.29414,10.29602,1.00,1.00
2018.04.09 09:00:11.067,10.29436,10.29602,1.00,1.00
2018.04.09 09:00:11.413,10.29414,10.29602,1.00,1.00
2018.04.09 09:00:11.922,10.29414,10.29613,1.00,1.00
2018.04.09 09:00:15.250,10.29419,10.29613,1.00,1.00
2018.04.09 09:00:15.624,10.29439,10.29613,1.00,1.00
2018.04.09 09:00:18.277,10.29411,10.29613,1.50,1.00
2018.04.09 09:00:18.358,10.29416,10.29613,1.00,1.00
2018.04.09 09:00:23.953,10.29416,10.29611,1.00,1.00
2018.04.09 09:00:24.288,10.29422,10.29611,1.00,1.00
2018.04.09 09:00:24.599,10.29441,10.29611,1.00,1.00
2018.04.09 09:00:24.703,10.29441,10.29619,1.00,1.00
2018.04.09 09:00:26.563,10.29442,10.29624,1.37,1.00
2018.04.09 09:00:26.667,10.2945,10.29643,1.37,1.00
2018.04.09 09:00:26.822,10.29454,10.29654,1.37,1.19
2018.04.09 09:00:27.083,10.29469,10.29654,1.00,1.25
2018.04.09 09:00:27.134,10.29464,10.29654,1.00,1.25
2018.04.09 09:00:31.579,10.29464,10.2965,1.00,1.00
2018.04.09 09:00:31.925,10.29464,10.29639,1.00,1.00
2018.04.09 09:00:32.591,10.29436,10.29637,1.00,1.00
2018.04.09 09:00:33.016,10.29441,10.29637,1.00,1.00
2018.04.09 09:00:34.981,10.29441,10.29622,1.00,1.00
2018.04.09 09:00:35.327,10.29441,10.29614,1.00,1.00
2018.04.09 09:00:45.969,10.29417,10.29606,1.00,1.00
2018.04.09 09:00:47.005,10.29436,10.29614,1.00,1.00
2018.04.09 09:00:47.211,10.29417,10.29605,1.00,1.00
2018.04.09 09:00:47.330,10.29414,10.29583,1.00,1.00
2018.04.09 09:00:47.587,10.29414,10.29592,1.00,1.00
2018.04.09 09:00:47.689,10.29414,10.29585,1.00,1.00
2018.04.09 09:00:49.624,10.29414,10.29591,1.00,1.00
2018.04.09 09:00:49.811,10.29414,10.29583,1.00,1.00
2018.04.09 09:00:51.096,10.29396,10.29583,1.00,1.00
2018.04.09 09:00:51.199,10.29381,10.29575,1.00,1.00
2018.04.09 09:00:51.403,10.29391,10.29583,1.00,1.00
2018.04.09 09:00:51.939,10.29391,10.29573,1.00,1.00
2018.04.09 09:00:52.277,10.29391,10.29565,1.00,1.00
2018.04.09 09:00:53.347,10.29391,10.29574,1.00,1.00
2018.04.09 09:01:04.831,10.29391,10.29555,1.00,1.00
2018.04.09 09:01:04.883,10.2937,10.29548,1.00,1.00
2018.04.09 09:01:04.935,10.2937,10.29539,1.00,1.00
2018.04.09 09:01:05.352,10.2937,10.29531,1.00,1.00
2018.04.09 09:01:06.146,10.2937,10.29523,1.00,1.00
2018.04.09 09:01:06.273,10.29357,10.29523,1.00,1.00
2018.04.09 09:01:06.325,10.29347,10.29508,1.00,1.00
2018.04.09 09:01:06.376,10.29337,10.295,1.00,1.00
2018.04.09 09:01:06.427,10.29326,10.295,1.00,1.00
2018.04.09 09:01:06.478,10.29326,10.29487,1.00,1.00
2018.04.09 09:01:06.529,10.29311,10.29479,1.00,1.00
2018.04.09 09:01:06.581,10.29303,10.2946,1.00,1.00
2018.04.09 09:01:06.885,10.29303,10.29468,1.00,1.00
2018.04.09 09:01:08.214,10.29292,10.29468,1.00,1.00
2018.04.09 09:01:10.320,10.29292,10.29459,1.00,1.00
2018.04.09 09:01:11.693,10.29282,10.29459,1.00,1.00
2018.04.09 09:01:11.882,10.29294,10.29467,1.00,1.00
2018.04.09 09:01:11.934,10.29294,10.29476,1.00,1.00
2018.04.09 09:01:13.412,10.29294,10.29467,1.00,1.00
2018.04.09 09:01:16.051,10.29294,10.2946,1.00,1.00
2018.04.09 09:01:24.038,10.29288,10.2946,1.00,1.00
2018.04.09 09:01:25.257,10.29288,10.2945,1.00,1.00
2018.04.09 09:01:27.668,10.29288,10.29457,1.00,1.00
2018.04.09 09:01:29.614,10.29288,10.29455,1.00,1.00
2018.04.09 09:01:31.390,10.29282,10.29446,1.00,1.00
2018.04.09 09:01:31.689,10.29282,10.29454,1.00,1.00
2018.04.09 09:01:32.318,10.29282,10.29446,1.00,1.00
2018.04.09 09:01:32.521,10.29282,10.29454,1.00,1.00
2018.04.09 09:01:39.053,10.29283,10.29454,1.00,1.00
2018.04.09 09:01:39.259,10.29283,10.29456,1.00,1.00
2018.04.09 09:01:39.311,10.29282,10.29458,1.00,1.00
2018.04.09 09:01:39.363,10.29269,10.29458,1.00,1.00
2018.04.09 09:01:39.414,10.29276,10.29458,1.00,1.00
2018.04.09 09:01:39.730,10.29269,10.29454,1.00,1.00
2018.04.09 09:01:39.833,10.29266,10.29454,1.00,1.00
2018.04.09 09:01:40.578,10.29266,10.29455,1.00,1.00
2018.04.09 09:01:41.098,10.29266,10.29454,1.00,1.00
2018.04.09 09:01:42.556,10.29266,10.29455,1.00,1.00
2018.04.09 09:01:44.813,10.29266,10.29454,1.00,1.00
2018.04.09 09:01:45.016,10.29266,10.29447,1.00,1.00
2018.04.09 09:01:45.170,10.29266,10.29455,1.00,1.00
2018.04.09 09:01:45.686,10.29266,10.2945,1.00,1.00
2018.04.09 09:01:49.650,10.29266,10.29453,1.00,1.00
2018.04.09 09:01:49.701,10.29258,10.29446,1.00,1.00
2018.04.09 09:01:49.752,10.29256,10.29445,1.00,1.00
2018.04.09 09:01:51.488,10.29267,10.29454,1.00,1.00
2018.04.09 09:01:51.655,10.29254,10.29443,1.00,1.00
2018.04.09 09:01:54.082,10.29253,10.29441,1.00,1.00
2018.04.09 09:01:58.732,10.2926,10.29441,1.00,1.00
2018.04.09 09:02:01.230,10.29253,10.29441,1.00,1.00
2018.04.09 09:02:07.639,10.2926,10.29441,1.00,1.00
2018.04.09 09:02:07.974,10.29253,10.29441,1.00,1.00
2018.04.09 09:02:08.215,10.29259,10.29441,1.00,1.00
2018.04.09 09:02:09.154,10.29253,10.29441,1.00,1.00
2018.04.09 09:02:09.205,10.29256,10.29445,1.00,1.00
2018.04.09 09:02:09.256,10.29261,10.29445,1.00,1.00
2018.04.09 09:02:09.615,10.29256,10.29445,1.00,1.00
2018.04.09 09:02:09.938,10.29258,10.29446,1.00,1.00
2018.04.09 09:02:13.498,10.29263,10.29446,1.00,1.00
2018.04.09 09:02:13.803,10.29258,10.29446,1.00,1.00
2018.04.09 09:02:13.961,10.29265,10.29446,1.00,1.00
2018.04.09 09:02:16.299,10.29258,10.29446,1.00,1.00
2018.04.09 09:02:16.502,10.29266,10.29446,1.00,1.00
2018.04.09 09:02:17.821,10.29279,10.29468,1.00,1.00
2018.04.09 09:02:18.607,10.29273,10.29458,1.00,1.00
2018.04.09 09:02:18.793,10.2928,10.29469,1.00,1.00
2018.04.09 09:02:24.190,10.29273,10.29462,1.50,1.00
2018.04.09 09:02:27.139,10.29276,10.29462,1.00,1.00
2018.04.09 09:02:27.190,10.29284,10.29473,1.00,1.00
2018.04.09 09:02:27.700,10.29273,10.29462,1.50,1.00
2018.04.09 09:02:28.018,10.29276,10.29462,1.00,1.00
2018.04.09 09:02:28.069,10.29285,10.29474,1.00,1.00
2018.04.09 09:02:29.624,10.29283,10.29474,1.00,1.00
2018.04.09 09:02:31.632,10.29274,10.29463,1.00,1.00
2018.04.09 09:02:32.089,10.29264,10.29452,1.00,1.00
2018.04.09 09:02:35.846,10.29275,10.29464,1.00,1.00
2018.04.09 09:02:35.949,10.29278,10.29464,1.00,1.00
2018.04.09 09:02:39.172,10.29281,10.29472,1.00,1.00
2018.04.09 09:02:46.387,10.29287,10.29488,1.00,1.00
2018.04.09 09:02:46.544,10.29287,10.29484,1.00,1.00
2018.04.09 09:02:46.796,10.29287,10.29488,1.00,1.00
2018.04.09 09:02:49.667,10.29289,10.29488,1.00,1.00
2018.04.09 09:02:54.230,10.29294,10.29485,1.00,1.00
2018.04.09 09:02:54.628,10.29305,10.29485,1.00,1.00
2018.04.09 09:02:58.799,10.29294,10.29485,1.00,1.00
2018.04.09 09:02:58.953,10.29284,10.29474,1.00,1.00
2018.04.09 09:03:00.046,10.29301,10.29469,1.00,1.00
2018.04.09 09:03:17.554,10.29301,10.29466,1.00,1.00
2018.04.09 09:03:17.606,10.29301,10.29469,1.00,1.00
2018.04.09 09:03:18.551,10.29301,10.29468,1.00,1.00
2018.04.09 09:03:29.666,10.29301,10.29461,1.00,1.00
2018.04.09 09:03:31.535,10.29301,10.29469,1.00,1.50
2018.04.09 09:03:31.586,10.29301,10.29461,1.00,1.00
2018.04.09 09:03:31.729,10.29301,10.29469,1.00,1.50
2018.04.09 09:03:31.995,10.29301,10.29461,1.00,1.00
2018.04.09 09:03:34.534,10.29301,10.29469,1.00,1.50
2018.04.09 09:03:35.196,10.29301,10.29461,1.00,1.00
2018.04.09 09:03:35.446,10.29301,10.29469,1.00,1.50
2018.04.09 09:03:35.548,10.29301,10.29461,1.00,1.00
2018.04.09 09:03:41.688,10.29301,10.29448,1.00,1.00
2018.04.09 09:03:41.739,10.2927,10.2944,1.00,1.00
2018.04.09 09:03:41.791,10.29259,10.29425,1.00,1.00
2018.04.09 09:03:41.893,10.29249,10.29425,1.00,1.00
2018.04.09 09:03:41.945,10.29258,10.29425,1.00,1.00
2018.04.09 09:03:42.047,10.29249,10.29425,1.00,1.00
2018.04.09 09:03:42.098,10.29229,10.29416,1.00,1.00
2018.04.09 09:03:42.379,10.29239,10.29416,1.00,1.00
2018.04.09 09:03:42.886,10.29228,10.29416,1.00,1.00
2018.04.09 09:03:43.153,10.29244,10.29416,1.00,1.00
2018.04.09 09:03:43.204,10.29212,10.29401,1.00,1.00
2018.04.09 09:03:43.256,10.29199,10.29384,1.00,1.00
2018.04.09 09:03:43.513,10.29209,10.29398,1.00,1.00
2018.04.09 09:03:44.105,10.29222,10.29401,1.00,1.00
2018.04.09 09:03:44.157,10.29222,10.29409,1.00,1.00
2018.04.09 09:03:44.209,10.29251,10.29409,1.00,1.00
2018.04.09 09:03:44.260,10.29251,10.29417,1.00,1.00
2018.04.09 09:03:49.463,10.29251,10.29409,1.00,1.00
2018.04.09 09:03:53.365,10.29251,10.29403,1.00,1.00
2018.04.09 09:03:54.420,10.29222,10.29403,1.00,1.00
2018.04.09 09:03:54.713,10.29228,10.29396,1.00,1.00
2018.04.09 09:04:01.518,10.29231,10.2941,1.00,1.00
2018.04.09 09:04:01.891,10.29251,10.2941,1.00,1.00
2018.04.09 09:04:09.614,10.29251,10.29407,1.00,1.00
2018.04.09 09:04:29.638,10.29251,10.29412,1.00,1.00
2018.04.09 09:04:34.584,10.29251,10.29403,1.00,1.00
2018.04.09 09:04:37.572,10.29251,10.29411,1.00,1.00
2018.04.09 09:04:37.871,10.29251,10.29404,1.00,1.00
2018.04.09 09:04:38.010,10.29251,10.29411,1.00,1.00
2018.04.09 09:04:38.671,10.29251,10.29402,1.00,1.00
2018.04.09 09:04:39.144,10.29251,10.29411,1.00,1.00
2018.04.09 09:04:39.196,10.29251,10.29403,1.00,1.00
2018.04.09 09:04:39.998,10.29251,10.29411,1.00,1.00
2018.04.09 09:04:40.417,10.29251,10.29403,1.00,1.00
2018.04.09 09:04:42.082,10.29251,10.29411,1.00,1.00
2018.04.09 09:04:42.431,10.29251,10.29403,1.00,1.00
2018.04.09 09:04:45.713,10.29251,10.29411,1.00,1.00
2018.04.09 09:04:49.393,10.29251,10.29403,1.00,1.00
2018.04.09 09:04:50.213,10.29251,10.29411,1.00,1.00
2018.04.09 09:04:51.388,10.29251,10.29403,1.00,1.00
2018.04.09 09:04:51.784,10.29251,10.29411,1.00,1.00
2018.04.09 09:04:52.653,10.29251,10.29402,1.00,1.00
2018.04.09 09:04:56.081,10.29251,10.2941,1.00,1.00
2018.04.09 09:04:56.536,10.29251,10.29401,1.00,1.00
2018.04.09 09:04:59.078,10.29251,10.29409,1.00,1.00
2018.04.09 09:04:59.129,10.2925,10.29397,1.00,1.00
2018.04.09 09:04:59.180,10.29224,10.29397,1.00,1.00
2018.04.09 09:04:59.445,10.29228,10.29396,1.00,1.00
2018.04.09 09:05:04.311,10.29202,10.29369,1.00,1.35
2018.04.09 09:05:04.363,10.29152,10.29314,1.00,1.00
2018.04.09 09:05:04.414,10.29123,10.29296,1.00,1.00
2018.04.09 09:05:04.466,10.29102,10.29281,1.00,1.00
2018.04.09 09:05:04.518,10.29092,10.29272,1.00,1.00
2018.04.09 09:05:04.569,10.29092,10.29264,1.00,1.00
2018.04.09 09:05:04.621,10.29078,10.29264,1.00,1.00
2018.04.09 09:05:04.723,10.29078,10.29267,1.00,1.00
2018.04.09 09:05:05.487,10.29078,10.29267,1.00,1.60
2018.04.09 09:05:05.539,10.29078,10.29267,1.00,1.60
2018.04.09 09:05:05.590,10.29078,10.29262,1.00,1.00
2018.04.09 09:05:05.912,10.29078,10.29267,1.00,1.00
2018.04.09 09:05:06.066,10.2909,10.2927,1.00,1.00
2018.04.09 09:05:07.693,10.29079,10.29268,1.00,1.60
2018.04.09 09:05:09.035,10.29079,10.29268,1.00,1.00
2018.04.09 09:05:09.087,10.29079,10.29263,1.00,1.00
2018.04.09 09:05:09.397,10.29138,10.29314,1.00,1.00
2018.04.09 09:05:09.837,10.29151,10.29327,1.00,1.00
2018.04.09 09:05:10.090,10.29138,10.29316,1.00,1.00
2018.04.09 09:05:10.194,10.29116,10.29292,1.00,1.00
2018.04.09 09:05:10.501,10.29104,10.2928,1.50,1.00
2018.04.09 09:05:11.653,10.29092,10.29268,1.00,1.00
2018.04.09 09:05:12.026,10.29111,10.29287,1.00,1.00
2018.04.09 09:05:13.943,10.29106,10.29282,1.00,1.00
2018.04.09 09:05:14.360,10.29108,10.29284,1.00,1.00
2018.04.09 09:05:20.636,10.29119,10.29295,1.00,1.00
2018.04.09 09:05:22.135,10.29108,10.29284,1.00,1.00
2018.04.09 09:05:22.548,10.29095,10.29271,1.00,1.00
2018.04.09 09:05:24.529,10.29091,10.29267,1.00,1.00
2018.04.09 09:05:25.111,10.29091,10.29269,1.00,1.00
2018.04.09 09:05:25.613,10.29089,10.29265,1.00,1.00
2018.04.09 09:05:25.919,10.29086,10.29262,1.00,1.00
2018.04.09 09:05:28.359,10.29077,10.29247,1.00,1.00
2018.04.09 09:05:28.411,10.29071,10.29247,1.00,1.00
2018.04.09 09:05:29.132,10.29077,10.29247,1.00,1.00
2018.04.09 09:05:29.183,10.29083,10.29259,1.00,1.00
2018.04.09 09:05:30.777,10.29082,10.2926,1.00,1.00
2018.04.09 09:05:35.222,10.29077,10.29249,1.00,1.00
2018.04.09 09:05:35.273,10.29073,10.29249,1.00,1.00
2018.04.09 09:05:37.346,10.29073,10.29243,1.00,1.00
2018.04.09 09:05:37.397,10.29073,10.29249,1.00,1.00
2018.04.09 09:05:37.499,10.29075,10.29237,1.00,1.00
2018.04.09 09:05:37.551,10.29061,10.29237,1.00,1.00
2018.04.09 09:05:37.602,10.29075,10.29249,1.00,1.00
2018.04.09 09:05:37.891,10.29071,10.29249,1.00,1.00
2018.04.09 09:05:39.581,10.29066,10.29242,1.00,1.00
2018.04.09 09:05:41.622,10.29067,10.29243,1.00,1.00
2018.04.09 09:05:42.025,10.29081,10.29257,1.00,1.00
2018.04.09 09:05:44.670,10.29093,10.29269,1.00,1.00
2018.04.09 09:05:50.768,10.29081,10.29257,1.00,1.00
2018.04.09 09:05:51.275,10.29082,10.29258,1.00,1.00
2018.04.09 09:05:51.582,10.29096,10.29272,1.00,1.00
2018.04.09 09:05:54.612,10.29099,10.29275,1.00,1.00
2018.04.09 09:05:58.229,10.29099,10.29273,1.00,1.00
2018.04.09 09:05:58.382,10.29099,10.29275,1.00,1.00
2018.04.09 09:06:09.600,10.29098,10.29274,1.00,1.00
2018.04.09 09:06:20.310,10.29108,10.29284,1.00,1.00
2018.04.09 09:06:20.863,10.29109,10.29284,1.00,1.00
2018.04.09 09:06:24.622,10.29109,10.29278,1.00,1.00
2018.04.09 09:06:29.539,10.29109,10.29277,1.00,1.00
2018.04.09 09:06:29.590,10.29078,10.29256,1.00,1.00
2018.04.09 09:06:29.844,10.29088,10.29256,1.00,1.00
2018.04.09 09:06:33.943,10.29093,10.29269,1.00,1.00
2018.04.09 09:06:40.454,10.29095,10.29271,1.00,1.00
2018.04.09 09:06:45.263,10.29109,10.29282,1.00,1.00
2018.04.09 09:06:45.571,10.29128,10.29282,1.00,1.00
2018.04.09 09:06:54.717,10.29128,10.29278,1.00,1.00
2018.04.09 09:06:59.550,10.29128,10.29289,1.00,1.00
2018.04.09 09:07:09.761,10.29128,10.29279,1.00,1.00
2018.04.09 09:07:16.026,10.29128,10.2929,1.00,1.00
2018.04.09 09:07:24.824,10.29128,10.29286,1.00,1.00
2018.04.09 09:07:30.081,10.29111,10.2926,1.00,1.00
2018.04.09 09:07:30.185,10.29057,10.29233,1.00,1.60
2018.04.09 09:07:30.237,10.29033,10.29209,1.00,1.60
2018.04.09 09:07:30.289,10.29022,10.29198,1.00,1.60
2018.04.09 09:07:30.341,10.29005,10.29183,1.00,1.00
2018.04.09 09:07:30.444,10.28993,10.29169,1.00,1.60
2018.04.09 09:07:30.495,10.28971,10.29149,1.00,1.60
2018.04.09 09:07:30.547,10.28961,10.29137,1.00,1.00
2018.04.09 09:07:30.667,10.2895,10.29124,1.00,1.35
2018.04.09 09:07:30.719,10.2893,10.29106,1.00,1.00
2018.04.09 09:07:30.770,10.28941,10.29117,1.00,1.50
2018.04.09 09:07:31.072,10.28939,10.29115,1.00,1.00
2018.04.09 09:07:31.461,10.28939,10.29107,1.00,1.00
2018.04.09 09:07:31.577,10.28936,10.29107,1.00,1.00
2018.04.09 09:07:32.893,10.28923,10.29099,1.00,1.00
2018.04.09 09:07:33.147,10.28942,10.29116,1.00,1.00
2018.04.09 09:07:33.356,10.28932,10.29108,1.00,1.00
2018.04.09 09:07:34.063,10.28932,10.29107,1.00,1.00
2018.04.09 09:07:37.287,10.28942,10.29115,1.00,1.00
2018.04.09 09:07:37.390,10.28965,10.29141,1.00,1.00
2018.04.09 09:07:37.442,10.28977,10.29153,1.00,1.00
2018.04.09 09:07:37.837,10.28989,10.29163,1.00,1.00
2018.04.09 09:07:38.200,10.28989,10.29155,1.00,1.00
2018.04.09 09:07:38.252,10.28953,10.29128,1.00,1.00
2018.04.09 09:07:38.303,10.28943,10.29119,1.00,1.00
2018.04.09 09:07:39.772,10.28941,10.29117,1.00,1.00
2018.04.09 09:07:40.597,10.28944,10.2912,1.00,1.00
2018.04.09 09:07:41.287,10.2893,10.29106,1.00,1.00
2018.04.09 09:07:41.658,10.2893,10.29105,1.00,1.60
2018.04.09 09:07:42.513,10.2893,10.29105,1.00,1.00
2018.04.09 09:07:43.470,10.2891,10.29086,1.00,1.00
2018.04.09 09:07:43.522,10.28904,10.2908,1.00,1.00
2018.04.09 09:07:43.832,10.28889,10.29065,1.00,1.60
2018.04.09 09:07:44.036,10.28879,10.29055,1.00,1.00
2018.04.09 09:07:49.615,10.28879,10.29052,1.00,1.00
2018.04.09 09:07:55.523,10.28879,10.29055,1.00,1.00
2018.04.09 09:07:55.625,10.28885,10.2906,1.00,1.00
2018.04.09 09:07:57.052,10.28873,10.29049,1.00,1.00
2018.04.09 09:07:59.612,10.28884,10.2906,1.00,1.00
2018.04.09 09:08:01.193,10.28884,10.29059,1.00,1.00
2018.04.09 09:08:02.328,10.28869,10.29045,1.00,1.00
2018.04.09 09:08:02.379,10.28859,10.29035,1.00,1.60
2018.04.09 09:08:02.688,10.28782,10.28944,1.00,1.00
2018.04.09 09:08:02.739,10.28779,10.28944,1.00,1.00
2018.04.09 09:08:02.791,10.28761,10.28933,1.00,1.00
2018.04.09 09:08:02.842,10.28775,10.28943,1.00,1.00
2018.04.09 09:08:03.174,10.28787,10.28951,1.00,1.00
2018.04.09 09:08:03.226,10.288,10.28972,1.00,1.00
2018.04.09 09:08:03.482,10.28811,10.28972,1.00,1.00
2018.04.09 09:08:04.935,10.28788,10.28964,1.00,1.00
2018.04.09 09:08:07.313,10.28807,10.28972,1.00,1.00
2018.04.09 09:08:07.630,10.28838,10.29,1.00,1.00
2018.04.09 09:08:07.681,10.28838,10.29012,1.00,1.00
2018.04.09 09:08:07.734,10.28849,10.29021,1.00,1.00
2018.04.09 09:08:07.990,10.28845,10.29021,1.00,1.50
2018.04.09 09:08:08.042,10.28863,10.29029,1.00,1.00
2018.04.09 09:08:08.151,10.28876,10.29047,1.00,1.00
2018.04.09 09:08:08.409,10.28888,10.29047,1.00,1.00
2018.04.09 09:08:09.304,10.28876,10.29047,1.00,1.00
2018.04.09 09:08:09.562,10.28863,10.29038,1.00,1.00
2018.04.09 09:08:09.666,10.28863,10.29034,1.00,1.00
2018.04.09 09:08:10.628,10.28862,10.29034,1.00,1.00
2018.04.09 09:08:11.046,10.28853,10.29029,1.00,1.00
2018.04.09 09:08:11.493,10.28851,10.29029,1.00,1.00
2018.04.09 09:08:12.729,10.28868,10.29044,1.00,1.60
2018.04.09 09:08:12.883,10.28873,10.29049,1.00,1.00
2018.04.09 09:08:12.934,10.28862,10.29038,1.00,1.00
2018.04.09 09:08:14.289,10.28859,10.29028,1.00,1.00
2018.04.09 09:08:14.543,10.28853,10.29023,1.00,1.35
2018.04.09 09:08:14.594,10.2884,10.29016,1.37,1.00
2018.04.09 09:08:15.028,10.2884,10.29016,1.00,1.00
2018.04.09 09:08:15.810,10.2884,10.29016,1.00,1.60
2018.04.09 09:08:15.912,10.28794,10.2897,1.00,1.60
2018.04.09 09:08:15.964,10.28789,10.28967,1.00,1.60
2018.04.09 09:08:16.015,10.28769,10.28944,1.37,1.35
2018.04.09 09:08:16.066,10.28765,10.28941,1.00,1.00
2018.04.09 09:08:16.117,10.28765,10.28938,1.00,1.00
2018.04.09 09:08:16.168,10.28754,10.2893,1.00,1.00
2018.04.09 09:08:16.219,10.28754,10.2893,1.15,1.00
2018.04.09 09:08:16.372,10.28754,10.2893,1.00,1.00
2018.04.09 09:08:16.575,10.28754,10.2893,1.15,1.00
2018.04.09 09:08:17.323,10.28764,10.2894,1.00,1.00
2018.04.09 09:08:18.900,10.28764,10.28938,1.00,1.00
2018.04.09 09:08:20.393,10.28775,10.28948,1.00,1.00
2018.04.09 09:08:20.604,10.28761,10.28939,1.50,1.00
2018.04.09 09:08:22.794,10.28804,10.28948,1.00,1.00
2018.04.09 09:08:22.845,10.28804,10.28978,1.00,1.37
2018.04.09 09:08:22.897,10.288,10.28976,1.00,1.00
2018.04.09 09:08:22.949,10.28811,10.28987,1.00,1.00
2018.04.09 09:08:23.257,10.2884,10.29008,1.00,1.00
2018.04.09 09:08:23.410,10.28823,10.28999,1.00,1.00
2018.04.09 09:08:23.462,10.28812,10.28988,1.00,1.00
2018.04.09 09:08:23.771,10.28755,10.28931,1.00,1.00
2018.04.09 09:08:24.108,10.28734,10.28906,1.00,1.00
2018.04.09 09:08:24.285,10.28722,10.28898,1.00,1.00
2018.04.09 09:08:24.888,10.28728,10.28906,1.00,1.00
2018.04.09 09:08:25.380,10.28725,10.28901,1.00,1.00
2018.04.09 09:08:25.737,10.28711,10.28887,1.50,1.00
2018.04.09 09:08:26.041,10.28721,10.28897,1.00,1.00
2018.04.09 09:08:28.887,10.28752,10.28919,1.00,1.00
2018.04.09 09:08:28.940,10.28774,10.28945,1.00,1.00
2018.04.09 09:08:28.992,10.28803,10.28956,1.00,1.00
2018.04.09 09:08:29.353,10.28803,10.28965,1.00,1.00
2018.04.09 09:08:29.867,10.28796,10.28942,1.00,1.00
2018.04.09 09:08:32.362,10.28809,10.28971,1.00,1.00
2018.04.09 09:08:32.413,10.28837,10.29013,1.00,1.00
2018.04.09 09:08:32.465,10.28865,10.29026,1.00,1.00
2018.04.09 09:08:32.772,10.28865,10.29024,1.00,1.00
2018.04.09 09:08:33.266,10.28865,10.29024,1.00,1.60
2018.04.09 09:08:33.584,10.28865,10.29024,1.00,1.60
2018.04.09 09:08:33.637,10.28865,10.29024,1.00,1.60
2018.04.09 09:08:33.689,10.28865,10.29024,1.00,1.60
2018.04.09 09:08:33.740,10.28865,10.29024,1.00,1.60
2018.04.09 09:08:33.792,10.28865,10.29024,1.00,1.60
2018.04.09 09:08:33.843,10.28865,10.29024,1.00,1.60
2018.04.09 09:08:34.778,10.28865,10.29024,1.00,1.60
2018.04.09 09:08:35.181,10.28865,10.29024,1.00,1.60
2018.04.09 09:08:35.727,10.28865,10.29024,1.00,1.60
2018.04.09 09:08:35.886,10.28865,10.29024,1.00,1.60
2018.04.09 09:08:36.894,10.28865,10.29024,1.00,1.60
2018.04.09 09:08:36.945,10.28865,10.29024,1.00,1.00
2018.04.09 09:08:37.587,10.28865,10.29024,1.00,1.60
2018.04.09 09:08:38.422,10.28865,10.29024,1.00,1.60
2018.04.09 09:08:38.474,10.28865,10.29024,1.00,1.60
2018.04.09 09:08:38.525,10.28865,10.29024,1.00,1.60
2018.04.09 09:08:39.992,10.28865,10.29019,1.00,1.00
2018.04.09 09:08:43.991,10.28874,10.29029,1.00,1.00
2018.04.09 09:08:44.129,10.289,10.29029,1.00,1.00
2018.04.09 09:08:44.283,10.2889,10.29029,1.00,1.00
2018.04.09 09:08:45.137,10.2888,10.29029,1.00,1.35
2018.04.09 09:08:45.288,10.2888,10.29029,1.00,1.60
2018.04.09 09:08:45.339,10.28872,10.29029,1.00,1.60
2018.04.09 09:08:45.390,10.28872,10.29017,1.00,1.00
2018.04.09 09:08:45.492,10.28864,10.29017,1.00,1.60
2018.04.09 09:08:45.543,10.28854,10.29017,1.00,1.60
2018.04.09 09:08:45.695,10.28863,10.29017,1.00,1.60
2018.04.09 09:08:46.092,10.28863,10.29017,1.00,1.60
2018.04.09 09:08:46.441,10.28863,10.29017,1.00,1.60
2018.04.09 09:08:46.668,10.28863,10.29017,1.00,1.60
2018.04.09 09:08:47.189,10.28863,10.29017,1.00,1.35
2018.04.09 09:08:47.241,10.28863,10.29017,1.00,1.60
2018.04.09 09:08:47.481,10.28863,10.29017,1.00,1.60
2018.04.09 09:08:48.233,10.28863,10.29017,1.00,1.60
2018.04.09 09:08:48.284,10.28855,10.29006,1.00,1.00
2018.04.09 09:08:49.538,10.28863,10.29015,1.00,1.00
2018.04.09 09:08:49.640,10.28861,10.29015,1.00,1.00
2018.04.09 09:08:50.146,10.28852,10.29015,1.00,1.35
2018.04.09 09:08:53.437,10.2881,10.28972,1.00,2.47
2018.04.09 09:08:53.488,10.28799,10.28964,1.00,1.35
2018.04.09 09:08:53.540,10.28807,10.28974,1.00,1.97
2018.04.09 09:08:53.591,10.28807,10.28955,1.00,1.60
2018.04.09 09:08:53.643,10.28798,10.28945,1.00,1.00
2018.04.09 09:08:53.694,10.28789,10.28945,1.00,1.00
2018.04.09 09:08:53.900,10.288,10.28945,1.00,1.00
2018.04.09 09:08:54.003,10.288,10.28955,1.00,1.60
2018.04.09 09:08:54.055,10.288,10.28955,1.00,1.60
2018.04.09 09:08:54.404,10.288,10.28955,1.00,1.00
2018.04.09 09:08:54.455,10.28809,10.28955,1.00,1.00
2018.04.09 09:08:54.609,10.28836,10.28989,1.00,1.00
2018.04.09 09:08:54.661,10.28866,10.29012,1.00,1.00
2018.04.09 09:08:54.968,10.28878,10.29022,1.00,1.00
2018.04.09 09:08:55.276,10.28824,10.28983,1.00,1.00
2018.04.09 09:08:55.328,10.28824,10.28983,1.00,1.60
2018.04.09 09:08:55.639,10.28824,10.28983,1.00,1.60
2018.04.09 09:08:56.090,10.28824,10.28983,1.00,1.60
2018.04.09 09:08:56.835,10.28824,10.28983,1.00,1.60
2018.04.09 09:08:56.988,10.28824,10.28983,1.00,1.60
2018.04.09 09:08:57.040,10.28824,10.28983,1.00,1.97
2018.04.09 09:08:57.206,10.28781,10.28943,1.00,1.60
2018.04.09 09:08:57.258,10.28773,10.28933,1.00,1.60
2018.04.09 09:08:57.312,10.28773,10.28933,1.00,1.60
2018.04.09 09:08:57.364,10.28773,10.28933,1.00,1.60
2018.04.09 09:08:57.416,10.28773,10.28933,1.00,1.60
2018.04.09 09:08:57.543,10.28782,10.28933,1.00,1.60
2018.04.09 09:08:57.595,10.28782,10.28933,1.00,1.60
2018.04.09 09:08:57.646,10.28782,10.28933,1.00,1.60
2018.04.09 09:08:58.087,10.28782,10.28933,1.00,1.60
2018.04.09 09:08:58.593,10.28782,10.28933,1.00,1.35
2018.04.09 09:08:59.085,10.28782,10.28933,1.00,1.60
2018.04.09 09:09:00.639,10.28782,10.28933,1.00,1.60
2018.04.09 09:09:04.936,10.28782,10.28933,1.00,1.35
2018.04.09 09:09:06.505,10.28782,10.28933,1.00,1.60
2018.04.09 09:09:09.614,10.28778,10.28933,1.00,1.60
2018.04.09 09:09:09.952,10.28778,10.28933,1.00,1.60
2018.04.09 09:09:10.002,10.28778,10.28926,1.00,1.00
2018.04.09 09:09:14.647,10.28778,10.28935,1.00,1.00
2018.04.09 09:09:15.207,10.28778,10.28927,1.00,1.00
2018.04.09 09:09:18.345,10.28778,10.28935,1.00,1.00
2018.04.09 09:09:25.657,10.28801,10.28954,1.00,1.60
2018.04.09 09:09:26.163,10.28801,10.28953,1.00,1.60
2018.04.09 09:09:26.874,10.28801,10.28953,1.00,1.60
2018.04.09 09:09:27.568,10.28801,10.28953,1.00,1.60
2018.04.09 09:09:27.620,10.28801,10.28953,1.00,1.60
2018.04.09 09:09:28.025,10.28801,10.28953,1.00,1.60
2018.04.09 09:09:28.165,10.28801,10.28953,1.00,1.60
2018.04.09 09:09:28.752,10.28801,10.28953,1.00,1.60
2018.04.09 09:09:29.530,10.28801,10.28953,1.00,1.60
2018.04.09 09:09:30.073,10.28801,10.28953,1.00,1.60
2018.04.09 09:09:30.315,10.28801,10.28953,1.00,1.60
2018.04.09 09:09:30.835,10.28801,10.28958,1.00,1.60
2018.04.09 09:09:30.886,10.28801,10.28958,1.00,1.60
2018.04.09 09:09:30.988,10.28801,10.28958,1.00,1.60
2018.04.09 09:09:31.861,10.28801,10.28958,1.00,1.60
2018.04.09 09:09:32.185,10.28813,10.28946,1.00,1.00
2018.04.09 09:09:32.678,10.28827,10.28946,1.00,1.00
2018.04.09 09:09:33.426,10.28804,10.28946,1.00,1.00
2018.04.09 09:09:34.195,10.28804,10.28946,1.00,1.60
2018.04.09 09:09:34.745,10.28804,10.28946,1.00,1.60
2018.04.09 09:09:35.125,10.28804,10.28946,1.00,1.00
2018.04.09 09:09:36.630,10.28804,10.28946,1.00,1.60
2018.04.09 09:09:36.898,10.28804,10.28946,1.00,1.60
2018.04.09 09:09:36.950,10.28804,10.28946,1.00,1.00
2018.04.09 09:09:38.464,10.28804,10.28946,1.00,1.60
2018.04.09 09:09:38.731,10.28804,10.28946,1.00,1.60
2018.04.09 09:09:39.380,10.28804,10.28946,1.00,1.60
2018.04.09 09:09:40.461,10.28804,10.28945,1.00,1.35
2018.04.09 09:09:41.364,10.28804,10.28946,1.00,1.00
2018.04.09 09:09:41.416,10.28813,10.28956,1.00,1.00
2018.04.09 09:09:41.469,10.28813,10.28966,1.00,1.00
2018.04.09 09:09:41.765,10.28827,10.28966,1.00,1.00
2018.04.09 09:09:42.186,10.28805,10.28956,1.00,1.60
2018.04.09 09:09:42.237,10.28805,10.28956,1.00,1.60
2018.04.09 09:09:43.340,10.28805,10.28945,1.00,1.60
2018.04.09 09:09:44.638,10.28805,10.28954,1.00,1.60
2018.04.09 09:09:45.321,10.28805,10.28954,1.00,1.60
2018.04.09 09:09:45.871,10.28805,10.28954,1.00,1.60
2018.04.09 09:09:46.642,10.28805,10.28954,1.00,1.60
2018.04.09 09:09:47.407,10.28805,10.28954,1.00,1.60
2018.04.09 09:09:47.923,10.28805,10.28954,1.00,1.60
2018.04.09 09:09:47.975,10.28805,10.28938,1.00,1.00
2018.04.09 09:09:48.026,10.28805,10.28948,1.00,1.00
2018.04.09 09:09:48.129,10.28813,10.28948,1.00,1.00
2018.04.09 09:09:48.231,10.28813,10.2896,1.00,1.00
2018.04.09 09:09:48.728,10.2881,10.2896,1.00,1.00
2018.04.09 09:09:49.749,10.28802,10.2896,1.00,1.35
2018.04.09 09:09:50.224,10.28802,10.2896,1.00,1.60
2018.04.09 09:09:50.936,10.28802,10.2896,1.00,1.60
2018.04.09 09:09:51.687,10.28802,10.2896,1.00,1.60
2018.04.09 09:09:52.001,10.28802,10.28949,1.00,1.00
2018.04.09 09:09:52.743,10.28793,10.28949,1.00,1.00
2018.04.09 09:09:52.949,10.28805,10.28949,1.00,1.00
2018.04.09 09:09:53.553,10.28805,10.28949,1.00,1.60
2018.04.09 09:09:54.100,10.28805,10.28949,1.00,1.00
2018.04.09 09:09:54.529,10.28827,10.28949,1.00,1.00
2018.04.09 09:09:55.077,10.28827,10.28954,1.00,1.00
2018.04.09 09:09:55.129,10.28827,10.2896,1.00,1.00
2018.04.09 09:09:55.816,10.28827,10.28962,1.00,1.00
2018.04.09 09:10:10.071,10.28827,10.28963,1.00,1.00
2018.04.09 09:10:10.847,10.28827,10.28954,1.00,1.00
2018.04.09 09:10:16.011,10.28832,10.28954,1.00,1.00
2018.04.09 09:10:16.062,10.28832,10.28975,1.00,1.00
2018.04.09 09:10:16.215,10.28842,10.28975,1.00,1.00
2018.04.09 09:10:16.712,10.28857,10.28975,1.00,1.00
2018.04.09 09:10:17.081,10.28835,10.28969,1.00,1.00
2018.04.09 09:10:17.348,10.28835,10.28976,1.00,1.00
2018.04.09 09:10:17.552,10.28857,10.2898,1.00,1.00
2018.04.09 09:10:17.603,10.28856,10.29005,1.00,1.00
2018.04.09 09:10:17.655,10.28867,10.29015,1.00,1.37
2018.04.09 09:10:17.706,10.28872,10.29029,1.00,1.00
2018.04.09 09:10:17.807,10.28872,10.29019,1.00,1.00
2018.04.09 09:10:18.112,10.28862,10.28998,1.00,1.00
2018.04.09 09:10:18.431,10.2887,10.28998,1.00,1.00
2018.04.09 09:10:18.482,10.28862,10.28998,1.00,1.00
2018.04.09 09:10:18.534,10.28862,10.28998,1.00,1.60
2018.04.09 09:10:18.862,10.28862,10.28983,1.00,1.00
2018.04.09 09:10:19.737,10.28862,10.28989,1.00,1.00
2018.04.09 09:10:19.840,10.28868,10.28989,1.00,1.00
2018.04.09 09:10:19.891,10.28868,10.29007,1.00,1.00
2018.04.09 09:10:20.057,10.28868,10.29002,1.00,1.00
2018.04.09 09:10:20.366,10.28882,10.29002,1.00,1.00
2018.04.09 09:10:23.485,10.28882,10.29007,1.00,1.00
2018.04.09 09:10:23.538,10.28882,10.29002,1.00,1.00
2018.04.09 09:10:25.147,10.28882,10.28996,1.00,1.00
2018.04.09 09:10:25.672,10.28846,10.28996,1.00,1.60
2018.04.09 09:10:25.723,10.28846,10.28996,1.00,1.60
2018.04.09 09:10:25.826,10.28796,10.28953,1.37,1.60
2018.04.09 09:10:25.878,10.28776,10.28932,1.00,1.00
2018.04.09 09:10:25.929,10.28776,10.28927,1.00,1.00
2018.04.09 09:10:26.284,10.28776,10.28919,1.00,1.00
2018.04.09 09:10:26.439,10.28776,10.28929,1.00,1.00
2018.04.09 09:10:26.490,10.28783,10.28929,1.00,1.00
2018.04.09 09:10:26.592,10.28832,10.28979,1.00,1.00
2018.04.09 09:10:26.643,10.28855,10.28979,1.00,1.00
2018.04.09 09:10:27.128,10.28862,10.28979,1.00,1.00
2018.04.09 09:10:27.486,10.28862,10.29,1.00,1.00
2018.04.09 09:10:27.873,10.28881,10.29,1.00,1.00
2018.04.09 09:10:30.284,10.28889,10.29,1.00,1.00
2018.04.09 09:10:30.418,10.28889,10.29009,1.00,1.00
2018.04.09 09:10:30.469,10.28882,10.29009,1.00,1.00
2018.04.09 09:10:30.521,10.28894,10.28999,1.00,1.00
2018.04.09 09:10:30.624,10.28914,10.29037,1.00,1.00
2018.04.09 09:10:30.932,10.28913,10.29048,1.00,1.00
2018.04.09 09:10:30.984,10.28913,10.29034,1.00,1.00
2018.04.09 09:10:31.291,10.28917,10.29034,1.00,1.00
2018.04.09 09:10:31.912,10.28933,10.29034,1.00,1.00
2018.04.09 09:10:32.255,10.28933,10.29016,1.00,1.00
2018.04.09 09:10:32.306,10.2891,10.29016,1.00,1.00
2018.04.09 09:10:32.900,10.2891,10.29027,1.00,1.00
2018.04.09 09:10:40.162,10.2891,10.2903,1.00,1.00
2018.04.09 09:10:40.915,10.2891,10.29032,1.00,1.00
2018.04.09 09:10:46.579,10.2891,10.29031,1.00,1.00
2018.04.09 09:10:46.893,10.2891,10.2904,1.00,1.00
2018.04.09 09:10:47.288,10.28917,10.29052,1.00,1.00
2018.04.09 09:10:47.769,10.28933,10.29052,1.00,1.00
2018.04.09 09:10:49.164,10.28933,10.2904,1.00,1.00
2018.04.09 09:10:50.472,10.28933,10.29051,1.00,1.00
2018.04.09 09:10:55.162,10.28933,10.29054,1.00,1.00
2018.04.09 09:10:56.210,10.28933,10.29052,1.00,1.00
2018.04.09 09:10:56.406,10.28933,10.29055,1.00,1.00
2018.04.09 09:10:59.599,10.28933,10.29058,1.00,1.00
2018.04.09 09:11:00.419,10.28933,10.29059,1.00,1.00
2018.04.09 09:11:03.458,10.28889,10.29057,1.00,1.00
2018.04.09 09:11:04.267,10.28867,10.29038,1.00,1.00
2018.04.09 09:11:04.542,10.28875,10.29034,1.00,1.00
2018.04.09 09:11:04.855,10.28943,10.29102,1.00,1.00
2018.04.09 09:11:04.907,10.28943,10.29113,1.00,1.00
2018.04.09 09:11:06.252,10.28943,10.29104,1.00,1.00
2018.04.09 09:11:09.614,10.28938,10.29104,1.00,1.00
2018.04.09 09:11:11.008,10.28947,10.29104,1.00,1.00
2018.04.09 09:11:29.614,10.28948,10.29104,1.00,1.00
2018.04.09 09:11:38.340,10.28964,10.29104,1.00,1.00
2018.04.09 09:11:47.733,10.28987,10.29115,1.00,1.00
2018.04.09 09:11:48.988,10.28987,10.29128,1.00,1.00
2018.04.09 09:11:49.039,10.28998,10.29129,1.00,1.00
2018.04.09 09:11:49.091,10.29009,10.29142,1.00,1.00
2018.04.09 09:11:49.670,10.29017,10.29142,1.00,1.00
2018.04.09 09:11:51.273,10.29017,10.29133,1.00,1.00
2018.04.09 09:11:55.281,10.29017,10.29134,1.00,1.00
2018.04.09 09:12:02.843,10.29026,10.29153,1.00,1.00
2018.04.09 09:12:03.350,10.29041,10.29153,1.00,1.00
2018.04.09 09:12:04.271,10.29041,10.29166,1.00,1.00
2018.04.09 09:12:09.336,10.29041,10.29177,1.00,1.00
2018.04.09 09:12:10.351,10.29041,10.29174,1.00,1.00
2018.04.09 09:12:25.342,10.29041,10.29181,1.00,1.00
2018.04.09 09:12:26.727,10.29048,10.29181,1.00,1.00
2018.04.09 09:12:27.052,10.2906,10.29181,1.00,1.00
2018.04.09 09:12:30.211,10.29069,10.29193,1.00,1.00
2018.04.09 09:12:30.263,10.29081,10.29244,1.60,1.87
2018.04.09 09:12:30.315,10.291,10.29244,1.60,1.00
2018.04.09 09:12:30.366,10.29132,10.29244,1.00,1.00
2018.04.09 09:12:30.418,10.29168,10.29325,1.00,1.00
2018.04.09 09:12:30.470,10.29155,10.29325,1.00,1.00
2018.04.09 09:12:30.521,10.29182,10.29373,1.00,1.00
2018.04.09 09:12:30.573,10.29202,10.29374,1.00,1.00
2018.04.09 09:12:30.676,10.29221,10.29405,1.00,1.00
2018.04.09 09:12:30.728,10.2923,10.29405,1.00,1.00
2018.04.09 09:12:30.881,10.29239,10.29431,1.00,1.00
2018.04.09 09:12:30.933,10.2926,10.29454,1.00,1.35
2018.04.09 09:12:31.975,10.29249,10.29442,1.00,1.60
2018.04.09 09:12:32.379,10.29249,10.29442,1.00,1.60
2018.04.09 09:12:33.733,10.29249,10.29442,1.00,1.60
2018.04.09 09:12:35.033,10.29249,10.29418,1.00,1.00
2018.04.09 09:12:40.372,10.29249,10.29421,1.00,1.00
2018.04.09 09:12:41.937,10.29224,10.294,1.00,1.60
2018.04.09 09:12:41.988,10.29197,10.29364,1.00,1.60
2018.04.09 09:12:42.294,10.29172,10.29338,1.00,1.00
2018.04.09 09:12:42.599,10.29172,10.29338,1.00,1.60
2018.04.09 09:12:43.206,10.29172,10.29338,1.00,1.00
2018.04.09 09:12:44.167,10.29181,10.29338,1.00,1.00
2018.04.09 09:12:55.451,10.29181,10.29329,1.00,1.00
2018.04.09 09:13:00.756,10.29181,10.29331,1.00,1.00
2018.04.09 09:13:00.908,10.29181,10.29329,1.00,1.00
2018.04.09 09:13:01.646,10.29181,10.2933,1.00,1.00
2018.04.09 09:13:02.414,10.29181,10.29334,1.00,1.00
2018.04.09 09:13:05.355,10.29147,10.29334,1.00,1.00
2018.04.09 09:13:05.633,10.29161,10.29334,1.00,1.00
2018.04.09 09:13:10.482,10.29161,10.29328,1.00,1.00
2018.04.09 09:13:11.640,10.29169,10.29328,1.00,1.00
2018.04.09 09:13:12.000,10.29183,10.29328,1.00,1.00
2018.04.09 09:13:25.461,10.29183,10.29329,1.00,1.00
2018.04.09 09:13:26.236,10.29183,10.29324,1.00,1.00
2018.04.09 09:13:26.541,10.29183,10.29322,1.00,1.00
2018.04.09 09:13:34.259,10.29183,10.29326,1.00,1.00
2018.04.09 09:13:36.167,10.29183,10.29338,1.00,1.00
2018.04.09 09:13:36.828,10.29183,10.29326,1.00,1.00
2018.04.09 09:13:40.492,10.29183,10.29322,1.00,1.00
2018.04.09 09:13:41.267,10.29183,10.29325,1.00,1.00
2018.04.09 09:13:53.221,10.29183,10.29334,1.00,1.00
2018.04.09 09:13:55.554,10.29183,10.29329,1.00,1.00
2018.04.09 09:14:00.018,10.29186,10.29329,1.00,1.00
2018.04.09 09:14:03.242,10.2915,10.29316,1.00,1.00
2018.04.09 09:14:03.610,10.29162,10.29316,1.00,1.00
2018.04.09 09:14:07.997,10.29178,10.29316,1.00,1.00
2018.04.09 09:14:08.470,10.29191,10.29316,1.00,1.00
2018.04.09 09:14:10.579,10.29191,10.29322,1.00,1.00
2018.04.09 09:14:25.582,10.29191,10.2932,1.00,1.00
2018.04.09 09:14:40.611,10.29191,10.29323,1.00,1.00
2018.04.09 09:14:45.585,10.29191,10.29323,1.00,1.60
2018.04.09 09:14:45.637,10.29136,10.2932,1.00,2.10
2018.04.09 09:14:45.690,10.29121,10.2931,1.00,1.97
2018.04.09 09:14:45.741,10.29121,10.2931,1.00,1.97
2018.04.09 09:14:45.900,10.29121,10.2931,1.00,1.97
2018.04.09 09:14:45.952,10.29103,10.29308,1.00,2.10
2018.04.09 09:14:46.612,10.29103,10.29307,1.00,2.10
2018.04.09 09:14:46.701,10.29103,10.2931,1.00,3.22
2018.04.09 09:14:47.234,10.29103,10.29309,1.00,2.10
2018.04.09 09:14:47.341,10.29107,10.29309,1.00,2.10
2018.04.09 09:14:47.666,10.29121,10.29309,1.00,2.10
2018.04.09 09:14:47.717,10.29121,10.2931,1.00,1.60
2018.04.09 09:14:48.742,10.29121,10.2931,1.00,1.60
2018.04.09 09:14:48.793,10.29121,10.2931,1.00,2.85
2018.04.09 09:14:52.830,10.2909,10.29279,1.00,1.60
2018.04.09 09:14:52.881,10.29077,10.29257,1.00,1.60
2018.04.09 09:14:53.186,10.29077,10.29239,1.00,1.60
2018.04.09 09:14:53.338,10.29077,10.29239,1.00,1.60
2018.04.09 09:14:53.603,10.29091,10.29239,1.00,1.60
2018.04.09 09:14:54.167,10.29091,10.29239,1.00,1.60
2018.04.09 09:14:54.218,10.29091,10.29239,1.00,1.60
2018.04.09 09:14:54.270,10.29091,10.29228,1.00,1.00
2018.04.09 09:14:55.666,10.29091,10.29227,1.00,1.00
2018.04.09 09:15:10.721,10.29091,10.29225,1.00,1.00
2018.04.09 09:15:11.446,10.29091,10.29226,1.00,1.00
2018.04.09 09:15:20.260,10.29091,10.29261,1.00,1.60
2018.04.09 09:15:20.312,10.29091,10.29264,1.00,1.60
2018.04.09 09:15:20.561,10.29091,10.29248,1.00,1.00
2018.04.09 09:15:25.350,10.29104,10.29248,1.00,1.00
2018.04.09 09:15:25.666,10.29108,10.29248,1.00,1.00
2018.04.09 09:15:25.717,10.29108,10.29259,1.00,1.00
2018.04.09 09:15:25.941,10.29124,10.29259,1.00,1.00
2018.04.09 09:15:26.476,10.29124,10.29258,1.00,1.00
2018.04.09 09:15:34.440,10.29124,10.29249,1.00,1.00
2018.04.09 09:15:40.748,10.29124,10.29252,1.00,1.00
2018.04.09 09:15:46.734,10.29124,10.29264,1.00,1.00
2018.04.09 09:15:56.813,10.29133,10.29275,1.00,1.00
2018.04.09 09:15:57.255,10.29147,10.29275,1.00,1.00
2018.04.09 09:16:07.473,10.29147,10.29284,1.00,1.00
2018.04.09 09:16:09.664,10.29147,10.29287,1.00,1.00
2018.04.09 09:16:10.822,10.29147,10.29286,1.00,1.00
2018.04.09 09:16:19.813,10.29147,10.29273,1.00,1.00
2018.04.09 09:16:22.583,10.29174,10.29308,1.00,1.00
2018.04.09 09:16:22.635,10.29174,10.29334,1.00,1.00
2018.04.09 09:16:22.890,10.29187,10.29334,1.00,1.00
2018.04.09 09:16:25.829,10.29187,10.29333,1.00,1.00
2018.04.09 09:16:29.276,10.29197,10.29333,1.00,1.00
2018.04.09 09:16:29.607,10.2921,10.29343,1.00,1.00
2018.04.09 09:16:35.120,10.2921,10.29343,1.00,1.60
2018.04.09 09:16:36.354,10.2921,10.29343,1.00,1.60
2018.04.09 09:16:38.033,10.2921,10.29343,1.00,1.60
2018.04.09 09:16:38.703,10.2921,10.29343,1.00,1.60
2018.04.09 09:16:42.110,10.2922,10.29349,1.00,1.00
2018.04.09 09:16:42.164,10.29223,10.29359,1.00,1.00
2018.04.09 09:16:42.216,10.29223,10.29369,1.00,1.00
2018.04.09 09:16:42.493,10.29223,10.29358,1.00,1.00
2018.04.09 09:16:42.835,10.2924,10.29358,1.00,1.00
2018.04.09 09:16:53.904,10.29249,10.29372,1.00,1.00
2018.04.09 09:16:54.196,10.29262,10.29372,1.00,1.00
2018.04.09 09:16:55.933,10.29262,10.29377,1.00,1.00
2018.04.09 09:16:57.478,10.2927,10.29393,1.00,1.35
2018.04.09 09:16:57.841,10.29262,10.29382,1.00,1.00
2018.04.09 09:17:04.054,10.29272,10.29393,1.00,1.00
2018.04.09 09:17:04.437,10.29285,10.29393,1.00,1.00
2018.04.09 09:17:10.961,10.29285,10.29401,1.00,1.19
2018.04.09 09:17:19.342,10.29285,10.29412,1.00,1.19
2018.04.09 09:17:19.861,10.29285,10.29412,1.00,1.19
2018.04.09 09:17:24.985,10.29285,10.29413,1.00,1.19
2018.04.09 09:17:26.999,10.29285,10.29406,1.00,1.69
2018.04.09 09:17:41.886,10.29285,10.29406,1.00,1.19
2018.04.09 09:17:48.066,10.29285,10.29408,1.00,1.19
2018.04.09 09:17:48.624,10.29285,10.29408,1.00,1.19
2018.04.09 09:17:59.935,10.29285,10.2939,1.00,2.10
2018.04.09 09:17:59.987,10.29208,10.2939,1.00,1.35
2018.04.09 09:18:00.039,10.29196,10.2935,1.00,1.00
2018.04.09 09:18:00.090,10.29152,10.29314,1.00,1.00
2018.04.09 09:18:00.142,10.29146,10.29303,1.00,1.00
2018.04.09 09:18:00.295,10.29115,10.29303,1.37,1.00
2018.04.09 09:18:00.398,10.29124,10.29303,1.00,1.00
2018.04.09 09:18:01.304,10.29116,10.29303,1.37,1.00
2018.04.09 09:18:01.456,10.29124,10.29303,1.00,1.00
2018.04.09 09:18:01.784,10.29126,10.29315,1.00,1.00
2018.04.09 09:18:02.068,10.29131,10.29315,1.00,1.00
2018.04.09 09:18:02.786,10.29151,10.29315,1.00,1.00
2018.04.09 09:18:02.837,10.29135,10.29315,1.00,1.00
2018.04.09 09:18:02.991,10.29149,10.29315,1.00,1.00
2018.04.09 09:18:06.274,10.29149,10.29305,1.00,1.00
2018.04.09 09:18:11.081,10.29149,10.2931,1.00,1.00
2018.04.09 09:18:11.850,10.29115,10.29303,1.00,1.00
2018.04.09 09:18:11.901,10.29105,10.2928,1.37,1.00
2018.04.09 09:18:12.005,10.29093,10.29269,1.00,1.00
2018.04.09 09:18:12.057,10.29093,10.29256,1.00,1.00
2018.04.09 09:18:12.160,10.29068,10.29256,1.37,1.00
2018.04.09 09:18:12.915,10.29097,10.29256,1.00,1.00
2018.04.09 09:18:17.507,10.29097,10.29267,1.00,1.00
2018.04.09 09:18:18.710,10.29078,10.29267,1.00,1.00
2018.04.09 09:18:26.061,10.29074,10.29258,1.00,1.00
2018.04.09 09:18:34.586,10.29081,10.29258,1.00,1.00
2018.04.09 09:18:34.637,10.29081,10.29286,1.00,1.00
2018.04.09 09:18:34.689,10.29081,10.29262,1.00,1.00
2018.04.09 09:18:35.203,10.29102,10.29262,1.00,1.00
2018.04.09 09:18:37.660,10.29102,10.29277,1.00,1.00
2018.04.09 09:18:38.313,10.29102,10.29285,1.00,1.00
2018.04.09 09:18:38.769,10.29102,10.29277,1.00,1.00
2018.04.09 09:18:39.887,10.29102,10.29285,1.00,1.00
2018.04.09 09:18:42.689,10.29112,10.293,1.00,1.50
2018.04.09 09:18:43.176,10.29131,10.293,1.00,1.00
2018.04.09 09:18:45.766,10.29131,10.29298,1.00,1.00
2018.04.09 09:18:48.108,10.29131,10.293,1.00,1.00
2018.04.09 09:18:49.614,10.29131,10.29298,1.00,1.00
2018.04.09 09:18:49.915,10.29131,10.293,1.00,1.00
2018.04.09 09:18:51.469,10.29131,10.29298,1.00,1.00
2018.04.09 09:18:56.172,10.29131,10.29293,1.00,1.00
2018.04.09 09:18:56.947,10.29131,10.29292,1.00,1.00
2018.04.09 09:19:00.071,10.29149,10.29292,1.00,1.00
2018.04.09 09:19:11.201,10.29149,10.29295,1.00,1.00
2018.04.09 09:19:11.926,10.29149,10.29297,1.00,1.00
2018.04.09 09:19:12.966,10.29149,10.29302,1.00,1.00
2018.04.09 09:19:14.444,10.29149,10.29297,1.00,1.00
2018.04.09 09:19:15.999,10.29149,10.29302,1.00,1.00
2018.04.09 09:19:19.886,10.29155,10.29314,1.50,1.12
2018.04.09 09:19:19.937,10.29155,10.29344,1.50,1.00
2018.04.09 09:19:19.988,10.29163,10.29344,1.50,1.00
2018.04.09 09:19:20.091,10.29158,10.29344,1.00,1.00
2018.04.09 09:19:20.142,10.29171,10.29339,1.00,1.00
2018.04.09 09:19:20.478,10.29169,10.29344,1.00,1.00
2018.04.09 09:19:21.490,10.29183,10.29344,1.00,1.00
2018.04.09 09:19:21.839,10.29196,10.29344,1.00,1.00
2018.04.09 09:19:24.136,10.29196,10.29355,1.00,1.00
2018.04.09 09:19:26.229,10.29196,10.29354,1.00,1.00
2018.04.09 09:19:27.007,10.29196,10.29355,1.00,1.00
2018.04.09 09:19:41.239,10.29196,10.2935,1.00,1.00
2018.04.09 09:19:48.928,10.29211,10.29378,1.00,1.00
2018.04.09 09:19:49.027,10.29247,10.29391,1.75,1.00
2018.04.09 09:19:49.078,10.29296,10.29485,1.37,1.00
2018.04.09 09:19:49.132,10.29315,10.29509,1.00,1.00
2018.04.09 09:19:49.183,10.29339,10.29534,1.00,1.50
2018.04.09 09:19:49.236,10.29359,10.29534,1.00,1.50
2018.04.09 09:19:49.288,10.29359,10.29561,1.00,1.00
2018.04.09 09:19:49.340,10.29359,10.29566,1.00,1.00
2018.04.09 09:19:49.443,10.29372,10.29573,1.00,1.00
2018.04.09 09:19:49.494,10.29385,10.29592,1.00,1.00
2018.04.09 09:19:49.546,10.29405,10.29612,1.00,1.50
2018.04.09 09:19:49.868,10.29423,10.29612,1.00,1.00
2018.04.09 09:19:49.919,10.29411,10.29612,1.00,1.00
2018.04.09 09:19:50.124,10.29402,10.29609,1.00,1.00
2018.04.09 09:19:50.176,10.29394,10.2959,1.01,1.00
2018.04.09 09:19:50.483,10.29377,10.29579,1.50,1.00
2018.04.09 09:19:50.823,10.29377,10.29579,1.00,1.00
2018.04.09 09:19:51.138,10.29371,10.29578,1.00,1.00
2018.04.09 09:19:52.335,10.29371,10.29578,1.00,1.37
2018.04.09 09:19:52.386,10.29344,10.29551,1.00,1.00
2018.04.09 09:19:53.442,10.29351,10.29542,1.00,1.00
2018.04.09 09:19:55.795,10.29364,10.29542,1.00,1.00
2018.04.09 09:19:56.241,10.29364,10.2954,1.00,1.00
2018.04.09 09:20:00.149,10.29332,10.29514,1.00,1.00
2018.04.09 09:20:00.200,10.29329,10.29514,1.00,1.00
2018.04.09 09:20:00.999,10.29329,10.29497,1.00,1.00
2018.04.09 09:20:01.645,10.29329,10.29509,1.00,1.00
2018.04.09 09:20:03.038,10.29319,10.29509,1.00,1.00
2018.04.09 09:20:03.293,10.29319,10.29493,1.00,1.00
2018.04.09 09:20:09.261,10.29326,10.29504,1.00,1.00
2018.04.09 09:20:09.313,10.29326,10.29508,1.00,1.00
2018.04.09 09:20:09.365,10.29335,10.29508,1.00,1.00
2018.04.09 09:20:09.523,10.29335,10.29523,1.00,1.37
2018.04.09 09:20:09.575,10.29341,10.29523,1.00,1.37
2018.04.09 09:20:10.362,10.29341,10.29523,1.00,1.00
2018.04.09 09:20:11.271,10.29341,10.29514,1.00,1.00
2018.04.09 09:20:11.816,10.29341,10.29511,1.00,1.00
2018.04.09 09:20:13.325,10.29323,10.29511,1.00,1.00
2018.04.09 09:20:16.948,10.29333,10.29522,1.00,1.00
2018.04.09 09:20:16.999,10.29335,10.29524,1.00,1.00
2018.04.09 09:20:17.308,10.29344,10.29524,1.00,1.00
2018.04.09 09:20:21.262,10.29335,10.29524,1.00,1.00
2018.04.09 09:20:24.272,10.29322,10.29507,1.00,1.00
2018.04.09 09:20:26.323,10.29322,10.29503,1.00,1.00
2018.04.09 09:20:27.076,10.29322,10.29506,1.00,1.00
2018.04.09 09:20:29.666,10.29327,10.29506,1.00,1.00
2018.04.09 09:20:30.252,10.29321,10.29506,1.00,1.00
2018.04.09 09:20:31.007,10.29326,10.29515,1.00,1.00
2018.04.09 09:20:33.188,10.29321,10.29503,1.00,1.00
2018.04.09 09:20:33.852,10.29327,10.29503,1.00,1.00
2018.04.09 09:20:36.801,10.29321,10.29503,1.00,1.00
2018.04.09 09:20:41.380,10.29321,10.29504,1.00,1.00
2018.04.09 09:20:47.098,10.29331,10.29504,1.00,1.00
2018.04.09 09:20:47.199,10.2934,10.2952,1.00,1.00
2018.04.09 09:20:47.443,10.29331,10.2952,1.00,1.00
2018.04.09 09:20:48.669,10.29325,10.2952,1.00,1.00
2018.04.09 09:20:49.442,10.29333,10.2952,1.00,1.00
2018.04.09 09:20:49.866,10.29335,10.2952,1.00,1.00
2018.04.09 09:20:51.080,10.29329,10.2952,1.00,1.00
2018.04.09 09:20:54.976,10.29326,10.2952,1.00,1.00
2018.04.09 09:20:55.425,10.29326,10.29503,1.00,1.00
2018.04.09 09:20:58.593,10.29334,10.29518,1.00,1.00
2018.04.09 09:20:58.644,10.29341,10.29518,1.00,1.00
2018.04.09 09:20:58.811,10.29329,10.29518,1.00,1.00
2018.04.09 09:20:59.099,10.29339,10.29518,1.00,1.00
2018.04.09 09:21:02.191,10.29337,10.29518,1.00,1.00
2018.04.09 09:21:02.242,10.29343,10.29518,1.00,1.00
2018.04.09 09:21:03.594,10.29343,10.29539,1.00,1.00
2018.04.09 09:21:03.749,10.29351,10.29539,1.00,1.00
2018.04.09 09:21:03.800,10.29337,10.29539,1.00,1.00
2018.04.09 09:21:04.211,10.29344,10.29539,1.00,1.00
2018.04.09 09:21:04.529,10.29337,10.29539,1.00,1.37
2018.04.09 09:21:04.864,10.29345,10.29539,1.00,1.37
2018.04.09 09:21:05.173,10.29337,10.29539,1.50,1.37
2018.04.09 09:21:06.353,10.29344,10.29539,1.00,1.00
2018.04.09 09:21:06.405,10.29354,10.29539,1.00,1.00
2018.04.09 09:21:06.791,10.29345,10.29539,1.00,1.00
2018.04.09 09:21:11.658,10.29345,10.29539,1.60,1.00
2018.04.09 09:21:12.025,10.2939,10.29574,1.00,1.00
2018.04.09 09:21:14.910,10.29407,10.29595,1.00,1.37
2018.04.09 09:21:14.962,10.29401,10.29584,1.00,1.37
2018.04.09 09:21:15.115,10.29396,10.29584,1.00,1.37
2018.04.09 09:21:15.559,10.29396,10.29584,1.00,1.00
2018.04.09 09:21:16.725,10.29396,10.29584,1.00,1.37
2018.04.09 09:21:16.776,10.29378,10.29567,1.00,1.00
2018.04.09 09:21:16.827,10.29373,10.29567,1.00,1.00
2018.04.09 09:21:17.006,10.29378,10.29567,1.00,1.00
2018.04.09 09:21:18.756,10.29373,10.29571,1.00,1.00
2018.04.09 09:21:18.807,10.29373,10.29571,1.00,1.37
2018.04.09 09:21:18.966,10.29364,10.29571,1.00,1.87
2018.04.09 09:21:19.962,10.29375,10.29563,1.00,1.00
2018.04.09 09:21:20.308,10.29413,10.29602,1.60,1.00
2018.04.09 09:21:20.546,10.29413,10.29602,1.00,1.00
2018.04.09 09:21:21.342,10.29414,10.29602,1.00,1.00
2018.04.09 09:21:21.595,10.29414,10.29587,1.00,1.00
2018.04.09 09:21:21.697,10.29398,10.29587,1.00,1.00
2018.04.09 09:21:24.703,10.29399,10.29587,1.00,1.00
2018.04.09 09:21:25.249,10.29398,10.29587,1.00,1.00
2018.04.09 09:21:25.586,10.29402,10.29587,1.00,1.00
2018.04.09 09:21:25.637,10.2941,10.29599,1.00,1.12
2018.04.09 09:21:25.912,10.29409,10.29588,1.00,1.37
2018.04.09 09:21:25.964,10.29366,10.29575,1.50,1.60
2018.04.09 09:21:26.016,10.29366,10.29555,1.00,1.00
2018.04.09 09:21:26.323,10.2937,10.29555,1.00,1.00
2018.04.09 09:21:27.246,10.2937,10.29567,1.00,1.00
2018.04.09 09:21:28.562,10.29363,10.29527,1.00,1.00
2018.04.09 09:21:28.614,10.29352,10.29528,1.00,1.00
2018.04.09 09:21:28.665,10.2935,10.29528,1.00,1.00
2018.04.09 09:21:29.246,10.2935,10.29527,1.00,1.00
2018.04.09 09:21:29.298,10.29381,10.29534,1.00,1.00
2018.04.09 09:21:29.349,10.29381,10.29545,1.00,1.00
2018.04.09 09:21:29.912,10.29381,10.29549,1.00,1.50
2018.04.09 09:21:54.794,10.2939,10.29563,1.00,1.00
2018.04.09 09:21:55.182,10.29409,10.29563,1.00,1.00
2018.04.09 09:21:56.501,10.29409,10.29565,1.00,1.00
2018.04.09 09:21:57.275,10.29409,10.29566,1.00,1.00
2018.04.09 09:21:58.591,10.29377,10.29566,1.00,1.00
2018.04.09 09:21:58.818,10.29386,10.29554,1.00,1.00
2018.04.09 09:21:59.961,10.29409,10.29566,1.00,1.00
2018.04.09 09:22:00.013,10.29402,10.29566,1.00,1.00
2018.04.09 09:22:00.065,10.2944,10.29586,1.00,1.00
2018.04.09 09:22:00.117,10.2942,10.2961,1.60,1.00
2018.04.09 09:22:00.169,10.29449,10.29638,1.00,1.37
2018.04.09 09:22:00.222,10.29485,10.29654,1.00,1.00
2018.04.09 09:22:00.376,10.29489,10.29665,1.00,1.00
2018.04.09 09:22:00.428,10.29511,10.29683,1.00,1.00
2018.04.09 09:22:00.480,10.29509,10.29685,1.00,1.00
2018.04.09 09:22:01.753,10.29497,10.29673,1.50,1.00
2018.04.09 09:22:02.246,10.29508,10.29673,1.00,1.00
2018.04.09 09:22:03.173,10.29534,10.29673,1.00,1.00
2018.04.09 09:22:04.428,10.29492,10.29663,1.00,1.00
2018.04.09 09:22:04.868,10.29492,10.29644,1.00,1.00
2018.04.09 09:22:04.919,10.29492,10.29656,1.00,1.00
2018.04.09 09:22:05.395,10.29474,10.29642,1.00,1.00
2018.04.09 09:22:06.245,10.2947,10.29642,1.00,1.00
2018.04.09 09:22:11.562,10.29476,10.29652,1.50,1.00
2018.04.09 09:22:11.613,10.29478,10.29654,1.00,1.00
2018.04.09 09:22:12.093,10.29493,10.29654,1.00,1.00
2018.04.09 09:22:12.720,10.29493,10.29655,1.00,1.00
2018.04.09 09:22:17.993,10.29493,10.29662,1.00,1.00
2018.04.09 09:22:19.509,10.29493,10.29665,1.00,1.00
2018.04.09 09:22:26.592,10.29493,10.29664,1.00,1.00
2018.04.09 09:22:27.319,10.29493,10.29666,1.00,1.00
2018.04.09 09:22:35.008,10.29498,10.29676,2.47,1.00
2018.04.09 09:22:35.060,10.29523,10.29701,1.00,1.00
2018.04.09 09:22:35.111,10.29535,10.29701,1.00,1.00
2018.04.09 09:22:35.214,10.29539,10.29715,1.00,1.00
2018.04.09 09:22:36.388,10.29541,10.29715,1.00,1.00
2018.04.09 09:22:36.439,10.29539,10.29715,1.00,1.00
2018.04.09 09:22:37.632,10.29559,10.29715,1.00,1.00
2018.04.09 09:22:38.204,10.2956,10.29736,1.00,1.00
2018.04.09 09:22:38.307,10.29573,10.29748,1.00,1.00
2018.04.09 09:22:38.830,10.29572,10.29748,1.00,1.00
2018.04.09 09:22:39.916,10.29561,10.29739,1.00,1.00
2018.04.09 09:22:40.146,10.29568,10.29739,1.00,1.00
2018.04.09 09:22:40.498,10.29561,10.29739,1.00,1.00
2018.04.09 09:22:41.130,10.29538,10.29714,1.00,1.00
2018.04.09 09:22:41.181,10.29527,10.29705,1.00,1.00
2018.04.09 09:22:41.232,10.29518,10.2969,1.00,1.00
2018.04.09 09:22:41.338,10.29514,10.2969,1.00,1.00
2018.04.09 09:22:41.439,10.29518,10.2969,1.00,1.00
2018.04.09 09:22:42.250,10.29541,10.29705,1.00,1.00
2018.04.09 09:22:42.758,10.29541,10.29716,1.00,1.00
2018.04.09 09:22:44.713,10.29541,10.29699,1.00,1.00
2018.04.09 09:22:47.027,10.29541,10.29686,1.00,1.00
2018.04.09 09:22:47.129,10.29512,10.29686,1.00,1.00
2018.04.09 09:22:47.295,10.29518,10.29686,1.00,1.00
2018.04.09 09:22:50.812,10.29523,10.29699,1.00,1.00
2018.04.09 09:22:52.337,10.29533,10.29709,1.00,1.00
2018.04.09 09:22:52.879,10.29541,10.29709,1.00,1.00
2018.04.09 09:22:56.686,10.29541,10.29715,1.00,1.00
2018.04.09 09:22:56.791,10.29543,10.29719,1.00,1.00
2018.04.09 09:22:57.499,10.29546,10.29722,1.00,1.00
2018.04.09 09:23:01.610,10.29541,10.2972,1.00,1.00
2018.04.09 09:23:06.240,10.29551,10.29727,1.00,1.00
2018.04.09 09:23:06.291,10.29547,10.29726,1.00,1.00
2018.04.09 09:23:06.611,10.29566,10.29726,1.00,1.00
2018.04.09 09:23:07.210,10.29566,10.29727,1.00,1.00
2018.04.09 09:23:07.761,10.29566,10.29728,1.00,1.00
2018.04.09 09:23:09.310,10.29548,10.29728,1.00,1.00
2018.04.09 09:23:09.362,10.29564,10.29728,1.00,1.00
2018.04.09 09:23:09.688,10.29586,10.29733,1.00,1.00
2018.04.09 09:23:11.631,10.29586,10.29726,1.00,1.00
2018.04.09 09:23:23.945,10.29586,10.29736,1.00,1.00
2018.04.09 09:23:39.716,10.29591,10.29747,1.00,1.00
2018.04.09 09:23:39.766,10.29596,10.29747,1.00,1.00
2018.04.09 09:23:39.817,10.29596,10.29749,1.00,1.00
2018.04.09 09:23:39.869,10.29596,10.29772,1.50,1.00
2018.04.09 09:23:40.255,10.29611,10.29762,1.00,1.00
2018.04.09 09:23:41.740,10.29611,10.29754,1.00,1.00
2018.04.09 09:23:42.759,10.29611,10.29765,1.00,1.00
2018.04.09 09:23:56.721,10.29611,10.29768,1.00,1.00
2018.04.09 09:23:57.496,10.29611,10.29766,1.00,1.00
2018.04.09 09:24:06.839,10.29609,10.29766,1.00,1.00
2018.04.09 09:24:06.890,10.29616,10.29792,1.00,1.00
2018.04.09 09:24:06.942,10.29627,10.29803,1.00,1.12
2018.04.09 09:24:07.259,10.29628,10.29796,1.00,1.00
2018.04.09 09:24:07.494,10.29627,10.29803,1.00,1.12
2018.04.09 09:24:08.193,10.29632,10.29803,1.00,1.12
2018.04.09 09:24:08.519,10.29651,10.29803,1.00,1.00
2018.04.09 09:24:09.991,10.29629,10.29797,1.00,1.00
2018.04.09 09:24:10.042,10.29629,10.29793,1.00,1.00
2018.04.09 09:24:11.571,10.29629,10.29783,1.00,1.00
2018.04.09 09:24:12.529,10.29629,10.29777,1.00,1.00
2018.04.09 09:24:13.023,10.29629,10.29773,1.00,1.00
2018.04.09 09:24:13.475,10.29629,10.29797,1.00,1.00
2018.04.09 09:24:13.629,10.29633,10.29805,1.00,1.00
2018.04.09 09:24:13.892,10.29651,10.29805,1.00,1.00
2018.04.09 09:24:16.579,10.29649,10.29805,1.00,1.00
2018.04.09 09:24:16.631,10.29649,10.29811,1.60,1.00
2018.04.09 09:24:16.683,10.29654,10.29827,1.60,1.00
2018.04.09 09:24:16.735,10.29654,10.29827,1.60,1.00
2018.04.09 09:24:16.998,10.29654,10.29827,1.60,1.00
2018.04.09 09:24:17.203,10.29667,10.29827,1.00,1.00
2018.04.09 09:24:17.811,10.29676,10.29834,1.00,1.00
2018.04.09 09:24:17.912,10.29645,10.29817,1.00,1.00
2018.04.09 09:24:17.963,10.29641,10.29817,1.00,1.00
2018.04.09 09:24:18.096,10.29654,10.29817,1.00,1.00
2018.04.09 09:24:21.701,10.29654,10.29812,1.00,1.00
2018.04.09 09:24:21.878,10.29657,10.29825,1.00,1.00
2018.04.09 09:24:22.245,10.29678,10.29825,1.00,1.00
2018.04.09 09:24:22.689,10.29678,10.29836,1.00,1.00
2018.04.09 09:24:25.786,10.29678,10.29826,1.00,1.00
2018.04.09 09:24:26.788,10.29678,10.29823,1.00,1.00
2018.04.09 09:24:32.651,10.29678,10.29834,1.00,1.00
2018.04.09 09:24:41.812,10.29678,10.29835,1.00,1.00
2018.04.09 09:24:45.298,10.29678,10.29845,1.00,1.00
2018.04.09 09:24:48.119,10.29679,10.29844,1.00,1.00
2018.04.09 09:24:48.272,10.29682,10.29857,1.00,1.00
2018.04.09 09:24:48.493,10.29701,10.29857,1.00,1.00
2018.04.09 09:24:50.812,10.29662,10.29839,1.00,1.00
2018.04.09 09:24:50.864,10.29679,10.29823,1.00,1.00
2018.04.09 09:24:56.882,10.29679,10.29826,1.00,1.00
2018.04.09 09:24:57.616,10.29679,10.29828,1.00,1.00
2018.04.09 09:25:06.716,10.29679,10.29815,1.00,1.00
2018.04.09 09:25:06.851,10.29639,10.29815,1.00,1.00
2018.04.09 09:25:07.080,10.29656,10.29815,1.00,1.00
2018.04.09 09:25:11.871,10.29656,10.2981,1.00,1.00
2018.04.09 09:25:17.492,10.29656,10.2982,1.00,1.00
2018.04.09 09:25:19.095,10.29656,10.2981,1.00,1.00
2018.04.09 09:25:23.795,10.29634,10.2981,1.00,1.00
2018.04.09 09:25:24.263,10.29634,10.29799,1.00,1.00
2018.04.09 09:25:24.623,10.29654,10.29815,1.00,1.00
2018.04.09 09:25:24.952,10.29654,10.29813,1.00,1.00
2018.04.09 09:25:26.938,10.29654,10.29817,1.00,1.00
2018.04.09 09:25:27.696,10.29654,10.29813,1.00,1.00
2018.04.09 09:25:33.938,10.29654,10.29804,1.00,1.00
2018.04.09 09:25:38.582,10.29654,10.29813,1.00,1.00
2018.04.09 09:25:40.891,10.29654,10.29815,1.00,1.00
2018.04.09 09:25:43.503,10.29654,10.29804,1.00,1.00
2018.04.09 09:25:44.451,10.29614,10.29812,1.00,1.00
2018.04.09 09:25:44.749,10.2963,10.298,1.00,1.00
2018.04.09 09:25:47.064,10.2963,10.29797,1.00,1.00
2018.04.09 09:25:56.141,10.29634,10.29808,1.00,1.00
2018.04.09 09:25:56.193,10.29631,10.29797,1.00,1.00
2018.04.09 09:25:56.996,10.29631,10.29799,1.00,1.50
2018.04.09 09:25:57.775,10.29635,10.29809,1.00,1.00
2018.04.09 09:25:57.929,10.29654,10.29809,1.00,1.00
2018.04.09 09:26:03.712,10.2962,10.29796,1.00,1.00
2018.04.09 09:26:04.034,10.29631,10.29796,1.00,1.00
2018.04.09 09:26:09.653,10.29631,10.29799,1.00,1.00
2018.04.09 09:26:11.862,10.29637,10.29813,1.00,1.00
2018.04.09 09:26:12.262,10.29654,10.29813,1.00,1.00
2018.04.09 09:26:12.768,10.29654,10.29815,1.00,1.00
2018.04.09 09:26:29.064,10.29627,10.29803,1.00,1.00
2018.04.09 09:26:29.429,10.29634,10.29802,1.00,1.00
2018.04.09 09:26:30.611,10.29656,10.29803,1.00,1.00
2018.04.09 09:26:33.382,10.29656,10.29814,1.00,1.00
2018.04.09 09:26:33.434,10.29656,10.29802,1.00,1.00
2018.04.09 09:26:34.129,10.29626,10.29802,1.00,1.00
2018.04.09 09:26:34.464,10.29631,10.29799,1.00,1.00
2018.04.09 09:26:35.399,10.29654,10.29801,1.00,1.00
2018.04.09 09:26:36.655,10.29631,10.29799,1.00,1.00
2018.04.09 09:26:42.083,10.29631,10.29798,1.00,1.00
2018.04.09 09:26:46.461,10.29634,10.2981,1.00,1.00
2018.04.09 09:26:46.513,10.29637,10.2981,1.60,1.00
2018.04.09 09:26:46.819,10.29646,10.29818,1.60,1.00
2018.04.09 09:26:47.447,10.2966,10.29818,1.00,1.00
2018.04.09 09:26:47.740,10.29654,10.29816,1.00,1.00
2018.04.09 09:26:47.792,10.29654,10.29794,1.00,1.00
2018.04.09 09:26:49.299,10.29654,10.29805,1.00,1.00
2018.04.09 09:26:52.836,10.29654,10.29794,1.00,1.00
2018.04.09 09:26:52.969,10.29616,10.29794,1.00,1.00
2018.04.09 09:26:53.231,10.29631,10.29794,1.00,1.00
2018.04.09 09:26:55.864,10.29616,10.29794,1.00,1.00
2018.04.09 09:26:56.258,10.29616,10.29776,1.00,1.00
2018.04.09 09:26:56.360,10.29631,10.29794,1.00,1.00
2018.04.09 09:26:57.081,10.29631,10.29799,1.00,1.00
2018.04.09 09:26:57.183,10.29611,10.29798,1.00,1.00
2018.04.09 09:26:57.267,10.29611,10.29777,1.00,1.00
2018.04.09 09:26:57.581,10.29607,10.29777,1.00,1.00
2018.04.09 09:26:59.099,10.29609,10.29777,1.00,1.00
2018.04.09 09:26:59.294,10.29607,10.29777,1.00,1.00
2018.04.09 09:26:59.557,10.29619,10.29795,1.00,1.00
2018.04.09 09:26:59.609,10.29631,10.29799,1.00,1.00
2018.04.09 09:27:00.370,10.29629,10.29805,1.00,1.00
2018.04.09 09:27:00.873,10.2963,10.298,1.00,1.00
2018.04.09 09:27:01.281,10.2963,10.29793,1.00,1.00
2018.04.09 09:27:03.272,10.2963,10.29794,1.00,1.00
2018.04.09 09:27:12.162,10.2963,10.29784,1.00,1.00
2018.04.09 09:27:12.913,10.2963,10.29783,1.00,1.00
2018.04.09 09:27:27.191,10.2963,10.29792,1.00,1.00
2018.04.09 09:27:31.012,10.29634,10.29792,1.00,1.00
2018.04.09 09:27:31.063,10.29634,10.29811,1.00,1.00
2018.04.09 09:27:31.319,10.29653,10.29811,1.00,1.00
2018.04.09 09:27:32.018,10.29653,10.29792,1.00,1.00
2018.04.09 09:27:32.070,10.29653,10.29805,1.00,1.50
2018.04.09 09:27:32.223,10.29631,10.29794,1.00,1.00
2018.04.09 09:27:33.821,10.29653,10.29805,1.00,1.00
2018.04.09 09:27:34.501,10.29631,10.29799,1.00,1.00
2018.04.09 09:27:39.238,10.29632,10.29805,1.00,1.00
2018.04.09 09:27:39.513,10.29653,10.29805,1.00,1.00
2018.04.09 09:27:42.220,10.29653,10.2981,1.00,1.00
2018.04.09 09:27:57.201,10.29653,10.29808,1.00,1.00
2018.04.09 09:27:59.724,10.2963,10.29808,1.00,1.00
2018.04.09 09:27:59.991,10.29631,10.29799,1.00,1.00
2018.04.09 09:28:00.898,10.29653,10.29808,1.00,1.00
2018.04.09 09:28:02.069,10.29631,10.29799,1.00,1.00
2018.04.09 09:28:02.778,10.29631,10.29797,1.00,1.00
2018.04.09 09:28:05.782,10.29631,10.29799,1.50,1.00
2018.04.09 09:28:10.261,10.29633,10.29806,1.35,1.00
2018.04.09 09:28:10.313,10.29633,10.29821,2.10,1.00
2018.04.09 09:28:10.364,10.29642,10.29821,1.00,1.00
2018.04.09 09:28:11.408,10.29657,10.29821,1.00,1.00
2018.04.09 09:28:11.843,10.29678,10.29821,1.00,1.00
2018.04.09 09:28:12.231,10.29678,10.2983,1.00,1.00
2018.04.09 09:28:17.470,10.29678,10.29845,1.00,1.00
2018.04.09 09:28:21.486,10.29678,10.2984,1.00,1.00
2018.04.09 09:28:27.288,10.29678,10.29841,1.00,1.00
2018.04.09 09:28:28.880,10.29686,10.29858,1.00,1.22
2018.04.09 09:28:29.177,10.29706,10.29858,1.00,1.22
2018.04.09 09:28:53.098,10.29719,10.29864,1.60,1.22
2018.04.09 09:28:53.149,10.29719,10.29864,1.60,1.00
2018.04.09 09:28:53.303,10.29733,10.29909,1.60,1.00
2018.04.09 09:28:54.457,10.29739,10.29907,1.00,1.00
2018.04.09 09:28:54.769,10.2972,10.29885,1.00,1.00
2018.04.09 09:28:54.872,10.29715,10.29885,1.00,1.00
2018.04.09 09:28:57.727,10.29725,10.29885,1.00,1.00
2018.04.09 09:28:58.786,10.29725,10.29901,1.00,1.00
2018.04.09 09:28:58.973,10.29739,10.29901,1.00,1.00
2018.04.09 09:29:02.868,10.29739,10.29907,1.00,1.00
2018.04.09 09:29:09.926,10.2975,10.29926,1.00,1.00
2018.04.09 09:29:09.978,10.2974,10.29915,1.00,1.00
2018.04.09 09:29:10.302,10.29761,10.29918,1.00,1.00
2018.04.09 09:29:10.451,10.29739,10.29907,1.00,1.50
2018.04.09 09:29:10.502,10.29693,10.29869,1.00,1.00
2018.04.09 09:29:10.605,10.29693,10.29866,1.00,1.00
2018.04.09 09:29:10.935,10.29674,10.29853,1.37,1.00
2018.04.09 09:29:11.003,10.29674,10.29862,1.37,1.00
2018.04.09 09:29:12.517,10.29668,10.29853,1.37,1.00
2018.04.09 09:29:13.036,10.29668,10.29832,1.37,1.00
2018.04.09 09:29:14.788,10.29686,10.29854,1.75,1.50
2018.04.09 09:29:14.839,10.29699,10.29875,1.97,1.00
2018.04.09 09:29:14.891,10.29722,10.29898,1.60,1.00
2018.04.09 09:29:14.942,10.29745,10.29912,1.00,1.00
2018.04.09 09:29:14.994,10.29762,10.29931,1.00,1.00
2018.04.09 09:29:15.045,10.29762,10.29938,1.00,1.00
2018.04.09 09:29:15.148,10.29772,10.29946,1.00,1.00
2018.04.09 09:29:15.521,10.29772,10.29938,1.00,1.00
2018.04.09 09:29:15.999,10.29772,10.29947,1.00,1.00
2018.04.09 09:29:17.274,10.29772,10.29939,1.37,1.00
2018.04.09 09:29:17.704,10.29772,10.29935,1.37,1.00
2018.04.09 09:29:18.747,10.29772,10.29935,1.37,1.00
2018.04.09 09:29:20.709,10.29783,10.29939,1.00,1.00
2018.04.09 09:29:21.092,10.29789,10.29939,1.00,1.00
2018.04.09 09:29:22.435,10.29773,10.29939,1.00,1.00
2018.04.09 09:29:22.537,10.29773,10.29929,1.00,1.00
2018.04.09 09:29:25.515,10.29762,10.29929,1.00,1.00
2018.04.09 09:29:27.381,10.29761,10.29929,1.00,1.00
2018.04.09 09:29:27.786,10.29723,10.29915,1.00,1.37
2018.04.09 09:29:27.837,10.29703,10.29879,1.15,1.00
2018.04.09 09:29:27.889,10.29691,10.29865,1.00,1.00
2018.04.09 09:29:27.941,10.29676,10.29865,1.37,1.00
2018.04.09 09:29:29.029,10.29676,10.29857,1.00,1.00
2018.04.09 09:29:30.282,10.29676,10.29853,1.00,1.00
2018.04.09 09:29:30.592,10.29676,10.29833,1.00,1.00
2018.04.09 09:29:42.469,10.29675,10.29833,1.00,1.00
2018.04.09 09:29:57.441,10.29673,10.29833,1.00,1.00
2018.04.09 09:30:06.043,10.29656,10.29814,1.00,1.60
2018.04.09 09:30:06.146,10.29626,10.29771,1.00,1.00
2018.04.09 09:30:06.198,10.29626,10.29783,1.00,1.00
2018.04.09 09:30:06.249,10.29626,10.29758,1.00,1.00
2018.04.09 09:30:06.456,10.29571,10.29747,1.00,1.00
2018.04.09 09:30:06.665,10.29582,10.29758,1.00,1.00
2018.04.09 09:30:07.343,10.29582,10.2975,1.00,1.00
2018.04.09 09:30:07.446,10.29582,10.29758,1.00,1.50
2018.04.09 09:30:07.498,10.29597,10.29767,1.00,1.00
2018.04.09 09:30:07.861,10.29597,10.29762,1.00,1.00
2018.04.09 09:30:08.837,10.29616,10.2978,1.00,1.00
2018.04.09 09:30:09.144,10.29616,10.29773,1.00,1.00
2018.04.09 09:30:10.124,10.29616,10.29779,1.00,1.00
2018.04.09 09:30:10.528,10.29616,10.29771,1.00,1.00
2018.04.09 09:30:11.113,10.29616,10.2978,1.00,1.00
2018.04.09 09:30:14.131,10.29616,10.29772,1.00,1.00
2018.04.09 09:30:14.888,10.29616,10.2978,1.00,1.00
2018.04.09 09:30:16.385,10.29616,10.29773,1.00,1.00
2018.04.09 09:30:27.451,10.29616,10.2978,1.00,1.00
2018.04.09 09:30:27.503,10.29616,10.29774,1.00,1.00
2018.04.09 09:30:28.273,10.29616,10.2978,1.00,1.00
2018.04.09 09:30:29.611,10.29616,10.29771,1.75,1.00
2018.04.09 09:30:29.718,10.29616,10.29774,1.75,1.00
2018.04.09 09:30:29.997,10.29616,10.29774,1.00,1.00
2018.04.09 09:30:34.173,10.29616,10.29784,1.00,1.50
2018.04.09 09:30:34.275,10.29616,10.29775,1.00,1.00
2018.04.09 09:30:37.462,10.29616,10.29782,1.00,1.00
2018.04.09 09:30:41.507,10.29616,10.29784,1.00,1.00
2018.04.09 09:30:41.558,10.29616,10.29782,1.00,1.00
2018.04.09 09:30:41.610,10.29616,10.29784,1.00,1.00
2018.04.09 09:30:43.016,10.29616,10.29782,1.00,1.00
2018.04.09 09:30:43.480,10.29616,10.29784,1.00,1.00
2018.04.09 09:30:44.587,10.29616,10.29782,1.00,1.00
2018.04.09 09:30:49.855,10.2962,10.29793,1.00,1.00
2018.04.09 09:30:50.214,10.29641,10.29793,1.00,1.00
2018.04.09 09:30:53.112,10.29641,10.29785,1.00,1.00
2018.04.09 09:30:53.610,10.29641,10.29794,1.00,1.00
2018.04.09 09:30:54.477,10.29641,10.29786,1.00,1.00
2018.04.09 09:30:54.681,10.29641,10.29795,1.00,1.00
2018.04.09 09:30:55.066,10.29641,10.29787,1.00,1.00
2018.04.09 09:30:56.095,10.29605,10.29787,1.12,1.00
2018.04.09 09:30:56.147,10.29605,10.29781,1.12,1.00
2018.04.09 09:30:56.488,10.29619,10.29781,1.00,1.00
2018.04.09 09:30:57.561,10.29619,10.29787,1.00,1.50
2018.04.09 09:30:59.920,10.29619,10.29786,1.00,1.00
2018.04.09 09:31:03.582,10.29619,10.29787,1.00,1.00
2018.04.09 09:31:04.124,10.29619,10.29786,1.00,1.00
2018.04.09 09:31:09.665,10.29619,10.29787,1.00,1.00
2018.04.09 09:31:09.718,10.29619,10.29783,1.00,1.00
2018.04.09 09:31:10.066,10.29619,10.29774,1.00,1.00
2018.04.09 09:31:27.623,10.29619,10.2978,1.00,1.00
2018.04.09 09:31:35.640,10.29619,10.29777,1.00,1.00
2018.04.09 09:31:35.889,10.29619,10.2978,1.00,1.00
2018.04.09 09:31:42.651,10.29619,10.29777,1.00,1.00
2018.04.09 09:31:52.505,10.29591,10.29767,1.37,1.00
2018.04.09 09:31:52.794,10.29596,10.29764,1.00,1.00
2018.04.09 09:31:59.335,10.29615,10.29791,1.00,1.00
2018.04.09 09:31:59.641,10.29603,10.298,1.60,1.00
2018.04.09 09:31:59.692,10.29619,10.29787,1.00,1.00
2018.04.09 09:32:27.638,10.29627,10.29787,1.00,1.00
2018.04.09 09:32:28.511,10.29629,10.29787,1.00,1.00
2018.04.09 09:32:28.641,10.29629,10.29805,1.00,1.00
2018.04.09 09:32:28.952,10.29641,10.29804,1.00,1.00
2018.04.09 09:32:29.614,10.29641,10.29805,1.00,1.00
2018.04.09 09:32:35.383,10.29641,10.29801,1.00,1.00
2018.04.09 09:32:36.488,10.29641,10.29805,1.00,1.00
2018.04.09 09:32:39.505,10.29641,10.29803,1.00,1.00
2018.04.09 09:32:40.014,10.29641,10.29805,1.00,1.00
2018.04.09 09:32:40.272,10.29641,10.29802,1.00,1.00
2018.04.09 09:32:45.149,10.29641,10.29804,1.00,1.00
2018.04.09 09:32:45.656,10.29641,10.29801,1.00,1.00
2018.04.09 09:32:48.589,10.29641,10.29804,1.00,1.00
2018.04.09 09:32:49.196,10.29648,10.29822,1.97,1.00
2018.04.09 09:32:49.452,10.29648,10.29842,1.97,1.00
2018.04.09 09:32:49.664,10.29666,10.29834,1.60,1.00
2018.04.09 09:32:50.179,10.29666,10.29834,1.00,1.00
2018.04.09 09:32:57.012,10.29642,10.29817,1.08,1.00
2018.04.09 09:32:57.065,10.29634,10.29826,1.08,1.00
2018.04.09 09:32:57.478,10.2964,10.2981,1.08,1.00
2018.04.09 09:32:58.157,10.29642,10.2981,1.00,1.00
2018.04.09 09:32:58.576,10.2964,10.2981,1.00,1.00
2018.04.09 09:33:21.225,10.2964,10.29801,1.00,1.00
2018.04.09 09:33:27.897,10.2964,10.2981,1.00,1.00
2018.04.09 09:33:37.814,10.29639,10.29811,1.00,1.00
2018.04.09 09:33:37.917,10.29646,10.29821,1.00,1.00
2018.04.09 09:33:38.151,10.2966,10.29821,1.00,1.00
2018.04.09 09:33:39.461,10.29645,10.29807,1.00,1.00
2018.04.09 09:33:40.136,10.29647,10.29807,1.00,1.00
2018.04.09 09:33:40.688,10.29645,10.29807,1.37,1.00
2018.04.09 09:33:43.435,10.29647,10.29807,1.00,1.00
2018.04.09 09:33:44.006,10.29647,10.29807,1.37,1.00
2018.04.09 09:33:46.123,10.29649,10.29807,1.00,1.00
2018.04.09 09:33:47.293,10.29646,10.29807,1.37,1.00
2018.04.09 09:33:48.508,10.29646,10.29807,1.12,1.00
2018.04.09 09:33:50.071,10.29646,10.29807,1.37,1.00
2018.04.09 09:33:58.867,10.29647,10.29807,1.37,1.00
2018.04.09 09:34:02.823,10.29647,10.29807,1.37,1.00
2018.04.09 09:34:08.761,10.29647,10.29823,1.97,1.00
2018.04.09 09:34:08.813,10.29647,10.29823,1.97,1.00
2018.04.09 09:34:09.156,10.29666,10.29823,1.00,1.00
2018.04.09 09:34:10.222,10.29647,10.29812,1.37,1.00
2018.04.09 09:34:11.720,10.29647,10.29812,1.50,1.00
2018.04.09 09:34:13.001,10.29644,10.29812,1.12,1.00
2018.04.09 09:34:20.284,10.29644,10.29812,1.37,1.00
2018.04.09 09:34:23.969,10.29644,10.29812,1.12,1.00
2018.04.09 09:34:29.614,10.29646,10.29812,1.00,1.00
2018.04.09 09:34:32.641,10.29654,10.29826,1.00,1.00
2018.04.09 09:34:32.845,10.2965,10.29826,1.00,1.00
2018.04.09 09:34:32.979,10.29666,10.29826,1.00,1.00
2018.04.09 09:34:34.291,10.2965,10.29813,1.12,1.00
2018.04.09 09:34:37.089,10.2965,10.29826,1.00,1.00
2018.04.09 09:34:37.241,10.29666,10.29826,1.00,1.00
2018.04.09 09:34:40.488,10.29667,10.29826,1.60,1.00
2018.04.09 09:34:40.540,10.29679,10.29859,1.60,1.00
2018.04.09 09:34:40.591,10.29679,10.29859,1.60,1.00
2018.04.09 09:34:40.795,10.29687,10.29863,1.60,1.00
2018.04.09 09:34:41.051,10.29687,10.29863,1.60,1.00
2018.04.09 09:34:41.591,10.29687,10.29863,1.60,1.00
2018.04.09 09:34:42.116,10.29694,10.29862,1.00,1.00
2018.04.09 09:34:42.219,10.29694,10.29844,1.00,1.00
2018.04.09 09:34:42.271,10.29664,10.29844,1.37,1.00
2018.04.09 09:34:42.919,10.29689,10.29857,1.50,1.00
2018.04.09 09:34:44.494,10.29671,10.29855,1.37,1.00
2018.04.09 09:34:44.549,10.29663,10.29839,1.37,1.00
2018.04.09 09:34:44.861,10.29666,10.29834,1.37,1.00
2018.04.09 09:34:44.912,10.29691,10.29848,1.00,1.00
2018.04.09 09:34:53.793,10.2969,10.29848,1.00,1.00
2018.04.09 09:34:53.844,10.29662,10.29838,1.37,1.00
2018.04.09 09:34:54.367,10.29669,10.29837,1.37,1.00
2018.04.09 09:34:58.070,10.29669,10.29835,1.37,1.00
2018.04.09 09:34:58.887,10.29669,10.29825,1.00,1.00
2018.04.09 09:34:59.720,10.29651,10.29825,1.00,1.00
2018.04.09 09:34:59.823,10.29649,10.29825,1.00,1.00
2018.04.09 09:34:59.977,10.29643,10.29813,1.00,1.00
2018.04.09 09:35:00.390,10.29637,10.29813,1.37,1.00
2018.04.09 09:35:00.441,10.29642,10.29813,1.00,1.00
2018.04.09 09:35:00.748,10.29639,10.29807,1.00,1.00
2018.04.09 09:35:01.437,10.29641,10.29807,1.00,1.00
2018.04.09 09:35:03.131,10.29639,10.29807,1.00,1.00
2018.04.09 09:35:03.644,10.29639,10.29806,1.00,1.00
2018.04.09 09:35:03.695,10.29642,10.29806,1.00,1.00
2018.04.09 09:35:03.902,10.29651,10.29827,1.00,1.00
2018.04.09 09:35:03.954,10.29657,10.29827,1.00,1.00
2018.04.09 09:35:04.198,10.29661,10.29837,1.00,1.00
2018.04.09 09:35:04.301,10.29663,10.29833,1.00,1.00
2018.04.09 09:35:05.444,10.29651,10.29809,1.00,1.00
2018.04.09 09:35:06.111,10.29664,10.29827,1.00,1.00
2018.04.09 09:35:11.557,10.29667,10.29832,1.00,1.00
2018.04.09 09:35:13.117,10.29664,10.29832,1.50,1.00
2018.04.09 09:35:18.011,10.29664,10.2983,1.00,1.00
2018.04.09 09:35:22.696,10.29664,10.29832,1.50,1.00
2018.04.09 09:35:24.237,10.29664,10.29832,1.87,1.00
2018.04.09 09:35:25.441,10.29664,10.29832,1.87,1.00
2018.04.09 09:35:26.876,10.29664,10.29832,1.87,1.00
2018.04.09 09:35:27.213,10.29666,10.29832,1.57,1.00
2018.04.09 09:35:27.315,10.29666,10.29832,1.12,1.00
2018.04.09 09:35:27.417,10.29664,10.29832,2.32,1.00
2018.04.09 09:35:28.431,10.29671,10.29832,1.00,1.00
2018.04.09 09:35:28.959,10.29664,10.29832,1.37,1.00
2018.04.09 09:35:30.107,10.29674,10.2985,1.00,1.00
2018.04.09 09:35:30.454,10.29691,10.2985,1.00,1.00
2018.04.09 09:35:31.659,10.29669,10.29837,1.37,1.00
2018.04.09 09:35:34.189,10.29669,10.29837,1.37,1.00
2018.04.09 09:35:34.242,10.29673,10.29849,1.00,1.00
2018.04.09 09:35:34.293,10.29673,10.29849,1.75,1.00
2018.04.09 09:35:34.344,10.29673,10.29849,1.37,1.00
2018.04.09 09:35:34.395,10.29691,10.29849,1.00,1.00
2018.04.09 09:35:39.865,10.29691,10.29859,1.00,1.00
2018.04.09 09:35:43.917,10.29691,10.29858,1.00,1.00
2018.04.09 09:35:44.186,10.29697,10.29859,1.00,1.00
2018.04.09 09:35:44.338,10.29691,10.29858,1.00,1.00
2018.04.09 09:35:48.977,10.29675,10.29842,1.10,1.00
2018.04.09 09:35:49.329,10.2969,10.29853,1.00,1.00
2018.04.09 09:35:54.461,10.29696,10.2986,1.00,1.00
2018.04.09 09:35:54.512,10.2969,10.2986,1.00,1.50
2018.04.09 09:35:58.161,10.2969,10.29853,1.00,1.00
2018.04.09 09:35:58.987,10.2969,10.29857,1.00,1.00
2018.04.09 09:36:01.480,10.2969,10.2986,1.00,1.00
2018.04.09 09:36:01.533,10.29694,10.2987,1.00,1.00
2018.04.09 09:36:01.860,10.29714,10.2987,1.00,1.00
2018.04.09 09:36:04.648,10.29694,10.2987,1.00,1.00
2018.04.09 09:36:04.802,10.29694,10.29859,1.00,1.00
2018.04.09 09:36:07.010,10.29701,10.29859,1.00,1.00
2018.04.09 09:36:07.062,10.29701,10.29879,1.00,1.00
2018.04.09 09:36:07.230,10.29691,10.29859,1.00,1.00
2018.04.09 09:36:07.698,10.29714,10.29866,1.00,1.00
2018.04.09 09:36:08.739,10.29691,10.29859,1.00,1.00
2018.04.09 09:36:08.790,10.29691,10.29859,1.37,1.00
2018.04.09 09:36:10.294,10.29691,10.29859,1.00,1.00
2018.04.09 09:36:20.295,10.29691,10.29851,1.12,1.00
2018.04.09 09:36:21.210,10.29672,10.2985,1.37,1.00
2018.04.09 09:36:21.602,10.29672,10.29837,1.37,1.00
2018.04.09 09:36:21.817,10.29691,10.2985,1.00,1.00
2018.04.09 09:36:21.920,10.29691,10.29859,1.00,1.00
2018.04.09 09:36:36.156,10.29691,10.29852,1.00,1.00
2018.04.09 09:36:37.847,10.29663,10.29845,1.37,1.00
2018.04.09 09:36:38.002,10.29691,10.29852,1.00,1.00
2018.04.09 09:36:41.173,10.29678,10.29845,1.37,1.00
2018.04.09 09:36:41.328,10.29677,10.29855,1.37,1.00
2018.04.09 09:36:41.379,10.29677,10.29838,1.37,1.00
2018.04.09 09:36:41.430,10.29691,10.29855,1.00,1.00
2018.04.09 09:36:42.821,10.29691,10.29846,1.00,1.00
2018.04.09 09:36:42.873,10.29656,10.29846,1.20,1.00
2018.04.09 09:36:43.079,10.29669,10.29837,1.37,1.00
2018.04.09 09:36:43.421,10.29691,10.29852,1.00,1.00
2018.04.09 09:36:44.063,10.29691,10.29855,1.00,1.00
2018.04.09 09:36:44.832,10.29691,10.29859,1.00,1.00
2018.04.09 09:36:46.296,10.29666,10.29846,1.95,1.00
2018.04.09 09:36:46.614,10.29691,10.29852,1.00,1.00
2018.04.09 09:36:52.068,10.29676,10.29852,1.37,1.00
2018.04.09 09:36:52.192,10.29691,10.29852,1.00,1.00
2018.04.09 09:36:56.656,10.29676,10.29852,1.37,1.00
2018.04.09 09:36:56.708,10.29691,10.29852,1.00,1.00
2018.04.09 09:36:58.308,10.29691,10.29854,1.00,1.00
2018.04.09 09:37:01.403,10.29678,10.29854,1.37,1.00
2018.04.09 09:37:01.455,10.29691,10.29854,1.00,1.00
2018.04.09 09:37:03.642,10.29678,10.29854,1.37,1.00
2018.04.09 09:37:03.694,10.29691,10.29854,1.00,1.00
2018.04.09 09:37:03.796,10.29673,10.29851,1.82,1.00
2018.04.09 09:37:03.848,10.29691,10.29851,1.00,1.00
2018.04.09 09:37:06.843,10.29664,10.2984,1.37,1.00
2018.04.09 09:37:07.151,10.29691,10.29851,1.00,1.00
2018.04.09 09:37:07.956,10.29691,10.29859,1.00,1.00
2018.04.09 09:37:09.475,10.29691,10.29851,1.00,1.00
2018.04.09 09:37:10.925,10.29664,10.29845,1.20,1.00
2018.04.09 09:37:11.162,10.29669,10.29837,1.57,1.00
2018.04.09 09:37:12.601,10.29669,10.29837,1.37,1.00
2018.04.09 09:37:15.585,10.29673,10.29849,1.37,1.00
2018.04.09 09:37:15.832,10.29691,10.2985,1.00,1.00
2018.04.09 09:37:16.381,10.29691,10.29859,1.00,1.00
2018.04.09 09:37:18.779,10.29664,10.2984,1.75,1.00
2018.04.09 09:37:18.830,10.29664,10.2984,1.75,1.00
2018.04.09 09:37:18.882,10.29664,10.2984,1.82,1.00
2018.04.09 09:37:18.933,10.29669,10.29837,1.20,1.00
2018.04.09 09:37:20.478,10.29669,10.29837,1.37,1.00
2018.04.09 09:37:21.993,10.29669,10.29837,1.37,1.00
2018.04.09 09:37:23.512,10.29669,10.29837,1.37,1.00
2018.04.09 09:37:26.553,10.29669,10.29837,1.00,1.00
2018.04.09 09:37:29.013,10.2967,10.29837,1.37,1.00
2018.04.09 09:37:30.739,10.2967,10.29837,1.37,1.00
2018.04.09 09:37:31.805,10.29681,10.29859,1.00,1.00
2018.04.09 09:37:31.857,10.29681,10.29859,1.37,1.00
2018.04.09 09:37:32.234,10.29691,10.29859,1.00,1.50
2018.04.09 09:37:34.141,10.29669,10.29837,1.75,1.00
2018.04.09 09:37:35.248,10.29669,10.29837,1.00,1.00
2018.04.09 09:37:43.371,10.29669,10.29836,1.00,1.00
2018.04.09 09:37:50.354,10.29669,10.29836,1.37,1.00
2018.04.09 09:37:50.894,10.29669,10.29836,1.37,1.00
2018.04.09 09:37:51.430,10.29673,10.29849,1.00,1.00
2018.04.09 09:37:51.542,10.29673,10.29849,1.45,1.00
2018.04.09 09:37:51.858,10.29691,10.29849,1.00,1.00
2018.04.09 09:37:53.105,10.29669,10.29837,1.37,1.00
2018.04.09 09:37:57.948,10.29669,10.29837,1.12,1.00
2018.04.09 09:37:58.542,10.29669,10.29834,1.12,1.00
2018.04.09 09:38:01.309,10.29669,10.29834,1.57,1.00
2018.04.09 09:38:01.816,10.29669,10.29834,1.12,1.00
2018.04.09 09:38:02.950,10.29669,10.29834,1.37,1.00
2018.04.09 09:38:03.459,10.29671,10.29837,1.37,1.00
2018.04.09 09:38:03.510,10.29671,10.29847,1.37,1.00
2018.04.09 09:38:03.613,10.29669,10.29837,1.37,1.50
2018.04.09 09:38:04.162,10.29669,10.29837,1.37,1.50
2018.04.09 09:38:04.719,10.29674,10.2985,1.12,1.00
2018.04.09 09:38:05.019,10.29691,10.2985,1.00,1.00
2018.04.09 09:38:08.404,10.29691,10.29856,1.00,1.00
2018.04.09 09:38:09.910,10.29691,10.29854,1.00,1.00
2018.04.09 09:38:13.089,10.29691,10.29843,1.00,1.00
2018.04.09 09:38:14.483,10.29691,10.29852,1.00,1.00
2018.04.09 09:38:15.694,10.2966,10.29838,1.82,1.00
2018.04.09 09:38:16.330,10.29669,10.29837,1.57,1.00
2018.04.09 09:38:19.252,10.29669,10.29837,1.57,1.00
2018.04.09 09:38:21.293,10.29669,10.29833,1.12,1.00
2018.04.09 09:38:21.396,10.29672,10.29848,1.45,1.00
2018.04.09 09:38:21.654,10.29691,10.29848,1.00,1.00
2018.04.09 09:38:28.461,10.29691,10.29856,1.00,1.00
2018.04.09 09:39:07.449,10.29691,10.29859,1.00,1.00
2018.04.09 09:39:08.982,10.29691,10.29859,1.37,1.00
2018.04.09 09:39:12.955,10.29691,10.29859,1.00,1.00
2018.04.09 09:39:13.551,10.29691,10.29859,1.45,1.00
2018.04.09 09:39:14.378,10.29695,10.29879,1.00,1.00
2018.04.09 09:39:14.669,10.29716,10.29879,1.00,1.00
2018.04.09 09:39:14.721,10.29694,10.29862,1.00,1.00
2018.04.09 09:39:15.305,10.29716,10.29879,1.00,1.50
2018.04.09 09:39:15.509,10.29694,10.29862,1.00,1.00
2018.04.09 09:39:16.401,10.29715,10.29879,1.00,1.50
2018.04.09 09:39:16.455,10.29694,10.29862,1.00,1.00
2018.04.09 09:39:17.044,10.29694,10.29861,1.00,1.00
2018.04.09 09:39:17.992,10.29694,10.29862,1.00,1.00
2018.04.09 09:39:21.137,10.29695,10.2987,1.60,1.00
2018.04.09 09:39:21.189,10.29731,10.29905,1.60,1.00
2018.04.09 09:39:21.241,10.29731,10.29905,1.60,1.00
2018.04.09 09:39:21.411,10.29731,10.29905,1.60,1.00
2018.04.09 09:39:21.462,10.29731,10.29907,1.00,1.00
2018.04.09 09:39:21.514,10.29713,10.29884,1.05,1.00
2018.04.09 09:39:22.071,10.29719,10.29884,1.00,1.00
2018.04.09 09:39:23.166,10.29719,10.29874,1.00,1.00
2018.04.09 09:39:24.495,10.2973,10.29906,1.00,1.00
2018.04.09 09:39:24.858,10.29746,10.29919,1.00,1.00
2018.04.09 09:39:25.205,10.29746,10.29909,1.00,1.00
2018.04.09 09:39:25.943,10.29741,10.29899,1.00,1.00
2018.04.09 09:39:28.581,10.29741,10.29896,1.00,1.00
2018.04.09 09:39:43.629,10.29741,10.29897,1.00,1.00
2018.04.09 09:39:49.950,10.29721,10.29897,1.00,1.00
2018.04.09 09:39:50.002,10.2971,10.29886,1.00,1.00
2018.04.09 09:39:50.311,10.29719,10.29876,1.00,1.00
2018.04.09 09:39:52.727,10.297,10.29876,1.00,1.00
2018.04.09 09:39:52.996,10.29683,10.29874,1.45,1.00
2018.04.09 09:39:53.362,10.29694,10.29862,1.00,1.00
2018.04.09 09:39:53.721,10.29716,10.29874,1.00,1.00
2018.04.09 09:39:53.976,10.29716,10.2988,1.00,1.00
2018.04.09 09:39:54.057,10.29694,10.29862,1.45,1.00
2018.04.09 09:39:54.108,10.29676,10.29856,1.00,1.00
2018.04.09 09:39:54.160,10.29655,10.29831,1.45,1.00
2018.04.09 09:39:54.318,10.29658,10.29834,1.00,1.00
2018.04.09 09:39:54.420,10.2967,10.29861,1.00,1.00
2018.04.09 09:39:55.069,10.2967,10.29837,1.00,1.00
2018.04.09 09:39:55.958,10.29694,10.29862,1.00,1.00
2018.04.09 09:39:56.064,10.2967,10.2984,1.95,1.00
2018.04.09 09:39:56.116,10.29693,10.29863,1.00,1.00
2018.04.09 09:39:57.304,10.29671,10.29839,1.00,1.00
2018.04.09 09:39:57.618,10.29694,10.29862,1.00,1.00
2018.04.09 09:39:57.926,10.29701,10.29862,1.00,1.00
2018.04.09 09:39:57.977,10.29696,10.29862,1.00,1.00
2018.04.09 09:39:58.132,10.29694,10.29862,1.00,1.00
2018.04.09 09:40:03.726,10.29691,10.29859,1.00,1.00
2018.04.09 09:40:13.707,10.29691,10.29858,1.00,1.00
2018.04.09 09:40:14.092,10.29691,10.29855,1.00,1.00
2018.04.09 09:40:28.702,10.29691,10.29857,1.00,1.00
2018.04.09 09:40:29.494,10.29691,10.29859,1.00,1.50
2018.04.09 09:40:33.598,10.29683,10.29859,1.00,1.50
2018.04.09 09:40:33.649,10.29666,10.29859,1.00,1.50
2018.04.09 09:40:33.954,10.29669,10.29837,1.00,1.00
2018.04.09 09:40:34.521,10.29669,10.29837,1.45,1.00
2018.04.09 09:40:35.154,10.29674,10.29837,1.20,1.00
2018.04.09 09:40:35.308,10.29691,10.29859,1.00,1.00
2018.04.09 09:41:23.077,10.29684,10.29859,1.00,1.00
2018.04.09 09:41:23.128,10.29665,10.29859,1.00,1.00
2018.04.09 09:41:23.230,10.29665,10.29859,1.45,1.00
2018.04.09 09:41:23.596,10.29691,10.29849,1.00,1.00
2018.04.09 09:41:23.730,10.29691,10.29859,1.00,1.00
2018.04.09 09:41:33.455,10.29682,10.29858,1.45,1.00
2018.04.09 09:41:33.558,10.29673,10.29849,1.00,1.00
2018.04.09 09:41:33.609,10.29691,10.29849,1.00,1.00
2018.04.09 09:41:33.712,10.29691,10.29859,1.00,1.50
2018.04.09 09:41:39.812,10.29683,10.29858,1.00,1.00
2018.04.09 09:41:39.989,10.2969,10.29846,1.00,1.00
2018.04.09 09:41:40.092,10.2969,10.29858,1.00,1.00
2018.04.09 09:41:40.415,10.29672,10.29848,1.00,1.00
2018.04.09 09:41:40.516,10.29672,10.29837,1.20,1.00
2018.04.09 09:41:41.987,10.29672,10.29837,1.45,1.00
2018.04.09 09:41:42.114,10.29672,10.29837,1.00,1.00
2018.04.09 09:41:43.872,10.29675,10.29837,1.00,1.00
2018.04.09 09:41:49.062,10.29675,10.29837,1.45,1.00
2018.04.09 09:41:49.169,10.29675,10.29837,1.00,1.00
2018.04.09 09:41:49.723,10.29675,10.29851,1.00,1.00
2018.04.09 09:41:50.006,10.29691,10.29851,1.00,1.00
2018.04.09 09:41:58.883,10.29691,10.29858,1.00,1.00
2018.04.09 09:42:13.911,10.29691,10.29854,1.00,1.00
2018.04.09 09:42:14.693,10.29691,10.29856,1.00,1.00
2018.04.09 09:42:18.808,10.29678,10.29856,1.00,1.00
2018.04.09 09:42:18.911,10.2969,10.29856,1.00,1.00
2018.04.09 09:42:18.963,10.29678,10.29856,1.00,1.00
2018.04.09 09:42:19.065,10.29691,10.29856,1.00,1.00
2018.04.09 09:42:28.942,10.29691,10.29858,1.00,1.00
2018.04.09 09:42:32.186,10.29672,10.29848,1.45,1.00
2018.04.09 09:42:32.528,10.29672,10.29837,1.45,1.00
2018.04.09 09:42:33.726,10.29672,10.29837,1.45,1.00
2018.04.09 09:42:33.875,10.29672,10.29837,1.00,1.00
2018.04.09 09:42:35.228,10.29672,10.29837,1.45,1.00
2018.04.09 09:42:36.553,10.29672,10.29837,1.00,1.00
2018.04.09 09:42:41.046,10.29672,10.29837,1.45,1.00
2018.04.09 09:42:41.577,10.29672,10.29837,1.00,1.00
2018.04.09 09:42:41.924,10.29669,10.29837,1.00,1.00
2018.04.09 09:42:45.015,10.29669,10.29837,1.45,1.00
2018.04.09 09:42:45.169,10.29669,10.29837,1.20,1.00
2018.04.09 09:42:51.710,10.29666,10.29836,1.00,1.00
2018.04.09 09:42:51.813,10.2965,10.29836,1.00,1.00
2018.04.09 09:42:51.934,10.29669,10.29837,1.00,1.00
2018.04.09 09:42:52.352,10.29669,10.29834,1.00,1.00
2018.04.09 09:42:57.450,10.29669,10.29835,1.00,1.60
2018.04.09 09:42:57.501,10.29669,10.29835,1.00,1.00
2018.04.09 09:42:57.552,10.29649,10.29832,1.00,1.00
2018.04.09 09:42:57.845,10.29651,10.29832,1.00,1.00
2018.04.09 09:42:58.190,10.29649,10.29809,1.00,1.00
2018.04.09 09:42:58.242,10.29664,10.29832,1.00,1.00
2018.04.09 09:42:59.315,10.29664,10.29831,1.00,1.00
2018.04.09 09:43:01.303,10.29665,10.29832,1.00,1.00
2018.04.09 09:43:02.368,10.29665,10.29832,1.45,1.00
2018.04.09 09:43:02.537,10.29665,10.29832,1.00,1.00
2018.04.09 09:43:09.189,10.29664,10.29828,1.00,1.00
2018.04.09 09:43:10.702,10.29664,10.29828,1.45,1.00
2018.04.09 09:43:10.753,10.29664,10.29828,1.00,1.00
2018.04.09 09:43:14.081,10.29664,10.29832,1.00,1.00
2018.04.09 09:43:14.949,10.29664,10.29832,1.45,1.00
2018.04.09 09:43:15.544,10.29664,10.29832,1.00,1.00
2018.04.09 09:43:15.685,10.29657,10.29804,1.00,1.00
2018.04.09 09:43:15.840,10.29624,10.29778,1.00,1.00
2018.04.09 09:43:15.891,10.29616,10.29767,1.00,1.00
2018.04.09 09:43:15.993,10.29578,10.29754,1.45,1.00
2018.04.09 09:43:16.044,10.29578,10.29754,1.00,1.00
2018.04.09 09:43:16.247,10.29569,10.29745,1.45,1.00
2018.04.09 09:43:16.349,10.29559,10.29735,1.20,1.00
2018.04.09 09:43:16.677,10.29569,10.29745,1.00,1.00
2018.04.09 09:43:18.415,10.29569,10.29734,1.00,1.00
2018.04.09 09:43:18.930,10.29579,10.29734,1.00,1.00
2018.04.09 09:43:20.772,10.29579,10.29755,1.00,1.00
2018.04.09 09:43:20.823,10.29589,10.29755,1.00,1.00
2018.04.09 09:43:21.918,10.29579,10.29734,1.00,1.00
2018.04.09 09:43:28.415,10.29579,10.29755,1.00,1.00
2018.04.09 09:43:28.799,10.29589,10.29755,1.00,1.00
2018.04.09 09:43:29.416,10.29589,10.29754,1.00,1.00
2018.04.09 09:43:29.837,10.29589,10.29757,1.00,1.00
2018.04.09 09:43:32.515,10.29589,10.2975,1.00,1.00
2018.04.09 09:43:32.566,10.29574,10.2975,1.00,1.00
2018.04.09 09:43:32.724,10.29574,10.29734,1.00,1.00
2018.04.09 09:43:33.413,10.29589,10.2975,1.00,1.00
2018.04.09 09:43:37.235,10.29574,10.2975,1.00,1.00
2018.04.09 09:43:37.286,10.29589,10.2975,1.00,1.00
2018.04.09 09:43:38.102,10.29574,10.2975,1.00,1.00
2018.04.09 09:43:38.402,10.29574,10.29734,1.00,1.00
2018.04.09 09:43:41.547,10.29574,10.2975,1.00,1.00
2018.04.09 09:43:41.612,10.29589,10.2975,1.00,1.00
2018.04.09 09:43:44.095,10.29589,10.29752,1.00,1.00
2018.04.09 09:43:44.311,10.29589,10.29757,1.00,1.00
2018.04.09 09:43:44.464,10.29589,10.29757,1.45,1.00
2018.04.09 09:43:44.620,10.29589,10.29757,1.00,1.00
2018.04.09 09:43:48.083,10.29597,10.29757,1.00,1.00
2018.04.09 09:43:51.833,10.29592,10.29757,1.50,1.00
2018.04.09 09:43:53.909,10.29597,10.29757,1.00,1.00
2018.04.09 09:43:55.415,10.29594,10.29757,1.00,1.00
2018.04.09 09:44:17.794,10.29597,10.29757,1.00,1.00
2018.04.09 09:44:19.355,10.29594,10.29757,1.00,1.00
2018.04.09 09:44:36.683,10.29592,10.29757,1.45,1.00
2018.04.09 09:44:36.786,10.29592,10.29757,1.00,1.00
2018.04.09 09:44:41.837,10.29592,10.29766,1.00,1.00
2018.04.09 09:44:44.260,10.29592,10.29768,1.50,1.00
2018.04.09 09:44:45.009,10.29592,10.29767,1.00,1.00
2018.04.09 09:44:56.039,10.29592,10.29767,1.45,1.00
2018.04.09 09:44:57.127,10.29598,10.29767,1.00,1.00
2018.04.09 09:44:57.178,10.29605,10.29781,1.00,1.00
2018.04.09 09:44:57.230,10.29605,10.29781,1.95,1.00
2018.04.09 09:44:57.282,10.29605,10.298,1.45,1.00
2018.04.09 09:44:57.334,10.29614,10.298,1.00,1.00
2018.04.09 09:44:57.637,10.29616,10.29784,1.45,1.00
2018.04.09 09:44:57.739,10.29616,10.29784,1.00,1.00
2018.04.09 09:44:58.034,10.29616,10.29784,1.45,1.00
2018.04.09 09:44:58.678,10.29608,10.298,1.45,1.00
2018.04.09 09:44:58.781,10.29616,10.29784,1.00,1.00
2018.04.09 09:45:01.684,10.29616,10.29775,1.00,1.00
2018.04.09 09:45:14.322,10.29616,10.29783,1.00,1.00
2018.04.09 09:45:19.495,10.29616,10.29772,1.00,1.00
2018.04.09 09:45:19.546,10.29596,10.29772,1.00,1.00
2018.04.09 09:45:19.597,10.29596,10.29772,1.45,1.00
2018.04.09 09:45:19.649,10.29596,10.29772,1.45,1.00
2018.04.09 09:45:19.914,10.29596,10.29762,1.45,1.00
2018.04.09 09:45:20.540,10.29596,10.29762,1.45,1.00
2018.04.09 09:45:21.233,10.29596,10.29762,1.00,1.00
2018.04.09 09:45:21.388,10.29594,10.29762,1.00,1.50
2018.04.09 09:45:22.900,10.29597,10.29762,1.00,1.00
2018.04.09 09:45:22.952,10.29607,10.29783,1.00,1.00
2018.04.09 09:45:23.004,10.29614,10.29783,1.45,1.00
2018.04.09 09:45:23.117,10.29614,10.29783,1.00,1.00
2018.04.09 09:45:23.818,10.29615,10.29783,1.00,1.00
2018.04.09 09:45:24.127,10.29615,10.29785,1.00,1.00
2018.04.09 09:45:24.437,10.29615,10.29785,1.45,1.00
2018.04.09 09:45:24.540,10.29615,10.29785,1.00,1.00
2018.04.09 09:45:26.468,10.29615,10.29777,1.00,1.00
2018.04.09 09:45:28.543,10.29599,10.29766,1.45,1.60
2018.04.09 09:45:28.594,10.29599,10.29776,1.00,1.60
2018.04.09 09:45:28.748,10.29599,10.29762,1.00,1.00
2018.04.09 09:45:29.054,10.29599,10.29762,1.45,1.00
2018.04.09 09:45:29.308,10.29607,10.29803,1.82,1.00
2018.04.09 09:45:29.359,10.29637,10.29803,1.00,1.00
2018.04.09 09:45:29.715,10.29637,10.29803,1.45,1.00
2018.04.09 09:45:29.766,10.29645,10.29821,1.00,1.00
2018.04.09 09:45:29.817,10.29645,10.29821,1.45,1.00
2018.04.09 09:45:30.228,10.29645,10.29821,1.45,1.00
2018.04.09 09:45:30.886,10.29637,10.29821,1.45,1.00
2018.04.09 09:45:31.197,10.29666,10.29821,1.00,1.00
2018.04.09 09:45:34.957,10.29637,10.29821,1.00,1.00
2018.04.09 09:45:35.282,10.29641,10.29809,1.00,1.00
2018.04.09 09:45:36.696,10.29637,10.29821,1.00,1.00
2018.04.09 09:45:37.470,10.29637,10.29821,1.45,1.00
2018.04.09 09:45:37.865,10.29637,10.29821,1.00,1.00
2018.04.09 09:45:38.927,10.29644,10.29812,1.00,1.00
2018.04.09 09:45:39.239,10.29644,10.29805,1.00,1.00
2018.04.09 09:45:39.291,10.29616,10.29792,1.45,1.00
2018.04.09 09:45:39.417,10.29616,10.29792,1.00,1.00
2018.04.09 09:45:40.405,10.29619,10.29787,1.00,1.00
2018.04.09 09:45:53.485,10.2962,10.29795,1.00,1.00
2018.04.09 09:45:53.537,10.29622,10.29795,1.00,1.00
2018.04.09 09:45:53.866,10.29641,10.29795,1.00,1.00
2018.04.09 09:45:56.440,10.29619,10.29795,1.00,1.00
2018.04.09 09:45:56.547,10.29619,10.29787,1.50,1.00
2018.04.09 09:45:56.851,10.29641,10.29795,1.00,1.00
2018.04.09 09:45:59.387,10.29641,10.29799,1.00,1.00
2018.04.09 09:46:00.174,10.29641,10.29796,1.00,1.00
2018.04.09 09:46:01.000,10.29607,10.29781,1.00,1.00
2018.04.09 09:46:01.102,10.29619,10.29781,1.00,1.00
2018.04.09 09:46:01.629,10.29619,10.29787,1.00,1.00
2018.04.09 09:46:01.681,10.29641,10.29793,1.00,1.00
2018.04.09 09:46:01.846,10.29641,10.29799,1.00,1.00
2018.04.09 09:46:04.111,10.29623,10.29799,1.50,1.00
2018.04.09 09:46:04.214,10.29629,10.29805,1.00,1.00
2018.04.09 09:46:04.321,10.29604,10.29791,1.00,1.60
2018.04.09 09:46:04.476,10.29616,10.29784,1.00,1.00
2018.04.09 09:46:06.074,10.29616,10.29784,1.00,2.10
2018.04.09 09:46:06.538,10.29616,10.29781,1.00,1.60
2018.04.09 09:46:07.688,10.29616,10.29784,1.00,1.60
2018.04.09 09:46:08.043,10.29616,10.29784,1.00,1.60
2018.04.09 09:46:08.521,10.29616,10.29784,1.00,1.60
2018.04.09 09:46:08.666,10.29595,10.29786,1.45,1.60
2018.04.09 09:46:08.718,10.29595,10.29786,1.00,1.60
2018.04.09 09:46:09.202,10.29595,10.2976,1.00,1.00
2018.04.09 09:46:10.257,10.29598,10.2976,1.00,1.00
2018.04.09 09:46:12.138,10.29598,10.29786,1.00,1.60
2018.04.09 09:46:12.440,10.29616,10.29784,1.00,1.00
2018.04.09 09:46:13.012,10.29598,10.29762,1.00,1.00
2018.04.09 09:46:13.346,10.29616,10.29784,1.00,1.60
2018.04.09 09:46:14.559,10.29616,10.29784,1.00,1.60
2018.04.09 09:46:14.664,10.29598,10.29762,1.00,1.00
2018.04.09 09:46:15.217,10.29616,10.29784,1.00,2.10
2018.04.09 09:46:15.796,10.29616,10.29784,1.00,2.10
2018.04.09 09:46:15.847,10.29598,10.29762,1.00,1.00
2018.04.09 09:46:19.336,10.29601,10.29762,1.00,1.00
2018.04.09 09:46:20.674,10.29597,10.29762,1.00,1.00
2018.04.09 09:46:21.286,10.29597,10.29767,1.82,1.00
2018.04.09 09:46:21.338,10.29614,10.29792,1.45,1.00
2018.04.09 09:46:21.389,10.29634,10.29792,1.00,1.00
2018.04.09 09:46:21.441,10.29634,10.29802,1.00,1.00
2018.04.09 09:46:22.060,10.29623,10.29781,1.00,1.00
2018.04.09 09:46:22.464,10.29616,10.29767,1.00,1.00
2018.04.09 09:46:22.670,10.29593,10.29767,1.00,1.00
2018.04.09 09:46:22.808,10.29594,10.29762,1.00,1.00
2018.04.09 09:46:23.164,10.29616,10.29784,1.00,1.00
2018.04.09 09:46:23.471,10.29616,10.29771,1.00,1.00
2018.04.09 09:46:29.472,10.29616,10.2977,1.00,1.00
2018.04.09 09:46:34.511,10.29616,10.29782,1.00,1.00
2018.04.09 09:46:37.813,10.29616,10.29773,1.00,1.00
2018.04.09 09:46:37.915,10.29616,10.29782,1.00,1.00
2018.04.09 09:46:44.357,10.29616,10.29773,1.00,1.00
2018.04.09 09:46:44.914,10.29616,10.29784,1.00,1.50
2018.04.09 09:46:45.711,10.29616,10.29774,1.00,1.00
2018.04.09 09:46:59.498,10.29616,10.29772,1.00,1.00
2018.04.09 09:47:04.382,10.29594,10.29772,1.00,1.00
2018.04.09 09:47:04.741,10.29594,10.29762,1.50,1.00
2018.04.09 09:47:07.642,10.29597,10.29772,1.00,1.00
2018.04.09 09:47:07.796,10.29616,10.29772,1.00,1.00
2018.04.09 09:47:14.512,10.29616,10.29768,1.00,1.00
2018.04.09 09:47:14.563,10.29595,10.29768,1.45,1.00
2018.04.09 09:47:14.871,10.29595,10.29762,1.45,1.00
2018.04.09 09:47:17.424,10.29599,10.29768,1.45,1.00
2018.04.09 09:47:17.476,10.29605,10.29781,1.00,1.00
2018.04.09 09:47:17.527,10.29609,10.29781,1.00,1.00
2018.04.09 09:47:17.999,10.29616,10.29781,1.00,1.00
2018.04.09 09:47:18.580,10.29616,10.29784,1.00,1.00
2018.04.09 09:47:20.749,10.29616,10.29778,1.00,1.00
2018.04.09 09:47:27.657,10.29595,10.29765,1.45,1.00
2018.04.09 09:47:27.709,10.29598,10.29765,1.00,1.00
2018.04.09 09:47:28.064,10.29598,10.29762,1.00,1.00
2018.04.09 09:47:28.706,10.29616,10.29765,1.00,1.00
2018.04.09 09:47:28.759,10.29616,10.29776,1.00,1.00
2018.04.09 09:47:29.591,10.29616,10.29781,1.00,1.00
2018.04.09 09:47:30.318,10.29616,10.29782,1.00,1.00
2018.04.09 09:47:30.421,10.29616,10.29767,1.00,1.00
2018.04.09 09:47:36.196,10.29617,10.29785,1.00,1.00
2018.04.09 09:47:36.248,10.29617,10.29794,1.00,1.00
2018.04.09 09:47:36.552,10.29639,10.29794,1.00,1.00
2018.04.09 09:47:37.834,10.29615,10.29785,1.00,1.00
2018.04.09 09:47:39.427,10.29615,10.29779,1.00,1.00
2018.04.09 09:47:42.436,10.29607,10.29779,1.00,1.00
2018.04.09 09:47:42.488,10.2958,10.2977,1.00,1.00
2018.04.09 09:47:42.591,10.29586,10.29762,1.00,1.00
2018.04.09 09:47:42.911,10.29591,10.29759,1.00,1.00
2018.04.09 09:47:45.548,10.2958,10.29761,1.20,1.00
2018.04.09 09:47:46.032,10.29579,10.29737,1.00,1.00
2018.04.09 09:47:47.069,10.29583,10.29737,1.00,1.00
2018.04.09 09:48:01.111,10.2957,10.29737,1.00,1.00
2018.04.09 09:48:06.102,10.29583,10.29737,1.00,1.00
2018.04.09 09:48:12.002,10.29579,10.29737,1.00,1.00
2018.04.09 09:48:15.053,10.29582,10.29737,1.00,1.00
2018.04.09 09:48:25.386,10.29583,10.29737,1.00,1.00
2018.04.09 09:48:33.918,10.29583,10.29743,1.00,1.00
2018.04.09 09:48:34.022,10.29581,10.29754,1.00,1.00
2018.04.09 09:48:34.360,10.29589,10.29754,1.00,1.00
2018.04.09 09:48:36.422,10.29579,10.29734,1.00,1.00
2018.04.09 09:48:51.435,10.29582,10.29734,1.00,1.00
2018.04.09 09:48:59.399,10.2958,10.29734,1.00,1.00
2018.04.09 09:49:00.225,10.29581,10.29751,1.00,1.00
2018.04.09 09:49:00.277,10.29581,10.29756,1.00,1.00
2018.04.09 09:49:00.328,10.29581,10.29756,1.45,1.00
2018.04.09 09:49:00.658,10.29611,10.29761,1.00,1.00
2018.04.09 09:49:01.024,10.29644,10.29788,1.00,1.00
2018.04.09 09:49:01.127,10.29617,10.29793,1.80,1.00
2018.04.09 09:49:01.434,10.29617,10.29793,1.45,1.00
2018.04.09 09:49:01.587,10.29633,10.29793,1.00,1.00
2018.04.09 09:49:01.894,10.29633,10.29778,1.00,1.00
2018.04.09 09:49:06.613,10.29635,10.29793,1.00,1.00
2018.04.09 09:49:06.666,10.29631,10.29799,1.00,1.00
2018.04.09 09:49:06.717,10.29631,10.29791,1.00,1.00
2018.04.09 09:49:07.060,10.29633,10.2978,1.00,1.00
2018.04.09 09:49:07.607,10.29633,10.2977,1.00,1.00
2018.04.09 09:49:11.683,10.29633,10.298,1.00,1.00
2018.04.09 09:49:12.305,10.29633,10.29801,1.00,1.00
2018.04.09 09:49:14.793,10.29633,10.29799,1.00,1.00
2018.04.09 09:49:18.879,10.29634,10.29799,1.00,1.00
2018.04.09 09:49:19.225,10.29639,10.29799,1.00,1.00
2018.04.09 09:49:19.659,10.29653,10.29799,1.00,1.00
2018.04.09 09:49:20.172,10.29676,10.29799,1.00,1.00
2018.04.09 09:49:20.494,10.29653,10.29799,1.00,1.00
2018.04.09 09:49:21.997,10.29653,10.29813,1.00,1.00
2018.04.09 09:49:22.049,10.29658,10.29827,1.00,1.00
2018.04.09 09:49:22.395,10.29678,10.29828,1.00,1.00
2018.04.09 09:49:25.062,10.29678,10.29817,1.00,1.00
2018.04.09 09:49:25.959,10.29678,10.29827,1.00,1.00
2018.04.09 09:49:26.011,10.2968,10.2985,1.60,1.00
2018.04.09 09:49:26.063,10.297,10.2986,1.00,1.00
2018.04.09 09:49:26.115,10.29726,10.29884,1.00,1.00
2018.04.09 09:49:26.320,10.29738,10.29914,1.00,1.00
2018.04.09 09:49:28.041,10.29751,10.29914,1.00,1.00
2018.04.09 09:49:29.833,10.29751,10.29912,1.00,1.00
2018.04.09 09:49:32.336,10.29757,10.29933,1.00,1.00
2018.04.09 09:49:32.992,10.29778,10.29933,1.00,1.00
2018.04.09 09:49:44.811,10.29778,10.29935,1.00,1.00
2018.04.09 09:49:51.713,10.29778,10.29907,1.00,1.00
2018.04.09 09:49:51.815,10.29709,10.29885,1.00,1.00
2018.04.09 09:49:51.969,10.29697,10.29875,1.00,1.00
2018.04.09 09:49:52.225,10.29708,10.29884,1.00,1.00
2018.04.09 09:49:53.241,10.29728,10.29884,1.00,1.00
2018.04.09 09:49:59.558,10.29694,10.29862,1.00,1.00
2018.04.09 09:49:59.610,10.29686,10.29862,1.00,1.00
2018.04.09 09:50:00.173,10.29701,10.29862,1.00,1.00
2018.04.09 09:50:00.665,10.29701,10.29859,1.00,1.00
2018.04.09 09:50:00.974,10.29723,10.2987,1.00,1.00
2018.04.09 09:50:05.456,10.29694,10.2987,1.00,1.00
2018.04.09 09:50:05.614,10.29701,10.29869,1.00,1.00
2018.04.09 09:50:05.939,10.29701,10.29859,1.00,1.00
2018.04.09 09:50:14.914,10.29701,10.2985,1.00,1.00
2018.04.09 09:50:21.369,10.29672,10.2985,1.20,1.00
2018.04.09 09:50:21.691,10.29678,10.29846,1.00,1.00
2018.04.09 09:50:22.623,10.29643,10.29819,1.82,1.00
2018.04.09 09:50:23.033,10.29643,10.29819,1.82,1.00
2018.04.09 09:50:23.517,10.29656,10.29819,1.00,1.00
2018.04.09 09:50:24.079,10.29656,10.29824,1.00,1.00
2018.04.09 09:50:24.131,10.29678,10.29846,1.00,1.00
2018.04.09 09:50:24.183,10.29692,10.29868,1.00,1.00
2018.04.09 09:50:24.286,10.29694,10.29868,1.00,1.00
2018.04.09 09:50:24.665,10.29702,10.29868,1.00,1.00
2018.04.09 09:50:24.717,10.29694,10.29868,1.00,1.00
2018.04.09 09:50:24.862,10.29701,10.29868,1.00,1.00
2018.04.09 09:50:25.909,10.29701,10.29858,1.00,1.00
2018.04.09 09:50:29.918,10.29701,10.29861,1.00,1.00
2018.04.09 09:50:30.699,10.29701,10.29863,1.00,1.00
2018.04.09 09:50:35.913,10.29701,10.29869,1.00,1.00
2018.04.09 09:50:36.134,10.29703,10.29872,1.00,1.00
2018.04.09 09:50:36.368,10.29723,10.29872,1.00,1.00
2018.04.09 09:50:38.993,10.29696,10.29872,1.00,1.00
2018.04.09 09:50:39.045,10.29723,10.29872,1.00,1.00
2018.04.09 09:50:40.136,10.29696,10.29872,1.00,1.00
2018.04.09 09:50:40.391,10.29701,10.29869,1.00,1.00
2018.04.09 09:50:40.702,10.29812,10.29964,1.00,1.00
2018.04.09 09:50:40.856,10.29812,10.29988,1.00,1.00
2018.04.09 09:50:41.214,10.29812,10.29988,1.45,1.00
2018.04.09 09:50:42.813,10.29812,10.29988,1.45,1.00
2018.04.09 09:50:43.186,10.29825,10.29988,1.00,1.00
2018.04.09 09:50:43.559,10.29803,10.29971,1.45,1.00
2018.04.09 09:50:43.662,10.29803,10.29971,1.45,1.00
2018.04.09 09:50:43.819,10.29803,10.29971,1.00,1.00
2018.04.09 09:50:45.011,10.29803,10.29969,1.00,1.00
2018.04.09 09:50:45.744,10.29803,10.29969,1.45,1.00
2018.04.09 09:50:45.804,10.29803,10.29969,1.00,1.00
2018.04.09 09:50:46.611,10.29803,10.29969,1.45,1.00
2018.04.09 09:50:47.064,10.29803,10.29969,1.45,1.00
2018.04.09 09:50:47.253,10.29803,10.29969,1.45,1.00
2018.04.09 09:50:47.360,10.29803,10.29969,1.45,1.00
2018.04.09 09:50:49.782,10.29803,10.29969,1.45,1.00
2018.04.09 09:50:50.290,10.29826,10.29969,1.00,1.00
2018.04.09 09:50:54.619,10.29785,10.29959,1.95,1.00
2018.04.09 09:50:54.721,10.29785,10.29959,1.95,1.00
2018.04.09 09:50:54.824,10.29803,10.29959,1.00,1.00
2018.04.09 09:50:56.209,10.29803,10.29959,1.45,1.00
2018.04.09 09:50:58.111,10.29803,10.29959,1.45,1.00
2018.04.09 09:50:58.615,10.29803,10.29959,1.45,1.00
2018.04.09 09:50:59.176,10.29803,10.29959,1.00,1.00
2018.04.09 09:50:59.988,10.29803,10.29963,1.00,1.00
2018.04.09 09:51:00.751,10.29803,10.29965,1.00,1.00
2018.04.09 09:51:05.204,10.29806,10.29965,1.00,1.00
2018.04.09 09:51:05.256,10.29806,10.29978,1.00,1.00
2018.04.09 09:51:05.508,10.29826,10.29978,1.00,1.00
2018.04.09 09:51:10.149,10.29802,10.29978,1.00,1.00
2018.04.09 09:51:10.355,10.29802,10.29959,1.00,1.00
2018.04.09 09:51:11.916,10.29795,10.29959,1.45,1.00
2018.04.09 09:51:13.833,10.29795,10.29975,1.45,1.00
2018.04.09 09:51:13.991,10.29814,10.29975,1.00,1.00
2018.04.09 09:51:26.475,10.29788,10.29975,1.00,1.00
2018.04.09 09:51:26.851,10.29791,10.29959,1.00,1.00
2018.04.09 09:51:27.445,10.29814,10.29976,1.00,1.00
2018.04.09 09:51:28.032,10.29814,10.29982,1.00,1.00
2018.04.09 09:51:29.895,10.2979,10.2998,1.45,1.00
2018.04.09 09:51:29.946,10.2979,10.2998,1.00,1.00
2018.04.09 09:51:30.073,10.2979,10.2996,1.50,1.00
2018.04.09 09:51:30.736,10.2979,10.2996,1.95,1.00
2018.04.09 09:51:31.071,10.29798,10.2996,1.00,1.00
2018.04.09 09:51:34.720,10.2979,10.2996,1.95,1.00
2018.04.09 09:51:34.772,10.2979,10.2996,1.50,1.00
2018.04.09 09:51:35.700,10.2979,10.2996,1.95,1.00
2018.04.09 09:51:36.244,10.29799,10.2996,1.00,1.00
2018.04.09 09:51:36.296,10.29799,10.29993,1.00,1.00
2018.04.09 09:51:36.615,10.29814,10.29982,1.00,1.00
2018.04.09 09:51:40.742,10.29799,10.2998,1.00,1.00
2018.04.09 09:51:40.995,10.29799,10.29959,1.00,1.00
2018.04.09 09:51:43.501,10.29799,10.29993,1.00,1.00
2018.04.09 09:51:43.714,10.29814,10.29982,1.00,1.00
2018.04.09 09:51:45.745,10.29795,10.29959,1.45,1.00
2018.04.09 09:51:45.849,10.29791,10.29959,1.00,1.00
2018.04.09 09:51:49.614,10.29792,10.29959,1.00,1.00
2018.04.09 09:51:50.342,10.29798,10.29959,1.00,1.00
2018.04.09 09:51:51.885,10.29801,10.29989,1.20,1.00
2018.04.09 09:51:52.169,10.29814,10.29982,1.00,1.00
2018.04.09 09:52:09.963,10.29814,10.29979,1.00,1.00
2018.04.09 09:52:11.483,10.29814,10.29982,1.00,1.00
2018.04.09 09:52:17.956,10.29797,10.29981,1.00,1.00
2018.04.09 09:52:18.126,10.29797,10.2996,1.00,1.00
2018.04.09 09:52:20.951,10.29792,10.2996,1.00,1.00
2018.04.09 09:52:21.006,10.2979,10.2996,1.00,1.00
2018.04.09 09:52:21.059,10.29762,10.29936,1.45,1.00
2018.04.09 09:52:21.163,10.29748,10.29936,1.00,1.00
2018.04.09 09:52:21.267,10.29729,10.29918,1.45,1.00
2018.04.09 09:52:21.575,10.29764,10.29932,1.00,1.00
2018.04.09 09:52:21.984,10.29767,10.29932,1.45,1.00
2018.04.09 09:52:23.111,10.29764,10.29932,1.45,1.00
2018.04.09 09:52:23.361,10.29764,10.29932,1.45,1.00
2018.04.09 09:52:23.656,10.29764,10.29932,1.45,1.00
2018.04.09 09:52:23.759,10.29769,10.29957,1.45,1.00
2018.04.09 09:52:23.810,10.29769,10.29957,1.45,1.00
2018.04.09 09:52:24.108,10.29789,10.29957,1.00,1.50
2018.04.09 09:52:28.482,10.29769,10.29956,1.45,1.00
2018.04.09 09:52:28.731,10.29769,10.29935,1.45,1.00
2018.04.09 09:52:29.201,10.29789,10.29957,1.00,1.50
2018.04.09 09:52:35.692,10.29789,10.29957,1.45,1.00
2018.04.09 09:52:36.274,10.29789,10.29957,1.00,1.00
2018.04.09 09:52:44.252,10.29789,10.29957,1.45,1.00
2018.04.09 09:52:50.525,10.29789,10.29957,1.00,1.00
2018.04.09 09:52:51.693,10.29791,10.29957,1.00,1.00
2018.04.09 09:52:55.450,10.29789,10.29957,1.00,1.00
2018.04.09 09:53:06.016,10.29792,10.29957,1.45,1.00
2018.04.09 09:53:13.075,10.29792,10.29957,1.45,1.00
2018.04.09 09:53:13.177,10.29789,10.29957,1.00,1.00
2018.04.09 09:53:13.407,10.29793,10.29957,1.45,1.00
2018.04.09 09:53:13.740,10.29796,10.29957,1.45,1.00
2018.04.09 09:53:14.997,10.29796,10.29994,1.45,1.37
2018.04.09 09:53:15.331,10.29814,10.29982,1.00,1.00
2018.04.09 09:53:16.563,10.29791,10.29959,1.45,1.00
2018.04.09 09:53:21.959,10.29816,10.30005,1.05,1.37
2018.04.09 09:53:22.011,10.29855,10.30034,1.45,1.87
2018.04.09 09:53:22.063,10.29904,10.30034,1.45,1.00
2018.04.09 09:53:22.115,10.29929,10.30104,1.00,1.00
2018.04.09 09:53:22.168,10.29934,10.30104,1.45,1.00
2018.04.09 09:53:22.219,10.29958,10.30144,1.45,1.37
2018.04.09 09:53:22.322,10.29958,10.30156,1.45,1.75
2018.04.09 09:53:22.425,10.29958,10.30159,1.45,1.00
2018.04.09 09:53:22.477,10.29968,10.3017,1.45,1.37
2018.04.09 09:53:22.529,10.29988,10.30195,1.45,1.37
2018.04.09 09:53:22.631,10.2998,10.30187,1.45,1.00
2018.04.09 09:53:22.733,10.2998,10.30187,1.45,1.00
2018.04.09 09:53:22.903,10.29971,10.3018,1.45,1.00
2018.04.09 09:53:23.256,10.29961,10.30168,1.45,1.00
2018.04.09 09:53:23.574,10.29972,10.30168,1.45,1.00
2018.04.09 09:53:23.907,10.29977,10.30134,1.00,1.00
2018.04.09 09:53:24.365,10.29977,10.30142,1.00,2.10
2018.04.09 09:53:24.821,10.29977,10.30142,1.00,2.10
2018.04.09 09:53:26.856,10.29962,10.30142,1.00,1.00
2018.04.09 09:53:27.110,10.29957,10.30142,1.00,1.00
2018.04.09 09:53:27.312,10.29975,10.30142,1.00,1.00
2018.04.09 09:53:29.642,10.29975,10.3014,1.00,1.00
2018.04.09 09:53:30.776,10.29975,10.30141,1.00,1.00
2018.04.09 09:53:31.046,10.29975,10.30143,1.00,1.00
2018.04.09 09:53:33.997,10.29937,10.30131,1.45,1.00
2018.04.09 09:53:34.315,10.29952,10.30131,1.00,1.00
2018.04.09 09:53:34.978,10.29952,10.30127,1.00,1.00
2018.04.09 09:53:36.759,10.29911,10.30105,1.45,1.60
2018.04.09 09:53:36.811,10.29901,10.30095,1.45,1.00
2018.04.09 09:53:36.863,10.29901,10.30095,1.45,1.60
2018.04.09 09:53:36.914,10.29893,10.30095,2.32,1.60
2018.04.09 09:53:36.967,10.29884,10.30084,1.45,1.60
2018.04.09 09:53:37.019,10.29882,10.30078,1.45,1.60
2018.04.09 09:53:37.070,10.29882,10.30078,1.45,1.60
2018.04.09 09:53:37.224,10.29874,10.30073,1.45,1.60
2018.04.09 09:53:37.326,10.29873,10.30073,1.45,1.60
2018.04.09 09:53:37.749,10.29873,10.30073,1.45,1.60
2018.04.09 09:53:37.954,10.29882,10.30073,1.00,1.00
2018.04.09 09:53:38.358,10.29882,10.30073,1.45,1.00
2018.04.09 09:53:38.666,10.29925,10.30097,1.00,1.00
2018.04.09 09:53:41.232,10.29925,10.30082,1.00,1.00
2018.04.09 09:53:45.335,10.2989,10.30082,1.45,1.00
2018.04.09 09:53:45.693,10.29907,10.30082,1.00,1.00
2018.04.09 09:53:48.019,10.29907,10.30073,1.00,1.00
2018.04.09 09:53:49.867,10.29907,10.30065,1.00,1.00
2018.04.09 09:53:50.325,10.29868,10.30057,1.45,1.00
2018.04.09 09:53:50.377,10.29868,10.30057,1.00,1.00
2018.04.09 09:53:50.429,10.29868,10.30049,1.00,1.00
2018.04.09 09:53:50.737,10.29922,10.30061,1.00,1.00
2018.04.09 09:53:50.788,10.29922,10.30071,1.00,1.00
2018.04.09 09:53:50.841,10.29922,10.3008,1.00,1.00
2018.04.09 09:53:54.237,10.29886,10.30064,1.00,1.00
2018.04.09 09:53:54.289,10.29842,10.30039,1.00,1.60
2018.04.09 09:53:54.341,10.29829,10.3003,1.82,1.60
2018.04.09 09:53:54.686,10.2981,10.30002,1.45,1.60
2018.04.09 09:53:54.802,10.2981,10.29993,1.45,1.35
2018.04.09 09:53:54.854,10.2981,10.29993,1.00,1.00
2018.04.09 09:53:55.086,10.29816,10.29993,1.00,1.00
2018.04.09 09:53:55.292,10.29816,10.30002,1.00,1.00
2018.04.09 09:53:55.692,10.29825,10.30002,1.00,1.00
2018.04.09 09:53:56.281,10.29826,10.30011,1.00,1.00
2018.04.09 09:53:56.333,10.29869,10.30023,1.00,1.37
2018.04.09 09:53:57.313,10.29869,10.30036,1.00,1.00
2018.04.09 09:54:00.966,10.29869,10.30029,1.00,1.00
2018.04.09 09:54:09.956,10.29869,10.30022,1.00,1.00
2018.04.09 09:54:11.426,10.29869,10.30029,1.00,1.00
2018.04.09 09:54:12.101,10.29869,10.30019,1.00,1.00
2018.04.09 09:54:13.613,10.29869,10.30028,1.00,1.50
2018.04.09 09:54:13.916,10.29869,10.30019,1.00,1.00
2018.04.09 09:54:14.646,10.29834,10.30001,1.00,1.00
2018.04.09 09:54:14.697,10.29834,10.29984,1.00,1.00
2018.04.09 09:54:15.099,10.29847,10.29984,1.00,1.00
2018.04.09 09:54:15.151,10.29847,10.29992,1.00,1.00
2018.04.09 09:54:15.202,10.29847,10.30006,1.00,1.00
2018.04.09 09:54:16.138,10.29847,10.30014,1.00,1.00
2018.04.09 09:54:16.909,10.29847,10.30015,1.00,1.00
2018.04.09 09:54:22.596,10.29847,10.30009,1.00,1.00
2018.04.09 09:54:23.390,10.29847,10.30001,1.00,1.00
2018.04.09 09:54:24.884,10.29847,10.3001,1.00,1.00
2018.04.09 09:54:27.903,10.29847,10.3,1.00,1.00
2018.04.09 09:54:28.827,10.29847,10.29992,1.00,1.00
2018.04.09 09:54:29.077,10.29811,10.29992,1.00,1.00
2018.04.09 09:54:29.426,10.29827,10.29992,1.00,1.00
2018.04.09 09:54:29.667,10.29827,10.29995,1.00,1.00
2018.04.09 09:54:32.385,10.29827,10.29968,1.00,1.00
2018.04.09 09:54:32.592,10.29827,10.29986,1.00,1.00
2018.04.09 09:54:34.912,10.29827,10.29969,1.00,1.00
2018.04.09 09:54:35.066,10.29789,10.29968,1.00,1.00
2018.04.09 09:54:35.169,10.29789,10.2996,1.45,1.00
2018.04.09 09:54:35.221,10.29789,10.2996,1.00,1.00
2018.04.09 09:54:35.370,10.29789,10.2996,1.45,1.00
2018.04.09 09:54:35.736,10.29802,10.2996,1.00,1.00
2018.04.09 09:54:36.695,10.29802,10.2997,1.45,1.00
2018.04.09 09:54:36.747,10.29802,10.29966,1.00,1.00
2018.04.09 09:54:36.952,10.29759,10.29943,1.82,1.00
2018.04.09 09:54:37.080,10.29759,10.29943,1.82,1.00
2018.04.09 09:54:37.147,10.29759,10.29943,1.82,1.00
2018.04.09 09:54:37.509,10.29779,10.29943,1.00,1.00
2018.04.09 09:54:38.313,10.29779,10.29947,1.00,1.00
2018.04.09 09:54:38.415,10.29779,10.29947,1.45,1.00
2018.04.09 09:54:38.818,10.29779,10.29947,1.45,1.00
2018.04.09 09:54:39.023,10.29802,10.29955,1.00,1.00
2018.04.09 09:54:40.387,10.29779,10.29931,1.45,1.00
2018.04.09 09:54:40.439,10.29756,10.29931,1.00,1.60
2018.04.09 09:54:40.491,10.29756,10.29914,1.00,1.00
2018.04.09 09:54:40.543,10.29721,10.2991,1.00,2.10
2018.04.09 09:54:40.594,10.297,10.29889,1.45,1.60
2018.04.09 09:54:40.645,10.29682,10.29871,1.95,1.60
2018.04.09 09:54:40.696,10.29682,10.29868,1.45,1.60
2018.04.09 09:54:40.849,10.29682,10.29867,1.00,1.00
2018.04.09 09:54:40.901,10.29682,10.29871,1.00,1.00
2018.04.09 09:54:40.952,10.29694,10.2988,1.45,1.00
2018.04.09 09:54:41.003,10.29694,10.29883,1.45,1.00
2018.04.09 09:54:41.055,10.29707,10.29883,1.00,1.00
2018.04.09 09:54:41.161,10.29707,10.29894,1.00,1.00
2018.04.09 09:54:41.212,10.29707,10.29894,1.45,1.00
2018.04.09 09:54:41.314,10.29707,10.29894,1.45,1.00
2018.04.09 09:54:41.416,10.29704,10.29894,1.00,1.00
2018.04.09 09:54:41.671,10.29722,10.29894,1.00,1.00
2018.04.09 09:54:42.084,10.29722,10.29904,1.00,1.00
2018.04.09 09:54:42.188,10.2975,10.29915,1.00,1.00
2018.04.09 09:54:42.291,10.29749,10.29938,1.00,1.00
2018.04.09 09:54:42.342,10.29764,10.29953,1.20,1.37
2018.04.09 09:54:42.525,10.29754,10.29943,1.00,1.50
2018.04.09 09:54:42.577,10.29754,10.29943,1.45,1.50
2018.04.09 09:54:42.682,10.29754,10.29943,1.45,1.50
2018.04.09 09:54:42.785,10.29752,10.29932,1.00,1.00
2018.04.09 09:54:43.640,10.29752,10.29932,1.45,1.00
2018.04.09 09:54:43.784,10.29752,10.29932,1.00,1.00
2018.04.09 09:54:45.412,10.29752,10.29928,1.00,1.00
2018.04.09 09:54:50.047,10.29752,10.29917,1.00,1.00
2018.04.09 09:54:51.543,10.29752,10.29918,1.00,1.00
2018.04.09 09:54:52.099,10.29752,10.29917,1.00,1.00
2018.04.09 09:54:53.442,10.29752,10.29918,1.00,1.00
2018.04.09 09:55:00.017,10.29757,10.29918,1.00,1.00
2018.04.09 09:55:00.477,10.29757,10.29926,1.00,1.00
2018.04.09 09:55:02.396,10.29757,10.29925,1.00,1.00
2018.04.09 09:55:03.094,10.29757,10.29926,1.00,1.00
2018.04.09 09:55:04.347,10.29757,10.29925,1.00,1.00
2018.04.09 09:55:09.069,10.29757,10.29926,1.00,1.00
2018.04.09 09:55:09.576,10.29757,10.29923,1.00,1.00
2018.04.09 09:55:09.910,10.29757,10.29921,1.00,1.00
2018.04.09 09:55:10.852,10.29757,10.29926,1.00,1.00
2018.04.09 09:55:14.831,10.29757,10.29919,1.00,1.00
2018.04.09 09:55:15.211,10.29757,10.29908,1.00,1.00
2018.04.09 09:55:15.417,10.29714,10.29888,1.00,1.00
2018.04.09 09:55:15.468,10.29681,10.2987,1.00,2.10
2018.04.09 09:55:16.296,10.29684,10.2987,1.00,1.00
2018.04.09 09:55:17.036,10.29684,10.29873,1.00,1.00
2018.04.09 09:55:17.098,10.29701,10.29873,1.00,1.00
2018.04.09 09:55:19.779,10.29644,10.29829,1.45,1.00
2018.04.09 09:55:19.830,10.2962,10.29807,1.12,1.00
2018.04.09 09:55:19.882,10.29606,10.29794,1.45,1.00
2018.04.09 09:55:19.984,10.29605,10.29794,1.00,1.00
2018.04.09 09:55:20.036,10.29605,10.29794,1.45,1.50
2018.04.09 09:55:20.088,10.29617,10.29806,1.00,1.00
2018.04.09 09:55:20.140,10.29639,10.29827,1.00,1.37
2018.04.09 09:55:21.040,10.29657,10.29827,1.00,1.37
2018.04.09 09:55:21.622,10.29657,10.29827,1.00,1.00
2018.04.09 09:55:22.637,10.29657,10.29823,1.00,1.00
2018.04.09 09:55:26.316,10.29657,10.29827,1.00,1.00
2018.04.09 09:55:27.653,10.29657,10.29825,1.00,1.00
2018.04.09 09:55:27.705,10.29624,10.29813,1.45,1.00
2018.04.09 09:55:27.962,10.29624,10.29813,1.00,1.60
2018.04.09 09:55:28.319,10.29624,10.29813,1.00,1.60
2018.04.09 09:55:29.226,10.29624,10.29813,1.00,1.60
2018.04.09 09:55:29.430,10.29624,10.29813,1.00,1.00
2018.04.09 09:55:29.482,10.29647,10.29813,1.00,1.00
2018.04.09 09:55:30.193,10.29624,10.29813,1.50,1.00
2018.04.09 09:55:30.502,10.29628,10.29816,1.00,1.50
2018.04.09 09:55:34.128,10.29628,10.29809,1.00,1.00
2018.04.09 09:55:37.558,10.29624,10.29806,1.00,1.00
2018.04.09 09:55:37.662,10.29624,10.29796,1.00,1.00
2018.04.09 09:55:37.816,10.29563,10.29754,1.00,1.60
2018.04.09 09:55:37.867,10.29551,10.2974,1.20,1.00
2018.04.09 09:55:38.174,10.29595,10.29764,1.00,1.00
2018.04.09 09:55:38.953,10.29595,10.29775,1.00,1.00
2018.04.09 09:55:41.218,10.29598,10.2978,1.00,1.00
2018.04.09 09:55:42.413,10.29595,10.29776,1.00,1.00
2018.04.09 09:55:42.873,10.29603,10.29793,1.00,1.37
2018.04.09 09:55:43.095,10.29612,10.29793,1.00,1.37
2018.04.09 09:55:43.381,10.29593,10.29772,1.00,1.00
2018.04.09 09:55:45.555,10.2959,10.29772,1.00,1.00
2018.04.09 09:55:46.097,10.2959,10.29764,1.00,1.00
2018.04.09 09:55:46.829,10.2959,10.29765,1.00,1.00
2018.04.09 09:55:57.299,10.29595,10.29765,1.45,1.00
2018.04.09 09:55:57.350,10.29595,10.29776,1.45,1.00
2018.04.09 09:55:59.511,10.29593,10.29782,1.45,1.00
2018.04.09 09:55:59.729,10.29593,10.29782,1.45,1.50
2018.04.09 09:55:59.804,10.29593,10.29782,1.45,1.50
2018.04.09 09:56:00.238,10.29595,10.29782,1.45,1.50
2018.04.09 09:56:00.644,10.29595,10.29778,1.45,1.00
2018.04.09 09:56:01.184,10.29595,10.29778,1.45,1.00
2018.04.09 09:56:03.563,10.29595,10.29778,1.45,1.00
2018.04.09 09:56:04.388,10.29595,10.29778,1.45,1.00
2018.04.09 09:56:05.447,10.29595,10.29778,1.45,1.00
2018.04.09 09:56:05.548,10.29595,10.29778,1.45,1.00
2018.04.09 09:56:06.225,10.29595,10.29778,1.45,1.00
2018.04.09 09:56:13.852,10.29595,10.29778,1.45,1.00
2018.04.09 09:56:13.977,10.29595,10.29778,1.45,1.00
2018.04.09 09:56:15.592,10.29595,10.29782,1.45,1.00
2018.04.09 09:56:20.042,10.29595,10.29775,1.00,1.00
2018.04.09 09:56:20.168,10.29595,10.29783,1.00,1.00
2018.04.09 09:56:20.219,10.29595,10.29783,1.45,1.00
2018.04.09 09:56:20.735,10.29597,10.29782,1.45,1.00
2018.04.09 09:56:21.409,10.29597,10.29782,1.45,1.00
2018.04.09 09:56:22.070,10.29595,10.29782,1.45,1.00
2018.04.09 09:56:23.108,10.29595,10.29782,1.45,1.00
2018.04.09 09:56:23.212,10.29595,10.29782,1.45,1.00
2018.04.09 09:56:23.346,10.29595,10.29782,1.45,1.00
2018.04.09 09:56:23.657,10.29601,10.2978,1.45,1.00
2018.04.09 09:56:25.244,10.29601,10.29788,1.45,1.00
2018.04.09 09:56:25.297,10.29607,10.29788,1.00,1.00
2018.04.09 09:56:25.552,10.29623,10.29788,1.00,1.00
2018.04.09 09:56:25.603,10.29601,10.29779,1.45,1.00
2018.04.09 09:56:25.753,10.29618,10.29779,1.00,1.00
2018.04.09 09:56:29.365,10.29618,10.29786,1.00,1.00
2018.04.09 09:56:29.543,10.29594,10.29789,1.45,1.00
2018.04.09 09:56:29.645,10.2964,10.29789,1.00,1.00
2018.04.09 09:56:30.257,10.2964,10.2979,1.00,1.50
2018.04.09 09:56:30.631,10.2964,10.29786,1.00,1.00
2018.04.09 09:56:35.400,10.2964,10.29779,1.00,1.00
2018.04.09 09:56:35.452,10.2964,10.29786,1.00,1.50
2018.04.09 09:56:36.720,10.2964,10.29778,1.00,1.00
2018.04.09 09:56:37.813,10.2964,10.29786,1.00,1.00
2018.04.09 09:56:45.666,10.2964,10.29787,1.00,1.00
2018.04.09 09:56:46.421,10.2964,10.29793,1.00,1.00
2018.04.09 09:56:51.256,10.2964,10.29786,1.00,1.00
2018.04.09 09:56:51.734,10.2964,10.29793,1.00,1.00
2018.04.09 09:57:00.732,10.2964,10.29791,1.00,1.00
2018.04.09 09:57:15.711,10.2964,10.29789,1.00,1.00
2018.04.09 09:57:17.557,10.296,10.29789,1.00,1.00
2018.04.09 09:57:17.786,10.296,10.29785,1.45,1.00
2018.04.09 09:57:18.103,10.2961,10.29778,1.00,1.00
2018.04.09 09:57:30.137,10.29608,10.29789,1.00,1.00
2018.04.09 09:57:30.189,10.29608,10.29789,1.45,1.00
2018.04.09 09:57:30.541,10.29628,10.29789,1.00,1.00
2018.04.09 09:57:31.157,10.29628,10.2979,1.00,1.00
2018.04.09 09:57:45.772,10.29628,10.29792,1.00,1.00
2018.04.09 09:58:15.882,10.29628,10.29796,1.00,1.00
2018.04.09 09:58:30.608,10.29611,10.29797,1.45,1.00
2018.04.09 09:58:30.862,10.29603,10.29792,1.45,1.00
2018.04.09 09:58:34.952,10.29603,10.2979,1.45,1.00
2018.04.09 09:58:35.053,10.29603,10.2979,1.45,1.00
2018.04.09 09:58:35.205,10.29603,10.2979,1.45,1.00
2018.04.09 09:58:35.713,10.29603,10.2979,1.45,1.00
2018.04.09 09:58:36.145,10.29593,10.29782,1.45,1.00
2018.04.09 09:58:37.179,10.29593,10.29782,1.45,1.00
2018.04.09 09:58:38.392,10.29593,10.29782,1.45,1.50
2018.04.09 09:58:38.939,10.29593,10.29782,1.45,1.00
2018.04.09 09:58:40.536,10.29593,10.29776,1.45,1.00
2018.04.09 09:58:40.691,10.29582,10.29775,1.45,1.00
2018.04.09 09:58:40.794,10.29588,10.29779,1.45,1.00
2018.04.09 09:58:40.845,10.29594,10.29762,1.45,1.00
2018.04.09 09:58:41.137,10.29594,10.29762,1.45,1.00
2018.04.09 09:58:41.791,10.29597,10.29762,1.45,1.00
2018.04.09 09:58:42.232,10.29594,10.29762,1.95,1.00
2018.04.09 09:58:45.366,10.29594,10.29762,1.95,1.00
2018.04.09 09:58:45.783,10.29594,10.29762,1.95,1.00
2018.04.09 09:58:45.937,10.29594,10.29781,1.45,1.00
2018.04.09 09:58:45.988,10.29594,10.29781,1.45,1.00
2018.04.09 09:58:46.302,10.29616,10.29781,1.00,1.00
2018.04.09 09:58:46.808,10.29616,10.29782,1.00,1.00
2018.04.09 09:58:50.557,10.29594,10.29782,1.45,2.25
2018.04.09 09:58:50.713,10.29594,10.29762,1.95,1.00
2018.04.09 09:58:52.554,10.29594,10.29762,1.95,1.00
2018.04.09 09:58:53.072,10.29594,10.29762,1.95,1.00
2018.04.09 09:58:54.937,10.29594,10.29762,1.95,1.00
2018.04.09 09:58:57.454,10.29594,10.29762,1.45,1.00
2018.04.09 09:58:58.970,10.29594,10.29762,1.45,1.00
2018.04.09 09:59:00.952,10.29594,10.29762,1.45,1.00
2018.04.09 09:59:03.309,10.29594,10.29762,1.95,1.00
2018.04.09 09:59:05.820,10.29594,10.29762,1.95,1.00
2018.04.09 09:59:05.922,10.29594,10.29762,1.95,1.00
2018.04.09 09:59:06.347,10.29594,10.29762,1.95,1.00
2018.04.09 09:59:07.823,10.29594,10.29762,1.95,1.00
2018.04.09 09:59:07.875,10.29594,10.29762,1.95,1.00
2018.04.09 09:59:08.216,10.29594,10.29762,1.95,1.00
2018.04.09 09:59:09.648,10.29594,10.29762,1.95,1.00
2018.04.09 09:59:13.555,10.29594,10.29762,1.95,1.00
2018.04.09 09:59:13.607,10.29594,10.29762,1.95,1.00
2018.04.09 09:59:15.687,10.29599,10.2978,1.42,1.00
2018.04.09 09:59:15.740,10.2961,10.29799,1.42,1.00
2018.04.09 09:59:15.792,10.29621,10.29816,1.45,1.00
2018.04.09 09:59:15.844,10.29643,10.29828,1.00,1.00
2018.04.09 09:59:16.287,10.29622,10.29828,1.05,1.00
2018.04.09 09:59:16.339,10.29645,10.29828,1.45,1.00
2018.04.09 09:59:16.442,10.29645,10.29834,1.45,1.00
2018.04.09 09:59:17.883,10.29666,10.29834,1.00,1.50
2018.04.09 09:59:18.683,10.29666,10.29829,1.00,1.00
2018.04.09 09:59:18.958,10.29666,10.29834,1.00,1.50
2018.04.09 09:59:24.341,10.29666,10.29829,1.00,1.00
2018.04.09 09:59:24.759,10.29666,10.29834,1.00,1.00
2018.04.09 09:59:46.803,10.29666,10.29834,1.45,1.00
2018.04.09 09:59:46.957,10.29678,10.29867,1.45,1.00
2018.04.09 09:59:47.008,10.29678,10.29867,1.45,1.00
2018.04.09 09:59:47.312,10.29678,10.29867,1.45,1.00
2018.04.09 09:59:47.377,10.2969,10.29877,1.45,1.00
2018.04.09 09:59:47.428,10.2969,10.29877,1.45,1.00
2018.04.09 09:59:47.758,10.29701,10.29877,1.45,1.00
2018.04.09 09:59:47.815,10.29701,10.29877,1.45,1.00
2018.04.09 09:59:48.721,10.29716,10.29877,1.00,1.00
2018.04.09 09:59:49.643,10.29716,10.29875,1.00,1.00
2018.04.09 09:59:52.386,10.29716,10.29875,1.45,1.00
2018.04.09 09:59:52.810,10.29689,10.29875,1.45,1.00
2018.04.09 09:59:52.862,10.29689,10.29865,1.45,1.00
2018.04.09 09:59:53.214,10.29694,10.29862,1.45,1.00
2018.04.09 09:59:53.367,10.29694,10.29862,1.45,1.00
2018.04.09 09:59:53.420,10.29694,10.29862,1.45,1.00
2018.04.09 09:59:53.472,10.29716,10.29877,1.45,1.00
2018.04.09 09:59:54.201,10.29716,10.29877,1.00,1.00
