2018.04.25 14:00:00.016,10.4256,10.42759,1.75,1.00
2018.04.25 14:00:00.118,10.42516,10.42755,1.00,1.37
2018.04.25 14:00:00.221,10.42498,10.42743,1.00,1.60
2018.04.25 14:00:00.502,10.42487,10.42728,1.00,1.35
2018.04.25 14:00:00.606,10.42487,10.42728,1.00,1.35
2018.04.25 14:00:00.657,10.4248,10.42722,1.00,1.97
2018.04.25 14:00:00.709,10.4248,10.42722,1.00,1.97
2018.04.25 14:00:00.812,10.4248,10.42722,1.00,1.97
2018.04.25 14:00:00.864,10.42483,10.42722,1.00,1.97
2018.04.25 14:00:00.916,10.42483,10.42722,1.00,1.97
2018.04.25 14:00:00.968,10.42483,10.42722,1.00,1.97
2018.04.25 14:00:01.204,10.42483,10.42722,1.00,1.97
2018.04.25 14:00:01.307,10.4247,10.42722,1.37,1.97
2018.04.25 14:00:01.512,10.4247,10.42722,1.37,1.97
2018.04.25 14:00:01.564,10.4247,10.42722,1.37,1.97
2018.04.25 14:00:01.753,10.4247,10.42722,1.37,1.97
2018.04.25 14:00:01.805,10.4247,10.42722,1.00,1.75
2018.04.25 14:00:02.114,10.42528,10.42744,1.00,1.37
2018.04.25 14:00:02.394,10.42519,10.42744,1.37,1.00
2018.04.25 14:00:02.503,10.42519,10.42768,1.37,1.37
2018.04.25 14:00:03.160,10.42531,10.42768,1.00,1.37
2018.04.25 14:00:03.302,10.42491,10.42766,1.75,1.35
2018.04.25 14:00:03.353,10.42491,10.42751,1.75,1.00
2018.04.25 14:00:03.405,10.42491,10.42751,1.37,1.37
2018.04.25 14:00:03.714,10.42468,10.42721,1.00,1.37
2018.04.25 14:00:03.818,10.42466,10.42721,1.12,1.37
2018.04.25 14:00:04.186,10.42475,10.42721,1.00,1.72
2018.04.25 14:00:04.744,10.42475,10.42719,1.00,1.35
2018.04.25 14:00:04.852,10.42466,10.42719,1.50,1.35
2018.04.25 14:00:05.577,10.42443,10.42697,1.37,1.35
2018.04.25 14:00:05.629,10.42433,10.42688,1.00,1.35
2018.04.25 14:00:05.784,10.42414,10.42677,1.87,1.35
2018.04.25 14:00:05.836,10.42414,10.42666,1.37,1.35
2018.04.25 14:00:06.173,10.42414,10.42664,1.00,2.05
2018.04.25 14:00:06.484,10.42403,10.42664,1.00,1.12
2018.04.25 14:00:07.181,10.42403,10.42666,1.00,1.12
2018.04.25 14:00:07.234,10.42434,10.42673,1.00,1.75
2018.04.25 14:00:07.287,10.42414,10.42673,1.00,1.75
2018.04.25 14:00:07.338,10.42434,10.42673,1.00,1.75
2018.04.25 14:00:07.443,10.42462,10.42674,1.00,1.37
2018.04.25 14:00:07.495,10.42479,10.42693,1.00,1.37
2018.04.25 14:00:07.550,10.42464,10.42693,1.00,1.37
2018.04.25 14:00:07.773,10.42454,10.42704,1.00,1.12
2018.04.25 14:00:07.824,10.42464,10.42704,1.00,1.12
2018.04.25 14:00:08.356,10.42463,10.42704,1.00,1.12
2018.04.25 14:00:08.408,10.4245,10.42704,1.00,1.12
2018.04.25 14:00:08.463,10.42448,10.42704,1.00,1.12
2018.04.25 14:00:08.618,10.42462,10.42714,1.00,1.37
2018.04.25 14:00:08.670,10.42457,10.42714,1.00,1.37
2018.04.25 14:00:08.850,10.42446,10.42714,1.00,1.37
2018.04.25 14:00:08.901,10.42459,10.42714,1.00,1.37
2018.04.25 14:00:09.206,10.42472,10.42714,1.00,1.37
2018.04.25 14:00:09.493,10.42461,10.42714,1.00,1.37
2018.04.25 14:00:09.711,10.42461,10.42709,1.00,1.37
2018.04.25 14:00:09.978,10.42453,10.42709,1.00,1.75
2018.04.25 14:00:10.587,10.4247,10.42704,1.00,1.37
2018.04.25 14:00:10.691,10.42458,10.42704,1.00,1.37
2018.04.25 14:00:10.898,10.42458,10.42705,1.00,1.75
2018.04.25 14:00:11.207,10.42469,10.42705,1.00,1.37
2018.04.25 14:00:11.512,10.42513,10.42737,1.00,1.75
2018.04.25 14:00:11.752,10.42491,10.42737,1.00,1.75
2018.04.25 14:00:11.805,10.42503,10.42737,1.00,1.75
2018.04.25 14:00:11.856,10.4249,10.42737,1.00,1.75
2018.04.25 14:00:12.009,10.42445,10.42707,1.00,1.12
2018.04.25 14:00:12.112,10.42422,10.42674,1.00,1.12
2018.04.25 14:00:12.217,10.42379,10.42637,1.00,1.35
2018.04.25 14:00:12.335,10.42379,10.42629,1.00,1.72
2018.04.25 14:00:12.387,10.42349,10.42604,1.00,1.67
2018.04.25 14:00:12.438,10.42352,10.42606,1.00,1.35
2018.04.25 14:00:12.745,10.42368,10.42616,1.00,1.75
2018.04.25 14:00:13.679,10.42378,10.42638,1.00,1.12
2018.04.25 14:00:13.833,10.42407,10.42639,1.00,1.37
2018.04.25 14:00:13.884,10.42403,10.42639,1.00,1.37
2018.04.25 14:00:13.988,10.42391,10.42649,1.00,1.12
2018.04.25 14:00:14.040,10.42394,10.42663,1.00,1.12
2018.04.25 14:00:15.264,10.42405,10.4266,1.00,1.12
2018.04.25 14:00:15.688,10.42415,10.42671,1.00,1.12
2018.04.25 14:00:15.995,10.42431,10.42671,1.00,1.12
2018.04.25 14:00:16.047,10.42418,10.42672,1.00,1.75
2018.04.25 14:00:16.287,10.4243,10.42679,1.00,1.12
2018.04.25 14:00:16.441,10.4244,10.42679,1.00,1.12
2018.04.25 14:00:16.493,10.42431,10.4268,1.00,1.12
2018.04.25 14:00:16.648,10.42442,10.42679,1.00,1.12
2018.04.25 14:00:17.172,10.42471,10.42694,1.00,1.75
2018.04.25 14:00:17.226,10.42471,10.42705,1.00,1.37
2018.04.25 14:00:17.278,10.42494,10.42705,1.00,1.37
2018.04.25 14:00:17.330,10.42463,10.42705,1.00,1.37
2018.04.25 14:00:17.650,10.42485,10.42722,1.00,1.12
2018.04.25 14:00:17.855,10.42476,10.42728,1.00,1.12
2018.04.25 14:00:18.165,10.42482,10.42728,1.00,1.12
2018.04.25 14:00:18.268,10.42471,10.42728,1.00,1.12
2018.04.25 14:00:18.395,10.42466,10.42723,1.00,1.35
2018.04.25 14:00:18.448,10.42466,10.42723,1.00,1.35
2018.04.25 14:00:18.680,10.42475,10.42713,1.00,1.37
2018.04.25 14:00:19.663,10.42486,10.42713,1.00,1.37
2018.04.25 14:00:20.046,10.42471,10.42728,1.00,1.12
2018.04.25 14:00:20.097,10.42449,10.42718,1.37,1.97
2018.04.25 14:00:20.153,10.4246,10.42718,1.00,1.75
2018.04.25 14:00:20.515,10.42458,10.42718,1.00,1.75
2018.04.25 14:00:20.640,10.42445,10.42718,1.37,1.75
2018.04.25 14:00:20.692,10.42463,10.42724,1.00,1.12
2018.04.25 14:00:20.846,10.42431,10.42706,1.37,1.37
2018.04.25 14:00:20.949,10.42425,10.42704,1.00,2.10
2018.04.25 14:00:21.001,10.42414,10.42696,1.37,1.35
2018.04.25 14:00:21.105,10.42414,10.42676,1.37,1.12
2018.04.25 14:00:21.447,10.42421,10.42666,1.00,1.12
2018.04.25 14:00:21.954,10.4242,10.42666,1.00,1.12
2018.04.25 14:00:22.586,10.4242,10.42674,1.00,1.37
2018.04.25 14:00:22.713,10.42431,10.42674,1.00,1.37
2018.04.25 14:00:23.483,10.42438,10.42686,1.00,1.50
2018.04.25 14:00:23.587,10.42446,10.42694,1.00,1.37
2018.04.25 14:00:23.638,10.42476,10.42694,1.00,1.37
2018.04.25 14:00:23.690,10.42462,10.42727,1.00,1.12
2018.04.25 14:00:23.794,10.42472,10.42727,1.00,1.12
2018.04.25 14:00:23.948,10.42472,10.42737,1.00,1.75
2018.04.25 14:00:24.205,10.42484,10.42737,1.00,1.75
2018.04.25 14:00:24.882,10.42474,10.42734,1.00,1.97
2018.04.25 14:00:25.040,10.42463,10.42715,1.37,1.37
2018.04.25 14:00:25.253,10.42463,10.42715,1.37,1.37
2018.04.25 14:00:26.466,10.42463,10.42715,1.00,1.37
2018.04.25 14:00:27.118,10.42474,10.42731,1.00,1.75
2018.04.25 14:00:27.477,10.42472,10.42731,1.00,1.37
2018.04.25 14:00:27.528,10.42495,10.42731,1.00,1.37
2018.04.25 14:00:27.861,10.42495,10.42731,1.00,1.37
2018.04.25 14:00:30.198,10.42506,10.42744,1.00,1.37
2018.04.25 14:00:30.249,10.42506,10.42744,1.00,1.75
2018.04.25 14:00:30.426,10.42461,10.42719,1.00,1.97
2018.04.25 14:00:30.481,10.42435,10.42689,1.37,1.97
2018.04.25 14:00:30.533,10.42436,10.42678,1.00,1.35
2018.04.25 14:00:30.843,10.42446,10.4267,1.00,1.12
2018.04.25 14:00:31.156,10.42407,10.42664,1.37,1.37
2018.04.25 14:00:31.467,10.42423,10.42664,1.00,1.97
2018.04.25 14:00:31.864,10.42423,10.42664,1.00,1.37
2018.04.25 14:00:32.581,10.4242,10.42664,1.00,1.37
2018.04.25 14:00:33.067,10.4242,10.42665,1.00,1.37
2018.04.25 14:00:33.236,10.42432,10.42674,1.00,1.75
2018.04.25 14:00:33.759,10.42433,10.42674,1.00,1.75
2018.04.25 14:00:34.141,10.42433,10.42674,1.00,1.75
2018.04.25 14:00:34.245,10.42444,10.42674,1.00,1.00
2018.04.25 14:00:34.297,10.42444,10.42674,1.00,1.37
2018.04.25 14:00:35.262,10.42453,10.42696,1.00,1.75
2018.04.25 14:00:35.365,10.42454,10.42696,1.00,1.75
2018.04.25 14:00:35.861,10.42462,10.42714,1.00,1.12
2018.04.25 14:00:36.168,10.42464,10.42714,1.00,1.12
2018.04.25 14:00:36.484,10.42475,10.42714,1.00,1.12
2018.04.25 14:00:36.535,10.42475,10.42714,1.00,1.12
2018.04.25 14:00:36.943,10.42484,10.42714,1.00,1.12
2018.04.25 14:00:36.994,10.42482,10.42734,1.00,1.35
2018.04.25 14:00:37.046,10.42492,10.42742,1.00,1.75
2018.04.25 14:00:37.574,10.42491,10.42742,1.00,1.75
2018.04.25 14:00:37.882,10.42491,10.42742,1.00,1.75
2018.04.25 14:00:38.523,10.42513,10.42754,1.00,1.75
2018.04.25 14:00:38.844,10.42429,10.42663,1.00,1.12
2018.04.25 14:00:38.896,10.42449,10.42679,1.00,1.12
2018.04.25 14:00:38.949,10.42483,10.42683,1.00,1.12
2018.04.25 14:00:39.001,10.42574,10.42733,1.00,1.50
2018.04.25 14:00:39.054,10.42559,10.42749,1.00,1.50
2018.04.25 14:00:39.107,10.4252,10.42749,1.37,1.50
2018.04.25 14:00:39.159,10.42543,10.4275,1.00,1.50
2018.04.25 14:00:39.211,10.42524,10.4275,1.00,1.12
2018.04.25 14:00:39.569,10.42562,10.4277,1.00,1.75
2018.04.25 14:00:39.622,10.42572,10.42793,1.00,1.12
2018.04.25 14:00:39.830,10.42572,10.42806,1.00,1.00
2018.04.25 14:00:39.933,10.42572,10.42806,1.00,1.37
2018.04.25 14:00:40.866,10.42583,10.42813,1.00,1.12
2018.04.25 14:00:41.214,10.42542,10.42786,1.00,1.75
2018.04.25 14:00:41.267,10.42553,10.42786,1.00,1.37
2018.04.25 14:00:41.369,10.42553,10.42786,1.00,1.75
2018.04.25 14:00:41.675,10.42566,10.42786,1.00,1.75
2018.04.25 14:00:43.880,10.42566,10.42791,1.00,1.00
2018.04.25 14:00:45.879,10.42577,10.42791,1.00,1.00
2018.04.25 14:00:46.917,10.42577,10.42814,1.00,1.12
2018.04.25 14:00:47.546,10.42582,10.42814,1.00,1.12
2018.04.25 14:00:49.144,10.42582,10.42814,1.00,1.12
2018.04.25 14:00:50.428,10.42582,10.42814,1.00,1.12
2018.04.25 14:00:51.008,10.42574,10.42814,1.00,1.12
2018.04.25 14:00:51.584,10.42574,10.42811,1.00,1.12
2018.04.25 14:00:52.306,10.42573,10.42811,1.00,1.12
2018.04.25 14:00:52.358,10.42563,10.42806,1.00,1.12
2018.04.25 14:00:52.460,10.42561,10.42806,1.00,1.12
2018.04.25 14:00:52.743,10.42561,10.42806,1.00,1.12
2018.04.25 14:00:53.875,10.42552,10.42806,1.00,1.12
2018.04.25 14:00:54.802,10.42549,10.42802,1.00,1.75
2018.04.25 14:00:55.071,10.42549,10.42797,1.00,1.12
2018.04.25 14:00:56.168,10.42541,10.4279,1.00,1.12
2018.04.25 14:00:56.996,10.42537,10.42774,1.00,1.37
2018.04.25 14:00:58.170,10.42503,10.4275,1.00,1.37
2018.04.25 14:00:58.273,10.42483,10.42721,1.00,1.35
2018.04.25 14:00:58.325,10.42453,10.42721,1.37,1.35
2018.04.25 14:00:58.482,10.42473,10.42721,1.00,1.35
2018.04.25 14:00:58.796,10.42506,10.42736,1.00,1.12
2018.04.25 14:00:58.848,10.42506,10.42748,1.00,1.12
2018.04.25 14:01:00.182,10.42533,10.42774,1.00,1.75
2018.04.25 14:01:00.680,10.42539,10.42775,1.00,1.75
2018.04.25 14:01:00.964,10.42535,10.42775,1.00,1.75
2018.04.25 14:01:01.740,10.42535,10.42781,1.00,1.12
2018.04.25 14:01:02.598,10.4254,10.42781,1.00,1.12
2018.04.25 14:01:02.996,10.4254,10.42781,1.00,1.12
2018.04.25 14:01:04.146,10.4254,10.42774,1.00,1.75
2018.04.25 14:01:04.425,10.4257,10.42799,1.00,1.12
2018.04.25 14:01:04.478,10.4257,10.42808,1.00,1.75
2018.04.25 14:01:04.682,10.42566,10.42808,1.00,1.75
2018.04.25 14:01:05.117,10.42584,10.42808,1.00,1.75
2018.04.25 14:01:05.169,10.42575,10.42827,1.00,1.75
2018.04.25 14:01:05.220,10.42537,10.42839,1.37,1.75
2018.04.25 14:01:05.272,10.4256,10.42839,1.00,1.75
2018.04.25 14:01:05.584,10.42576,10.42839,1.00,1.37
2018.04.25 14:01:05.686,10.42573,10.42838,1.00,1.50
2018.04.25 14:01:05.789,10.42593,10.42831,1.00,1.12
2018.04.25 14:01:06.726,10.42593,10.42831,1.00,1.12
2018.04.25 14:01:07.335,10.42583,10.42831,1.00,1.12
2018.04.25 14:01:07.688,10.42572,10.42825,1.00,1.75
2018.04.25 14:01:07.943,10.42572,10.42825,1.00,1.87
2018.04.25 14:01:08.126,10.42536,10.42801,1.00,1.12
2018.04.25 14:01:08.229,10.4256,10.42801,1.00,1.12
2018.04.25 14:01:08.717,10.42557,10.42801,1.00,1.12
2018.04.25 14:01:09.140,10.42557,10.42801,1.00,1.12
2018.04.25 14:01:09.797,10.42568,10.42801,1.00,1.12
2018.04.25 14:01:09.955,10.42589,10.42834,1.00,2.25
2018.04.25 14:01:10.133,10.426,10.42834,1.00,1.75
2018.04.25 14:01:10.442,10.42623,10.42855,1.00,2.25
2018.04.25 14:01:10.545,10.42543,10.42743,1.00,1.61
2018.04.25 14:01:10.697,10.42529,10.42743,1.00,1.80
2018.04.25 14:01:10.749,10.42576,10.42779,1.00,1.37
2018.04.25 14:01:10.957,10.42614,10.42831,1.00,1.00
2018.04.25 14:01:11.009,10.4261,10.42854,1.00,1.87
2018.04.25 14:01:11.061,10.42589,10.42764,1.00,2.25
2018.04.25 14:01:11.164,10.42618,10.42853,1.00,3.75
2018.04.25 14:01:11.351,10.42627,10.42847,1.00,1.12
2018.04.25 14:01:11.608,10.42608,10.42847,1.00,1.12
2018.04.25 14:01:11.660,10.42605,10.42847,1.00,1.12
2018.04.25 14:01:11.712,10.4261,10.42865,1.00,1.87
2018.04.25 14:01:12.186,10.42625,10.42851,1.00,1.12
2018.04.25 14:01:12.560,10.42626,10.42857,1.00,1.37
2018.04.25 14:01:12.611,10.42626,10.42824,1.00,1.00
2018.04.25 14:01:12.924,10.42641,10.42824,1.00,1.00
2018.04.25 14:01:14.157,10.42652,10.42824,1.00,1.00
2018.04.25 14:01:15.702,10.42652,10.42834,1.00,1.00
2018.04.25 14:01:16.650,10.4264,10.42834,1.00,1.00
2018.04.25 14:01:17.166,10.42656,10.42834,1.00,1.00
2018.04.25 14:01:18.202,10.42644,10.42834,1.00,1.00
2018.04.25 14:01:18.789,10.42658,10.42834,1.00,1.00
2018.04.25 14:01:18.892,10.42658,10.42862,1.00,1.37
2018.04.25 14:01:18.997,10.42647,10.42874,1.00,2.25
2018.04.25 14:01:19.153,10.42658,10.42881,1.00,1.12
2018.04.25 14:01:19.426,10.42646,10.42873,1.00,1.75
2018.04.25 14:01:19.874,10.42646,10.42873,1.00,1.75
2018.04.25 14:01:21.016,10.42651,10.42878,1.00,1.75
2018.04.25 14:01:21.068,10.42651,10.42878,1.00,1.75
2018.04.25 14:01:23.820,10.42651,10.42878,1.00,1.75
2018.04.25 14:01:25.279,10.42655,10.42881,1.00,1.12
2018.04.25 14:01:25.666,10.42646,10.42873,1.00,1.75
2018.04.25 14:01:26.181,10.42646,10.42873,1.00,2.25
2018.04.25 14:01:27.160,10.42663,10.42887,1.00,1.75
2018.04.25 14:01:27.313,10.42673,10.42887,1.00,1.37
2018.04.25 14:01:27.365,10.42599,10.42826,1.00,1.87
2018.04.25 14:01:27.416,10.42613,10.42833,1.00,1.12
2018.04.25 14:01:27.468,10.42613,10.4284,1.00,1.00
2018.04.25 14:01:27.519,10.42623,10.42842,1.00,1.00
2018.04.25 14:01:27.570,10.42588,10.42856,1.00,2.25
2018.04.25 14:01:27.709,10.42629,10.42856,1.00,2.25
2018.04.25 14:01:28.167,10.42641,10.42861,1.00,1.12
2018.04.25 14:01:29.338,10.42641,10.42868,1.00,1.75
2018.04.25 14:01:30.193,10.42658,10.42885,1.00,1.37
2018.04.25 14:01:30.532,10.4268,10.42899,1.00,1.75
2018.04.25 14:01:30.686,10.42659,10.42887,1.00,1.37
2018.04.25 14:01:30.738,10.42659,10.42887,1.00,1.75
2018.04.25 14:01:32.588,10.42663,10.42888,1.00,1.12
2018.04.25 14:01:32.910,10.42673,10.42888,1.00,1.12
2018.04.25 14:01:33.297,10.42687,10.42914,1.00,1.75
2018.04.25 14:01:33.400,10.42676,10.4289,1.00,1.37
2018.04.25 14:01:33.656,10.42666,10.4288,1.00,1.37
2018.04.25 14:01:33.817,10.42666,10.4288,1.00,1.00
2018.04.25 14:01:33.920,10.42666,10.42867,1.00,1.00
2018.04.25 14:01:34.222,10.42657,10.42839,1.00,1.00
2018.04.25 14:01:34.274,10.42647,10.4284,1.00,1.00
2018.04.25 14:01:34.327,10.42578,10.42804,1.00,1.00
2018.04.25 14:01:34.379,10.42578,10.42798,1.00,1.00
2018.04.25 14:01:34.723,10.42574,10.42787,1.00,1.37
2018.04.25 14:01:35.030,10.42574,10.42781,1.00,1.00
2018.04.25 14:01:35.549,10.42571,10.4276,1.00,1.00
2018.04.25 14:01:35.856,10.42583,10.42772,1.00,1.00
2018.04.25 14:01:36.081,10.42603,10.42803,1.00,1.00
2018.04.25 14:01:36.740,10.42602,10.42791,1.00,1.00
2018.04.25 14:01:37.072,10.42588,10.42777,1.00,1.00
2018.04.25 14:01:37.176,10.42594,10.42812,1.00,1.00
2018.04.25 14:01:37.228,10.42593,10.4279,1.00,1.00
2018.04.25 14:01:37.281,10.42576,10.42781,1.00,1.00
2018.04.25 14:01:37.384,10.42569,10.42758,1.00,1.00
2018.04.25 14:01:37.493,10.42551,10.42762,1.00,1.00
2018.04.25 14:01:37.595,10.42521,10.42709,1.00,1.00
2018.04.25 14:01:37.646,10.42527,10.42716,1.00,1.00
2018.04.25 14:01:38.166,10.42516,10.42705,1.00,1.00
2018.04.25 14:01:38.683,10.42486,10.42675,1.00,1.00
2018.04.25 14:01:38.989,10.42498,10.42699,1.00,1.00
2018.04.25 14:01:39.198,10.42508,10.4271,1.00,1.00
2018.04.25 14:01:39.864,10.42484,10.42721,1.00,1.50
2018.04.25 14:01:39.916,10.42411,10.4262,1.00,1.00
2018.04.25 14:01:40.222,10.42408,10.42644,1.00,2.47
2018.04.25 14:01:40.273,10.42398,10.42609,1.00,1.60
2018.04.25 14:01:40.375,10.42366,10.42582,1.00,1.60
2018.04.25 14:01:40.427,10.42376,10.42566,1.00,1.97
2018.04.25 14:01:40.847,10.42365,10.42577,1.00,2.10
2018.04.25 14:01:40.898,10.42384,10.42617,1.00,1.50
2018.04.25 14:01:40.949,10.42397,10.4263,1.00,2.10
2018.04.25 14:01:41.052,10.42408,10.42639,1.00,1.35
2018.04.25 14:01:41.159,10.42448,10.42677,1.00,1.37
2018.04.25 14:01:41.210,10.42411,10.42647,1.37,1.00
2018.04.25 14:01:41.261,10.42422,10.42658,1.00,1.75
2018.04.25 14:01:41.720,10.42435,10.4266,1.00,1.75
2018.04.25 14:01:41.875,10.42424,10.4266,1.00,2.25
2018.04.25 14:01:42.431,10.42424,10.4266,1.00,2.25
2018.04.25 14:01:42.770,10.42467,10.4269,1.00,1.12
2018.04.25 14:01:42.873,10.42477,10.42715,1.00,1.37
2018.04.25 14:01:43.136,10.42491,10.42723,1.00,1.12
2018.04.25 14:01:43.291,10.42532,10.42766,1.00,1.37
2018.04.25 14:01:43.446,10.42542,10.42778,1.00,1.75
2018.04.25 14:01:43.755,10.42553,10.4278,1.00,1.12
2018.04.25 14:01:43.806,10.42553,10.42792,1.00,1.12
2018.04.25 14:01:43.858,10.42553,10.42808,1.00,1.37
2018.04.25 14:01:43.909,10.42556,10.42819,1.00,1.12
2018.04.25 14:01:44.248,10.42586,10.42819,1.00,1.12
2018.04.25 14:01:44.300,10.42597,10.42823,1.00,1.12
2018.04.25 14:01:44.352,10.42608,10.42836,1.00,1.75
2018.04.25 14:01:44.556,10.4263,10.42875,1.00,1.12
2018.04.25 14:01:44.702,10.42633,10.42879,1.00,1.12
2018.04.25 14:01:44.754,10.4263,10.42879,1.00,1.12
2018.04.25 14:01:44.806,10.42646,10.4288,1.00,1.75
2018.04.25 14:01:45.323,10.42646,10.4289,1.00,1.12
2018.04.25 14:01:45.659,10.42621,10.4289,1.00,1.12
2018.04.25 14:01:45.812,10.4261,10.42874,1.12,1.12
2018.04.25 14:01:45.914,10.4261,10.42874,1.00,1.12
2018.04.25 14:01:46.118,10.426,10.42864,1.00,1.75
2018.04.25 14:01:46.171,10.4261,10.42846,1.00,1.12
2018.04.25 14:01:46.653,10.42599,10.42835,1.00,1.00
2018.04.25 14:01:46.808,10.42578,10.42816,1.00,1.00
2018.04.25 14:01:46.860,10.4256,10.42816,1.00,1.37
2018.04.25 14:01:46.911,10.4256,10.42816,1.00,1.75
2018.04.25 14:01:47.218,10.4256,10.42809,1.00,1.97
2018.04.25 14:01:47.269,10.4256,10.42809,1.00,1.97
2018.04.25 14:01:47.321,10.42569,10.42803,1.00,1.35
2018.04.25 14:01:47.372,10.42559,10.42795,1.00,1.00
2018.04.25 14:01:47.423,10.42572,10.42803,1.00,1.35
2018.04.25 14:01:47.882,10.42572,10.42794,1.00,1.00
2018.04.25 14:01:48.317,10.42572,10.42771,1.00,1.00
2018.04.25 14:01:50.314,10.42561,10.42771,1.00,1.00
2018.04.25 14:01:51.049,10.42555,10.42771,1.00,1.00
2018.04.25 14:01:51.151,10.4255,10.4277,1.00,1.00
2018.04.25 14:01:51.202,10.42547,10.4277,1.00,1.00
2018.04.25 14:01:51.369,10.42536,10.4277,1.00,1.00
2018.04.25 14:01:51.421,10.4253,10.42768,1.00,1.37
2018.04.25 14:01:51.680,10.42518,10.4277,1.00,2.10
2018.04.25 14:01:52.183,10.42518,10.42756,1.00,1.97
2018.04.25 14:01:52.288,10.42529,10.42756,1.00,1.97
2018.04.25 14:01:52.340,10.42529,10.42756,1.00,1.97
2018.04.25 14:01:52.392,10.42543,10.42739,1.00,1.00
2018.04.25 14:01:52.444,10.42553,10.4278,1.00,1.75
2018.04.25 14:01:52.496,10.42553,10.4278,1.00,1.37
2018.04.25 14:01:52.548,10.42553,10.42756,1.00,1.00
2018.04.25 14:01:52.823,10.42545,10.42756,1.00,1.00
2018.04.25 14:01:53.180,10.42535,10.42737,1.00,1.00
2018.04.25 14:01:53.636,10.42531,10.42737,1.00,1.00
2018.04.25 14:01:53.948,10.42523,10.42737,1.00,1.00
2018.04.25 14:01:54.464,10.4252,10.42689,1.00,1.54
2018.04.25 14:01:54.516,10.42466,10.42685,1.00,1.35
2018.04.25 14:01:54.568,10.42466,10.42683,1.00,1.97
2018.04.25 14:01:54.619,10.42466,10.42683,1.00,1.97
2018.04.25 14:01:54.671,10.42447,10.42683,1.00,1.97
2018.04.25 14:01:54.878,10.42447,10.42683,1.00,1.97
2018.04.25 14:01:55.092,10.42447,10.42683,1.00,1.97
2018.04.25 14:01:55.524,10.42447,10.42683,1.00,1.97
2018.04.25 14:01:56.731,10.42447,10.42657,1.00,1.00
2018.04.25 14:01:59.969,10.42456,10.42657,1.00,1.00
2018.04.25 14:02:00.586,10.42447,10.42657,1.00,1.00
2018.04.25 14:02:02.554,10.42443,10.42657,1.50,1.00
2018.04.25 14:02:04.027,10.42437,10.42656,1.00,1.00
2018.04.25 14:02:04.173,10.42431,10.42634,1.12,1.00
2018.04.25 14:02:04.328,10.42366,10.42582,1.00,1.35
2018.04.25 14:02:04.379,10.42346,10.42568,1.48,1.97
2018.04.25 14:02:04.710,10.42284,10.42511,1.00,1.37
2018.04.25 14:02:04.762,10.42299,10.42533,1.00,1.37
2018.04.25 14:02:05.131,10.42322,10.42533,1.00,1.37
2018.04.25 14:02:05.185,10.42309,10.42545,1.00,1.75
2018.04.25 14:02:05.237,10.42342,10.42571,1.00,1.12
2018.04.25 14:02:05.288,10.42335,10.42571,1.00,1.87
2018.04.25 14:02:05.340,10.42365,10.42571,1.00,1.12
2018.04.25 14:02:05.443,10.42365,10.42587,1.00,1.37
2018.04.25 14:02:05.771,10.42379,10.42587,1.00,1.37
2018.04.25 14:02:06.603,10.42379,10.42587,1.00,1.37
2018.04.25 14:02:07.735,10.42379,10.42587,1.00,1.12
2018.04.25 14:02:09.891,10.42379,10.42587,1.00,1.37
2018.04.25 14:02:10.291,10.42369,10.42587,1.00,1.37
2018.04.25 14:02:11.470,10.42369,10.42587,1.00,1.37
2018.04.25 14:02:12.874,10.42369,10.42587,1.00,1.37
2018.04.25 14:02:13.241,10.42379,10.42587,1.00,1.37
2018.04.25 14:02:13.616,10.42389,10.42587,1.00,1.37
2018.04.25 14:02:13.806,10.42411,10.4263,1.00,1.37
2018.04.25 14:02:13.858,10.42425,10.42653,1.00,1.37
2018.04.25 14:02:13.909,10.42436,10.42653,1.00,1.37
2018.04.25 14:02:14.420,10.42466,10.42672,1.00,1.94
2018.04.25 14:02:14.472,10.4248,10.42689,1.00,1.37
2018.04.25 14:02:14.523,10.4249,10.42702,1.00,1.12
2018.04.25 14:02:14.575,10.42492,10.42704,1.60,1.00
2018.04.25 14:02:14.719,10.42509,10.4274,1.60,1.75
2018.04.25 14:02:14.913,10.4248,10.42716,1.00,1.75
2018.04.25 14:02:14.964,10.42466,10.42702,1.87,1.00
2018.04.25 14:02:15.314,10.4247,10.42703,1.00,1.12
2018.04.25 14:02:16.392,10.4247,10.42706,1.00,1.75
2018.04.25 14:02:17.396,10.42454,10.42667,1.00,1.00
2018.04.25 14:02:17.984,10.42453,10.42667,1.00,1.00
2018.04.25 14:02:19.066,10.42447,10.42683,1.00,1.37
2018.04.25 14:02:20.262,10.42447,10.42683,1.00,1.50
2018.04.25 14:02:21.049,10.42442,10.42689,1.00,1.75
2018.04.25 14:02:21.500,10.42442,10.42689,1.00,1.37
2018.04.25 14:02:21.804,10.42432,10.42686,1.00,1.94
2018.04.25 14:02:21.906,10.42449,10.4269,1.00,1.12
2018.04.25 14:02:22.015,10.42444,10.4269,1.00,1.12
2018.04.25 14:02:23.414,10.42438,10.42682,1.50,1.12
2018.04.25 14:02:25.189,10.42438,10.4268,1.00,1.12
2018.04.25 14:02:29.184,10.42438,10.42682,1.00,1.12
2018.04.25 14:02:30.106,10.42448,10.42683,1.00,1.75
2018.04.25 14:02:30.263,10.42471,10.42707,1.00,1.75
2018.04.25 14:02:30.315,10.4246,10.42696,1.00,1.37
2018.04.25 14:02:30.366,10.42471,10.42706,1.50,1.75
2018.04.25 14:02:30.519,10.4246,10.42696,1.00,1.37
2018.04.25 14:02:30.676,10.42472,10.42704,1.00,1.50
2018.04.25 14:02:30.985,10.42484,10.4272,1.00,1.75
2018.04.25 14:02:31.037,10.42473,10.42711,1.00,1.75
2018.04.25 14:02:31.141,10.42481,10.42711,1.00,1.75
2018.04.25 14:02:31.195,10.42473,10.42709,1.00,1.50
2018.04.25 14:02:31.569,10.42473,10.42709,1.00,1.37
2018.04.25 14:02:32.314,10.42494,10.42722,1.00,1.12
2018.04.25 14:02:32.520,10.4252,10.42748,1.00,1.12
2018.04.25 14:02:32.572,10.42534,10.42748,1.00,1.12
2018.04.25 14:02:32.625,10.42519,10.42748,1.00,1.12
2018.04.25 14:02:33.710,10.42519,10.42725,1.00,1.37
2018.04.25 14:02:34.062,10.42506,10.42711,1.00,1.00
2018.04.25 14:02:35.881,10.42504,10.42711,1.00,1.00
2018.04.25 14:02:40.547,10.42568,10.42763,1.00,1.37
2018.04.25 14:02:40.599,10.42579,10.4278,1.00,1.00
2018.04.25 14:02:40.651,10.42564,10.428,1.00,1.37
2018.04.25 14:02:40.750,10.42575,10.428,1.00,1.37
2018.04.25 14:02:40.801,10.42572,10.428,1.00,1.37
2018.04.25 14:02:41.115,10.42564,10.428,1.00,1.37
2018.04.25 14:02:42.059,10.42554,10.4279,1.00,1.37
2018.04.25 14:02:42.112,10.42568,10.4277,1.00,1.00
2018.04.25 14:02:43.162,10.42568,10.4277,1.00,1.37
2018.04.25 14:02:43.598,10.42568,10.4277,1.00,1.00
2018.04.25 14:02:46.934,10.42568,10.42782,1.00,1.00
2018.04.25 14:02:47.538,10.42569,10.42786,1.00,1.00
2018.04.25 14:02:47.949,10.42581,10.42795,1.00,1.37
2018.04.25 14:02:49.679,10.42581,10.42795,1.00,1.37
2018.04.25 14:02:50.911,10.42581,10.42795,1.00,1.37
2018.04.25 14:02:51.069,10.42574,10.42788,1.00,1.00
2018.04.25 14:02:55.252,10.42571,10.42785,1.00,1.00
2018.04.25 14:02:55.745,10.42585,10.42799,1.00,1.37
2018.04.25 14:02:55.798,10.42592,10.42807,1.00,1.00
2018.04.25 14:02:56.194,10.42583,10.42797,1.00,1.00
2018.04.25 14:02:59.401,10.42583,10.42778,1.00,1.00
2018.04.25 14:02:59.946,10.42572,10.42778,1.00,1.00
2018.04.25 14:03:00.048,10.42572,10.4276,1.00,1.00
2018.04.25 14:03:00.579,10.42571,10.4276,1.00,1.00
2018.04.25 14:03:02.580,10.42566,10.4276,1.00,1.00
2018.04.25 14:03:03.790,10.42564,10.4276,1.00,1.00
2018.04.25 14:03:04.314,10.42588,10.42802,1.00,1.75
2018.04.25 14:03:04.367,10.42588,10.42802,1.00,1.00
2018.04.25 14:03:04.571,10.42588,10.42775,1.00,1.00
2018.04.25 14:03:04.882,10.42567,10.42739,1.00,1.00
2018.04.25 14:03:05.219,10.42589,10.42761,1.00,1.00
2018.04.25 14:03:05.857,10.42568,10.42739,1.00,1.00
2018.04.25 14:03:06.956,10.42589,10.42761,1.00,1.00
2018.04.25 14:03:07.458,10.4259,10.42761,1.00,1.00
2018.04.25 14:03:07.510,10.42601,10.42761,1.00,1.00
2018.04.25 14:03:07.818,10.42608,10.42761,1.00,1.00
2018.04.25 14:03:08.026,10.42595,10.42761,1.00,1.00
2018.04.25 14:03:08.077,10.42589,10.42761,1.00,1.00
2018.04.25 14:03:14.063,10.4261,10.42761,1.00,1.00
2018.04.25 14:03:14.424,10.42589,10.42761,1.00,1.00
2018.04.25 14:03:15.008,10.4256,10.42759,1.00,1.00
2018.04.25 14:03:15.353,10.42568,10.42738,1.00,1.00
2018.04.25 14:03:16.348,10.4259,10.4276,1.00,1.00
2018.04.25 14:03:16.973,10.42599,10.42787,1.00,1.00
2018.04.25 14:03:17.025,10.42597,10.42787,1.00,1.00
2018.04.25 14:03:17.358,10.42586,10.42787,1.00,1.00
2018.04.25 14:03:19.914,10.42569,10.42787,1.00,1.00
2018.04.25 14:03:19.966,10.42557,10.42762,1.35,1.00
2018.04.25 14:03:20.493,10.42565,10.42735,1.00,1.00
2018.04.25 14:03:21.155,10.42546,10.42759,1.00,1.00
2018.04.25 14:03:21.207,10.42535,10.42749,1.00,1.00
2018.04.25 14:03:22.110,10.42525,10.42739,1.00,1.00
2018.04.25 14:03:22.420,10.42525,10.42739,1.00,1.37
2018.04.25 14:03:22.524,10.42504,10.42718,1.00,1.00
2018.04.25 14:03:22.640,10.42505,10.42734,1.00,1.00
2018.04.25 14:03:22.692,10.42501,10.42718,1.00,1.00
2018.04.25 14:03:23.001,10.42481,10.42696,1.00,1.00
2018.04.25 14:03:23.926,10.42511,10.42679,1.00,1.00
2018.04.25 14:03:24.271,10.42524,10.42679,1.00,1.00
2018.04.25 14:03:24.427,10.42524,10.42737,1.00,1.37
2018.04.25 14:03:24.534,10.42494,10.42708,1.00,1.00
2018.04.25 14:03:24.586,10.42511,10.42741,1.00,1.37
2018.04.25 14:03:24.638,10.42511,10.42711,1.00,1.00
2018.04.25 14:03:32.504,10.42495,10.42711,1.00,1.00
2018.04.25 14:03:32.556,10.42502,10.42711,1.00,1.00
2018.04.25 14:03:33.116,10.42502,10.4271,1.00,1.00
2018.04.25 14:03:36.067,10.42509,10.4271,1.00,1.00
2018.04.25 14:03:36.383,10.42515,10.4271,1.00,1.00
2018.04.25 14:03:36.799,10.42513,10.4271,1.00,1.00
2018.04.25 14:03:38.567,10.42513,10.42691,1.00,1.00
2018.04.25 14:03:38.620,10.42509,10.42691,1.00,1.00
2018.04.25 14:03:38.672,10.42477,10.42687,1.00,1.00
2018.04.25 14:03:38.723,10.42514,10.42686,1.00,1.00
2018.04.25 14:03:38.877,10.42477,10.42684,1.00,1.00
2018.04.25 14:03:39.057,10.42491,10.42684,1.00,1.00
2018.04.25 14:03:39.363,10.42513,10.42683,1.00,1.00
2018.04.25 14:03:39.466,10.42532,10.42734,1.00,1.00
2018.04.25 14:03:39.517,10.42547,10.42734,1.00,1.00
2018.04.25 14:03:39.815,10.42547,10.42741,1.00,1.00
2018.04.25 14:03:39.918,10.42547,10.42707,1.00,1.00
2018.04.25 14:03:40.174,10.42539,10.42707,1.00,1.00
2018.04.25 14:03:43.137,10.42523,10.42737,1.60,1.50
2018.04.25 14:03:43.189,10.42535,10.42749,1.00,1.00
2018.04.25 14:03:43.291,10.42545,10.42761,1.00,1.37
2018.04.25 14:03:43.688,10.42547,10.42767,1.60,1.37
2018.04.25 14:03:43.749,10.42547,10.42767,1.00,1.37
2018.04.25 14:03:44.281,10.42547,10.42767,1.00,1.00
2018.04.25 14:03:46.549,10.42547,10.42754,1.00,1.00
2018.04.25 14:03:47.150,10.42539,10.42754,1.00,1.50
2018.04.25 14:03:47.784,10.42539,10.42753,1.00,1.00
2018.04.25 14:03:47.964,10.42539,10.42732,1.00,1.00
2018.04.25 14:03:48.184,10.42527,10.42732,1.00,1.00
2018.04.25 14:03:49.303,10.42538,10.42752,1.00,1.37
2018.04.25 14:03:50.663,10.42538,10.42753,1.00,1.00
2018.04.25 14:03:50.816,10.42516,10.42654,1.00,1.00
2018.04.25 14:03:50.924,10.42501,10.42652,1.00,1.35
2018.04.25 14:03:50.976,10.42436,10.42638,1.00,1.60
2018.04.25 14:03:51.027,10.42436,10.4262,1.00,1.00
2018.04.25 14:03:51.342,10.42456,10.4262,1.00,1.00
2018.04.25 14:03:51.672,10.42436,10.4262,1.00,1.00
2018.04.25 14:03:52.424,10.42436,10.42631,1.00,1.00
2018.04.25 14:03:52.527,10.42436,10.42629,1.00,1.00
2018.04.25 14:03:52.850,10.42436,10.42623,1.00,1.00
2018.04.25 14:03:53.531,10.42436,10.42608,1.00,1.00
2018.04.25 14:03:53.832,10.42436,10.42587,1.00,1.00
2018.04.25 14:03:58.143,10.42446,10.42587,1.00,1.00
2018.04.25 14:03:59.714,10.42426,10.42587,1.00,1.00
2018.04.25 14:04:02.243,10.42435,10.42587,1.00,1.00
2018.04.25 14:04:07.179,10.42446,10.42587,1.00,1.00
2018.04.25 14:04:07.438,10.42446,10.42636,1.00,1.37
2018.04.25 14:04:07.490,10.42442,10.42636,1.00,1.37
2018.04.25 14:04:08.011,10.42443,10.42613,1.00,1.00
2018.04.25 14:04:11.764,10.42457,10.42657,1.00,1.00
2018.04.25 14:04:11.858,10.42491,10.42657,1.00,1.00
2018.04.25 14:04:11.910,10.42514,10.42684,1.00,1.00
2018.04.25 14:04:11.961,10.42516,10.42745,1.60,1.37
2018.04.25 14:04:12.012,10.42531,10.42746,1.60,1.00
2018.04.25 14:04:12.114,10.42554,10.42764,1.00,1.37
2018.04.25 14:04:12.317,10.4257,10.42785,1.00,1.00
2018.04.25 14:04:12.675,10.42561,10.42775,1.00,1.00
2018.04.25 14:04:13.673,10.42561,10.4276,1.00,1.00
2018.04.25 14:04:13.724,10.42561,10.42775,1.00,1.00
2018.04.25 14:04:14.495,10.42572,10.42737,1.00,1.00
2018.04.25 14:04:14.652,10.42565,10.42779,1.00,1.12
2018.04.25 14:04:14.755,10.42576,10.42754,1.00,1.00
2018.04.25 14:04:15.223,10.42551,10.42754,1.00,1.00
2018.04.25 14:04:15.275,10.42551,10.42754,1.00,1.37
2018.04.25 14:04:15.377,10.42522,10.42751,1.00,1.12
2018.04.25 14:04:15.479,10.42522,10.42746,1.00,1.00
2018.04.25 14:04:15.530,10.42515,10.42746,1.00,1.72
2018.04.25 14:04:15.581,10.42515,10.4274,1.00,1.35
2018.04.25 14:04:15.684,10.42492,10.42707,1.00,1.35
2018.04.25 14:04:15.939,10.42503,10.42714,1.00,1.12
2018.04.25 14:04:15.990,10.42489,10.42703,1.00,1.00
2018.04.25 14:04:16.041,10.42499,10.42713,1.00,1.00
2018.04.25 14:04:16.386,10.42499,10.42711,1.00,1.00
2018.04.25 14:04:16.693,10.42516,10.42684,1.00,1.00
2018.04.25 14:04:16.745,10.42499,10.42698,1.00,1.00
2018.04.25 14:04:16.846,10.42516,10.42684,1.00,1.00
2018.04.25 14:04:17.337,10.42544,10.42712,1.00,1.37
2018.04.25 14:04:17.389,10.42544,10.42712,1.00,1.00
2018.04.25 14:04:17.492,10.42553,10.42734,1.00,1.00
2018.04.25 14:04:17.594,10.42565,10.42734,1.00,1.00
2018.04.25 14:04:18.178,10.4253,10.42734,1.00,1.00
2018.04.25 14:04:18.230,10.42541,10.42734,1.00,1.00
2018.04.25 14:04:18.282,10.42544,10.42754,1.00,1.00
2018.04.25 14:04:18.334,10.42549,10.42754,1.00,1.00
2018.04.25 14:04:18.386,10.42544,10.42754,1.00,1.00
2018.04.25 14:04:18.542,10.42555,10.42754,1.00,1.00
2018.04.25 14:04:18.866,10.42566,10.42734,1.00,1.00
2018.04.25 14:04:21.520,10.42577,10.42734,1.00,1.00
2018.04.25 14:04:21.698,10.42577,10.42752,1.00,1.00
2018.04.25 14:04:21.750,10.42566,10.42752,1.00,1.00
2018.04.25 14:04:22.690,10.42556,10.42752,1.00,1.00
2018.04.25 14:04:23.180,10.42527,10.42751,1.00,1.00
2018.04.25 14:04:23.311,10.42527,10.42734,1.00,1.00
2018.04.25 14:04:23.625,10.42527,10.42729,1.00,1.00
2018.04.25 14:04:24.173,10.42526,10.42729,1.00,1.00
2018.04.25 14:04:25.073,10.42547,10.42753,1.00,1.00
2018.04.25 14:04:27.685,10.42511,10.42749,1.00,1.00
2018.04.25 14:04:27.736,10.42548,10.42744,1.00,1.00
2018.04.25 14:04:28.086,10.42565,10.42735,1.00,1.00
2018.04.25 14:04:30.697,10.4257,10.42735,1.00,1.00
2018.04.25 14:04:30.800,10.4257,10.42764,1.00,1.37
2018.04.25 14:04:30.852,10.42548,10.42752,1.00,1.00
2018.04.25 14:04:30.904,10.42523,10.42752,1.00,1.97
2018.04.25 14:04:30.956,10.42514,10.42734,1.00,1.60
2018.04.25 14:04:31.306,10.42506,10.4272,1.00,1.60
2018.04.25 14:04:31.358,10.42484,10.42721,1.00,1.60
2018.04.25 14:04:31.410,10.42484,10.42721,1.00,1.60
2018.04.25 14:04:31.461,10.42484,10.42721,1.00,1.60
2018.04.25 14:04:31.724,10.42484,10.42721,1.00,1.60
2018.04.25 14:04:31.989,10.42484,10.42706,1.00,1.60
2018.04.25 14:04:32.041,10.42484,10.42706,1.00,1.60
2018.04.25 14:04:32.144,10.42484,10.42706,1.00,1.00
2018.04.25 14:04:32.591,10.42494,10.42706,1.00,1.00
2018.04.25 14:04:32.932,10.42483,10.42687,1.00,1.00
2018.04.25 14:04:33.255,10.42494,10.42662,1.00,1.00
2018.04.25 14:04:33.679,10.42516,10.42684,1.00,1.00
2018.04.25 14:04:34.908,10.42494,10.42662,1.00,1.00
2018.04.25 14:04:35.941,10.42475,10.42669,1.00,1.00
2018.04.25 14:04:36.044,10.42473,10.42669,1.00,1.00
2018.04.25 14:04:36.679,10.42473,10.42639,1.00,1.00
2018.04.25 14:04:36.832,10.42494,10.42662,1.00,1.00
2018.04.25 14:04:36.986,10.42495,10.42709,1.00,1.37
2018.04.25 14:04:37.092,10.42499,10.42667,1.00,1.00
2018.04.25 14:04:37.143,10.42507,10.42719,1.00,1.00
2018.04.25 14:04:37.195,10.425,10.42715,1.00,1.00
2018.04.25 14:04:37.298,10.42497,10.42711,1.00,1.00
2018.04.25 14:04:37.888,10.42521,10.42689,1.00,1.00
2018.04.25 14:04:42.579,10.42488,10.42687,1.00,1.00
2018.04.25 14:04:43.041,10.42496,10.42664,1.00,1.00
2018.04.25 14:04:45.598,10.425,10.42705,1.00,1.00
2018.04.25 14:04:45.650,10.42496,10.42664,1.00,1.00
2018.04.25 14:04:45.751,10.425,10.42706,1.00,1.00
2018.04.25 14:04:45.936,10.42521,10.42689,1.00,1.00
2018.04.25 14:04:46.455,10.42499,10.42667,1.00,1.00
2018.04.25 14:04:48.283,10.42486,10.42666,1.00,1.00
2018.04.25 14:04:48.387,10.42466,10.42666,1.00,1.00
2018.04.25 14:04:48.769,10.42473,10.42643,1.00,1.00
2018.04.25 14:04:50.134,10.42496,10.42664,1.00,1.00
2018.04.25 14:04:50.185,10.42473,10.42643,1.00,1.00
2018.04.25 14:04:51.032,10.42475,10.42643,1.00,1.00
2018.04.25 14:04:51.758,10.4248,10.42683,1.00,1.00
2018.04.25 14:04:51.919,10.42496,10.42664,1.00,1.00
2018.04.25 14:04:56.677,10.42496,10.42699,1.00,1.00
2018.04.25 14:04:56.729,10.42503,10.4271,1.00,1.37
2018.04.25 14:04:56.918,10.42503,10.4271,1.00,1.00
2018.04.25 14:04:57.247,10.42521,10.42689,1.00,1.00
2018.04.25 14:04:58.752,10.42477,10.4268,1.00,1.00
2018.04.25 14:04:59.569,10.42477,10.42663,1.00,1.00
2018.04.25 14:04:59.898,10.42477,10.42642,1.00,1.00
2018.04.25 14:05:02.315,10.4248,10.42642,1.00,1.00
2018.04.25 14:05:02.821,10.42474,10.42642,1.00,1.00
2018.04.25 14:05:03.925,10.42449,10.42631,1.00,1.00
2018.04.25 14:05:04.029,10.42438,10.42631,1.00,1.00
2018.04.25 14:05:04.080,10.42427,10.42631,1.00,1.00
2018.04.25 14:05:04.133,10.42404,10.42603,1.00,1.00
2018.04.25 14:05:04.184,10.42389,10.42603,1.00,1.60
2018.04.25 14:05:04.237,10.42369,10.42584,1.00,1.00
2018.04.25 14:05:04.342,10.42358,10.42572,1.00,1.00
2018.04.25 14:05:04.580,10.42346,10.42563,1.00,1.37
2018.04.25 14:05:04.632,10.42321,10.42573,1.00,1.50
2018.04.25 14:05:04.684,10.42315,10.42567,1.00,1.37
2018.04.25 14:05:04.737,10.42299,10.42549,1.37,1.37
2018.04.25 14:05:04.789,10.42313,10.42565,1.00,1.37
2018.04.25 14:05:04.843,10.42313,10.42565,1.00,1.75
2018.04.25 14:05:05.465,10.42307,10.42556,1.00,1.35
2018.04.25 14:05:05.654,10.42283,10.42534,1.00,1.00
2018.04.25 14:05:05.757,10.42283,10.42534,1.00,1.37
2018.04.25 14:05:06.065,10.42285,10.42532,1.00,1.00
2018.04.25 14:05:07.076,10.42314,10.42528,1.00,1.00
2018.04.25 14:05:08.381,10.42314,10.42528,1.00,1.37
2018.04.25 14:05:08.922,10.42299,10.42513,1.00,1.00
2018.04.25 14:05:09.182,10.42311,10.42525,1.00,1.00
2018.04.25 14:05:09.522,10.42337,10.42551,1.00,1.00
2018.04.25 14:05:09.963,10.42308,10.42522,1.00,1.00
2018.04.25 14:05:10.167,10.42295,10.42509,1.00,1.00
2018.04.25 14:05:10.218,10.42312,10.42527,1.00,1.00
2018.04.25 14:05:11.999,10.42301,10.42515,1.00,1.00
2018.04.25 14:05:12.203,10.42304,10.42519,1.00,1.00
2018.04.25 14:05:12.665,10.42312,10.42526,1.00,1.37
2018.04.25 14:05:13.097,10.42315,10.42527,1.00,1.37
2018.04.25 14:05:13.201,10.42335,10.42552,1.00,1.75
2018.04.25 14:05:13.253,10.42335,10.42552,1.35,1.37
2018.04.25 14:05:13.393,10.42335,10.42552,1.60,1.37
2018.04.25 14:05:13.654,10.42372,10.42584,1.00,1.00
2018.04.25 14:05:13.707,10.42404,10.42604,1.00,1.37
2018.04.25 14:05:13.760,10.42425,10.42624,1.00,1.50
2018.04.25 14:05:13.854,10.42453,10.42659,1.00,1.20
2018.04.25 14:05:13.907,10.4244,10.42655,1.00,1.07
2018.04.25 14:05:13.960,10.42451,10.42674,1.00,1.12
2018.04.25 14:05:14.014,10.42457,10.42671,1.00,1.00
2018.04.25 14:05:14.143,10.42451,10.42693,1.00,1.37
2018.04.25 14:05:14.196,10.42489,10.42701,1.00,1.37
2018.04.25 14:05:14.301,10.42505,10.42728,1.00,1.37
2018.04.25 14:05:14.353,10.42485,10.42728,1.00,1.37
2018.04.25 14:05:14.458,10.42503,10.42728,1.00,1.37
2018.04.25 14:05:14.568,10.42514,10.42734,1.00,1.00
2018.04.25 14:05:14.622,10.4252,10.42734,1.60,1.00
2018.04.25 14:05:14.941,10.42537,10.42734,2.10,1.00
2018.04.25 14:05:14.992,10.42537,10.42754,1.60,1.37
2018.04.25 14:05:15.043,10.42532,10.42754,1.60,1.37
2018.04.25 14:05:15.095,10.42532,10.42781,1.60,1.12
2018.04.25 14:05:15.198,10.42532,10.42781,1.60,1.12
2018.04.25 14:05:15.249,10.42532,10.42762,1.60,1.12
2018.04.25 14:05:15.543,10.42532,10.42776,1.60,1.12
2018.04.25 14:05:15.647,10.4252,10.42768,2.10,1.37
2018.04.25 14:05:15.702,10.42517,10.42768,2.10,1.00
2018.04.25 14:05:15.754,10.42528,10.42776,1.60,1.75
2018.04.25 14:05:15.807,10.42528,10.42771,1.60,3.75
2018.04.25 14:05:15.858,10.42528,10.42777,1.60,1.75
2018.04.25 14:05:16.021,10.42528,10.4278,1.60,1.12
2018.04.25 14:05:16.226,10.42528,10.4278,1.60,1.12
2018.04.25 14:05:16.278,10.42528,10.4278,1.60,1.12
2018.04.25 14:05:16.656,10.42528,10.4278,1.60,1.12
2018.04.25 14:05:17.165,10.42528,10.42733,1.60,1.00
2018.04.25 14:05:17.217,10.42528,10.42733,1.00,1.00
2018.04.25 14:05:17.269,10.42519,10.42705,1.00,1.00
2018.04.25 14:05:17.445,10.42505,10.42719,1.00,1.00
2018.04.25 14:05:17.700,10.42505,10.42719,1.00,1.37
2018.04.25 14:05:18.193,10.42505,10.42719,1.00,1.00
2018.04.25 14:05:20.011,10.42515,10.42725,1.00,1.00
2018.04.25 14:05:21.012,10.42511,10.42725,1.00,1.50
2018.04.25 14:05:22.223,10.42503,10.42718,1.00,1.00
2018.04.25 14:05:22.316,10.42499,10.42714,1.00,1.00
2018.04.25 14:05:22.623,10.42501,10.42716,1.00,1.00
2018.04.25 14:05:22.929,10.42517,10.42726,1.00,1.37
2018.04.25 14:05:23.242,10.42528,10.42742,1.00,1.37
2018.04.25 14:05:23.550,10.42528,10.42742,1.00,1.00
2018.04.25 14:05:25.109,10.42538,10.4275,1.00,1.37
2018.04.25 14:05:25.862,10.42538,10.42753,1.00,1.00
2018.04.25 14:05:27.555,10.42549,10.42753,1.00,1.00
2018.04.25 14:05:32.567,10.42544,10.42753,1.00,1.00
2018.04.25 14:05:32.806,10.42523,10.42738,1.00,1.00
2018.04.25 14:05:32.909,10.42523,10.42738,1.00,1.37
2018.04.25 14:05:32.960,10.42515,10.42729,1.00,1.00
2018.04.25 14:05:33.062,10.42513,10.42727,1.00,1.00
2018.04.25 14:05:33.544,10.42513,10.42727,1.00,1.37
2018.04.25 14:05:33.596,10.42513,10.42727,1.00,1.00
2018.04.25 14:05:35.557,10.42525,10.42739,1.00,1.00
2018.04.25 14:05:40.605,10.42471,10.42609,1.50,1.25
2018.04.25 14:05:40.656,10.42467,10.42609,1.00,1.00
2018.04.25 14:05:40.708,10.4242,10.42609,1.00,1.00
2018.04.25 14:05:40.763,10.42406,10.42609,1.00,1.54
2018.04.25 14:05:40.814,10.42406,10.42609,1.00,1.85
2018.04.25 14:05:40.959,10.42387,10.42601,1.00,1.00
2018.04.25 14:05:43.753,10.42387,10.42577,1.00,1.00
2018.04.25 14:05:47.318,10.42399,10.42577,1.00,1.00
2018.04.25 14:05:51.034,10.42398,10.42577,1.00,1.00
2018.04.25 14:06:02.079,10.42399,10.42577,1.00,1.00
2018.04.25 14:06:04.203,10.42378,10.42577,1.00,1.50
2018.04.25 14:06:04.256,10.42376,10.42574,1.50,1.00
2018.04.25 14:06:04.361,10.42351,10.42553,1.00,1.00
2018.04.25 14:06:04.414,10.42338,10.42539,1.00,1.00
2018.04.25 14:06:04.677,10.42313,10.42517,1.00,1.00
2018.04.25 14:06:04.936,10.42298,10.42499,1.00,1.00
2018.04.25 14:06:05.193,10.42309,10.42511,1.00,1.00
2018.04.25 14:06:05.404,10.42292,10.42494,1.00,1.00
2018.04.25 14:06:05.711,10.42304,10.42505,1.00,1.00
2018.04.25 14:06:06.531,10.42304,10.425,1.00,1.00
2018.04.25 14:06:08.006,10.42293,10.42494,1.00,1.00
2018.04.25 14:06:08.712,10.42318,10.425,1.00,1.00
2018.04.25 14:06:08.764,10.42324,10.42522,1.00,1.00
2018.04.25 14:06:08.815,10.42288,10.42492,1.60,1.00
2018.04.25 14:06:08.867,10.42305,10.42508,1.00,1.00
2018.04.25 14:06:08.919,10.42305,10.425,1.60,1.00
2018.04.25 14:06:09.123,10.42317,10.42521,1.00,1.00
2018.04.25 14:06:09.174,10.42317,10.425,1.00,1.00
2018.04.25 14:06:09.453,10.42317,10.42521,1.00,1.00
2018.04.25 14:06:09.504,10.42317,10.42501,1.00,1.00
2018.04.25 14:06:09.710,10.42317,10.42521,1.00,1.00
2018.04.25 14:06:10.342,10.42303,10.42501,1.00,1.00
2018.04.25 14:06:10.446,10.42303,10.42504,1.00,1.00
2018.04.25 14:06:10.500,10.42293,10.42496,1.00,1.00
2018.04.25 14:06:10.552,10.42309,10.42504,1.00,1.00
2018.04.25 14:06:10.883,10.42309,10.425,1.00,1.00
2018.04.25 14:06:11.379,10.42298,10.42499,1.00,1.00
2018.04.25 14:06:11.887,10.42298,10.42477,1.00,1.00
2018.04.25 14:06:14.421,10.42308,10.4251,1.00,1.00
2018.04.25 14:06:14.473,10.42326,10.42526,1.00,1.37
2018.04.25 14:06:14.680,10.42357,10.42559,1.00,1.37
2018.04.25 14:06:16.135,10.42347,10.42527,1.00,1.00
2018.04.25 14:06:16.187,10.42336,10.42538,1.00,1.00
2018.04.25 14:06:16.238,10.42336,10.42528,1.00,1.00
2018.04.25 14:06:16.493,10.42347,10.42549,1.00,1.00
2018.04.25 14:06:16.889,10.42347,10.42547,1.00,1.00
2018.04.25 14:06:17.541,10.42346,10.42547,1.00,1.00
2018.04.25 14:06:17.868,10.42345,10.42525,1.00,1.00
2018.04.25 14:06:18.572,10.42336,10.42525,1.00,1.00
2018.04.25 14:06:18.676,10.42347,10.42525,1.00,1.00
2018.04.25 14:06:18.728,10.42347,10.42547,1.00,1.00
2018.04.25 14:06:18.984,10.42347,10.42519,1.00,1.00
2018.04.25 14:06:20.517,10.42326,10.42519,1.00,1.00
2018.04.25 14:06:20.568,10.42336,10.42519,1.00,1.00
2018.04.25 14:06:20.620,10.42326,10.42519,1.00,1.00
2018.04.25 14:06:20.722,10.42336,10.42519,1.00,1.00
2018.04.25 14:06:20.774,10.42326,10.42519,1.00,1.00
2018.04.25 14:06:20.826,10.42338,10.42519,1.00,1.00
2018.04.25 14:06:22.103,10.42336,10.42519,1.00,1.00
2018.04.25 14:06:22.205,10.42342,10.42519,1.50,1.00
2018.04.25 14:06:22.256,10.42358,10.42561,1.00,1.37
2018.04.25 14:06:22.307,10.42358,10.42561,1.00,1.00
2018.04.25 14:06:22.411,10.42358,10.42522,1.00,1.00
2018.04.25 14:06:22.759,10.42345,10.42522,1.00,1.00
2018.04.25 14:06:22.863,10.42353,10.42522,1.00,1.00
2018.04.25 14:06:23.020,10.42353,10.42563,1.00,1.50
2018.04.25 14:06:23.330,10.42354,10.42544,1.00,1.00
2018.04.25 14:06:23.673,10.42343,10.42515,1.00,1.00
2018.04.25 14:06:23.725,10.42343,10.42537,1.00,1.00
2018.04.25 14:06:23.827,10.42343,10.42515,1.00,1.00
2018.04.25 14:06:23.929,10.42343,10.42537,1.00,1.00
2018.04.25 14:06:24.236,10.42358,10.42537,1.00,1.00
2018.04.25 14:06:28.992,10.42371,10.42537,1.00,1.00
2018.04.25 14:06:29.043,10.42381,10.42583,1.50,1.37
2018.04.25 14:06:29.095,10.42435,10.42614,1.00,1.50
2018.04.25 14:06:29.146,10.42432,10.42632,1.60,1.00
2018.04.25 14:06:29.197,10.42441,10.42642,1.60,1.07
2018.04.25 14:06:29.529,10.42549,10.42713,2.10,1.20
2018.04.25 14:06:29.581,10.42549,10.42713,1.60,1.12
2018.04.25 14:06:29.684,10.42549,10.42723,1.60,1.54
2018.04.25 14:06:29.735,10.4256,10.42743,1.60,1.44
2018.04.25 14:06:29.786,10.4256,10.42743,1.60,1.44
2018.04.25 14:06:29.837,10.42564,10.42791,1.60,1.75
2018.04.25 14:06:30.041,10.42564,10.42791,1.60,1.75
2018.04.25 14:06:30.092,10.42564,10.42791,1.60,1.00
2018.04.25 14:06:30.285,10.42576,10.4279,1.00,3.75
2018.04.25 14:06:30.336,10.4255,10.42782,1.60,1.37
2018.04.25 14:06:30.712,10.4255,10.42782,1.35,1.75
2018.04.25 14:06:30.814,10.4255,10.42782,1.00,1.00
2018.04.25 14:06:31.245,10.4255,10.42782,1.60,1.00
2018.04.25 14:06:31.349,10.4255,10.42782,1.35,1.00
2018.04.25 14:06:31.401,10.4255,10.42782,1.60,1.00
2018.04.25 14:06:31.794,10.42534,10.4277,1.00,1.37
2018.04.25 14:06:31.846,10.42534,10.4277,1.00,1.00
2018.04.25 14:06:32.050,10.42541,10.42742,1.00,1.00
2018.04.25 14:06:32.567,10.42537,10.42741,1.00,1.00
2018.04.25 14:06:33.613,10.42551,10.42753,1.00,1.00
2018.04.25 14:06:33.964,10.42535,10.42736,1.00,1.00
2018.04.25 14:06:34.278,10.42547,10.42748,1.00,1.00
2018.04.25 14:06:36.003,10.42547,10.42749,1.00,1.00
2018.04.25 14:06:38.281,10.42532,10.42734,1.00,1.00
2018.04.25 14:06:38.590,10.42544,10.42745,1.00,1.00
2018.04.25 14:06:43.599,10.42542,10.42743,1.00,1.00
2018.04.25 14:06:44.278,10.42527,10.42729,1.00,1.00
2018.04.25 14:06:44.330,10.42532,10.42736,1.00,1.00
2018.04.25 14:06:44.644,10.42545,10.42746,1.00,1.00
2018.04.25 14:06:45.211,10.42545,10.42747,1.00,1.00
2018.04.25 14:06:45.264,10.42542,10.42746,1.00,1.00
2018.04.25 14:06:45.569,10.4253,10.42731,1.00,1.00
2018.04.25 14:06:45.947,10.42519,10.42721,1.00,1.00
2018.04.25 14:06:46.152,10.42508,10.42711,1.00,1.00
2018.04.25 14:06:46.782,10.4252,10.42721,1.00,1.00
2018.04.25 14:06:47.565,10.42515,10.42717,1.00,1.00
2018.04.25 14:06:48.080,10.42508,10.42709,1.00,1.00
2018.04.25 14:06:48.466,10.42502,10.42704,1.00,1.00
2018.04.25 14:06:48.893,10.42486,10.42681,1.00,1.00
2018.04.25 14:06:49.410,10.42486,10.42682,1.00,1.00
2018.04.25 14:06:49.775,10.42486,10.42679,1.00,1.00
2018.04.25 14:06:49.926,10.42478,10.42679,1.00,1.00
2018.04.25 14:06:50.286,10.42489,10.42691,1.00,1.00
2018.04.25 14:06:50.785,10.42479,10.42681,1.00,1.00
2018.04.25 14:06:51.097,10.42447,10.42649,1.00,1.00
2018.04.25 14:06:51.200,10.42445,10.42665,1.00,1.00
2018.04.25 14:06:51.253,10.42463,10.42665,1.00,1.00
2018.04.25 14:06:51.577,10.42448,10.4265,1.00,1.00
2018.04.25 14:06:52.727,10.42459,10.42661,1.00,1.00
2018.04.25 14:06:52.829,10.42443,10.42656,1.00,1.00
2018.04.25 14:06:53.854,10.42459,10.4266,1.00,1.00
2018.04.25 14:06:54.231,10.42446,10.42648,1.00,1.00
2018.04.25 14:06:54.438,10.4246,10.42661,1.00,1.00
2018.04.25 14:06:55.876,10.42475,10.42677,1.00,1.00
2018.04.25 14:06:56.353,10.42465,10.42666,1.00,1.00
2018.04.25 14:06:56.793,10.42455,10.42656,1.00,1.00
2018.04.25 14:06:57.358,10.42436,10.42658,1.00,1.00
2018.04.25 14:06:58.238,10.42456,10.42658,1.00,1.00
2018.04.25 14:06:58.832,10.42434,10.42659,1.00,1.00
2018.04.25 14:06:58.884,10.42432,10.42659,1.00,1.00
2018.04.25 14:06:58.986,10.42432,10.42655,1.00,1.00
2018.04.25 14:06:59.292,10.42432,10.42648,1.00,1.00
2018.04.25 14:06:59.691,10.42432,10.42629,1.00,1.00
2018.04.25 14:07:00.286,10.42426,10.42629,1.00,1.00
2018.04.25 14:07:00.541,10.42426,10.42612,1.00,1.00
2018.04.25 14:07:00.592,10.42426,10.42629,1.00,1.00
2018.04.25 14:07:01.282,10.42433,10.42629,1.00,1.00
2018.04.25 14:07:01.590,10.42454,10.42655,1.00,1.37
2018.04.25 14:07:01.693,10.42459,10.42652,1.00,1.00
2018.04.25 14:07:01.745,10.42431,10.42629,1.00,1.00
2018.04.25 14:07:01.905,10.42443,10.42629,1.00,1.00
2018.04.25 14:07:02.256,10.42444,10.42612,1.00,1.00
2018.04.25 14:07:05.135,10.4245,10.42651,1.00,1.00
2018.04.25 14:07:05.367,10.42466,10.42634,1.00,1.00
2018.04.25 14:07:05.779,10.42443,10.42613,1.00,1.00
2018.04.25 14:07:06.291,10.42444,10.42612,1.00,1.00
2018.04.25 14:07:08.533,10.42453,10.42643,1.00,1.00
2018.04.25 14:07:08.636,10.42446,10.42643,1.00,1.00
2018.04.25 14:07:08.827,10.42444,10.42612,1.00,1.00
2018.04.25 14:07:16.879,10.42448,10.42642,1.00,1.00
2018.04.25 14:07:17.032,10.42435,10.42636,1.50,1.00
2018.04.25 14:07:17.083,10.42453,10.42642,1.00,1.00
2018.04.25 14:07:17.134,10.42491,10.42682,1.00,1.00
2018.04.25 14:07:17.236,10.42491,10.42693,1.00,1.37
2018.04.25 14:07:17.363,10.42503,10.42705,1.00,1.00
2018.04.25 14:07:18.128,10.42483,10.42684,1.00,1.00
2018.04.25 14:07:18.437,10.42475,10.42673,1.00,1.00
2018.04.25 14:07:19.151,10.42475,10.42659,1.00,1.00
2018.04.25 14:07:19.355,10.4248,10.42683,1.00,1.00
2018.04.25 14:07:19.470,10.42495,10.42696,1.00,1.00
2018.04.25 14:07:19.878,10.42497,10.42677,1.00,1.00
2018.04.25 14:07:20.243,10.4248,10.42655,1.00,1.00
2018.04.25 14:07:21.020,10.42475,10.42655,1.00,1.00
2018.04.25 14:07:21.345,10.42474,10.4267,1.00,1.00
2018.04.25 14:07:21.932,10.42474,10.42657,1.00,1.00
2018.04.25 14:07:22.281,10.42665,10.42774,1.60,1.00
2018.04.25 14:07:22.434,10.42665,10.42774,1.60,1.00
2018.04.25 14:07:22.485,10.42665,10.42774,1.60,1.00
2018.04.25 14:07:22.536,10.42665,10.42774,1.00,1.00
2018.04.25 14:07:23.593,10.42669,10.42774,1.00,1.00
2018.04.25 14:07:24.004,10.42669,10.42764,1.00,1.00
2018.04.25 14:07:24.420,10.42669,10.42754,1.00,1.00
2018.04.25 14:07:25.456,10.42671,10.42754,1.00,1.00
2018.04.25 14:07:29.140,10.42671,10.42745,1.00,1.00
2018.04.25 14:07:29.192,10.42669,10.42745,1.00,1.00
2018.04.25 14:07:29.296,10.42671,10.42745,1.00,1.00
2018.04.25 14:07:29.400,10.42669,10.42745,1.00,1.00
2018.04.25 14:07:29.885,10.42659,10.42745,1.50,1.00
2018.04.25 14:07:30.351,10.4267,10.42724,1.00,1.00
2018.04.25 14:07:31.116,10.4267,10.42734,1.00,1.00
2018.04.25 14:07:32.857,10.4266,10.42734,1.00,1.00
2018.04.25 14:07:33.468,10.42649,10.42734,1.50,1.00
2018.04.25 14:07:34.015,10.42649,10.42725,1.00,1.00
2018.04.25 14:07:34.365,10.42661,10.42725,1.00,1.00
2018.04.25 14:07:36.051,10.42659,10.42725,1.00,1.00
2018.04.25 14:07:39.247,10.42659,10.42734,1.00,1.00
2018.04.25 14:07:39.349,10.42669,10.42734,1.00,1.00
2018.04.25 14:07:42.371,10.42659,10.42734,1.00,1.00
2018.04.25 14:07:43.636,10.4267,10.42734,1.00,1.00
2018.04.25 14:07:43.880,10.42661,10.42734,1.00,1.00
2018.04.25 14:07:44.407,10.42672,10.42734,1.00,1.00
2018.04.25 14:07:44.595,10.42649,10.42784,1.00,1.00
2018.04.25 14:07:44.647,10.42633,10.42765,1.00,1.00
2018.04.25 14:07:44.701,10.42624,10.42765,1.00,1.00
2018.04.25 14:07:44.754,10.42593,10.42774,1.00,1.00
2018.04.25 14:07:45.048,10.42564,10.42774,1.00,1.00
2018.04.25 14:07:45.100,10.42564,10.42754,1.00,1.00
2018.04.25 14:07:45.254,10.42543,10.4275,1.37,1.00
2018.04.25 14:07:45.305,10.42558,10.42754,1.00,1.00
2018.04.25 14:07:45.407,10.42535,10.42752,1.87,1.00
2018.04.25 14:07:45.458,10.42535,10.42744,1.87,1.00
2018.04.25 14:07:45.509,10.42535,10.42744,1.50,1.00
2018.04.25 14:07:45.685,10.42535,10.42704,1.50,1.00
2018.04.25 14:07:45.737,10.42497,10.42699,1.00,1.00
2018.04.25 14:07:45.839,10.42482,10.42684,1.00,1.00
2018.04.25 14:07:46.044,10.42492,10.42695,1.00,1.00
2018.04.25 14:07:46.703,10.42504,10.42705,1.00,1.00
2018.04.25 14:07:47.134,10.42493,10.42695,1.00,1.00
2018.04.25 14:07:47.544,10.42482,10.42684,1.00,1.00
2018.04.25 14:07:48.138,10.42472,10.42673,1.00,1.00
2018.04.25 14:07:48.745,10.42459,10.42661,1.00,1.00
2018.04.25 14:07:49.240,10.42439,10.42642,1.00,1.00
2018.04.25 14:07:51.033,10.42441,10.42644,1.00,1.00
2018.04.25 14:07:51.690,10.42454,10.42656,1.00,1.00
2018.04.25 14:07:52.133,10.4244,10.42641,1.00,1.00
2018.04.25 14:07:57.878,10.4245,10.42651,1.00,1.00
2018.04.25 14:07:58.135,10.42436,10.42639,1.00,1.00
2018.04.25 14:07:58.238,10.42459,10.42661,1.00,1.00
2018.04.25 14:07:59.688,10.42471,10.42673,1.00,1.00
2018.04.25 14:08:01.156,10.42461,10.42662,1.00,1.00
2018.04.25 14:08:02.362,10.42461,10.42662,1.00,1.60
2018.04.25 14:08:02.466,10.4238,10.42572,1.00,1.60
2018.04.25 14:08:02.518,10.42346,10.42548,1.00,1.00
2018.04.25 14:08:02.670,10.42334,10.42535,1.00,1.00
2018.04.25 14:08:03.408,10.42344,10.42546,1.00,1.00
2018.04.25 14:08:03.653,10.42353,10.42557,1.00,1.00
2018.04.25 14:08:03.872,10.42384,10.42575,1.00,1.00
2018.04.25 14:08:03.976,10.42364,10.42565,1.50,1.00
2018.04.25 14:08:04.028,10.42408,10.42594,1.00,1.56
2018.04.25 14:08:04.196,10.42391,10.42594,1.00,1.19
2018.04.25 14:08:04.248,10.42386,10.42571,1.00,1.00
2018.04.25 14:08:04.404,10.42393,10.42595,1.00,1.19
2018.04.25 14:08:04.456,10.42397,10.42598,1.00,1.19
2018.04.25 14:08:04.767,10.42435,10.42637,1.00,1.09
2018.04.25 14:08:05.043,10.42458,10.42659,1.00,1.00
2018.04.25 14:08:05.300,10.42468,10.42669,1.00,1.00
2018.04.25 14:08:05.770,10.4245,10.42651,1.00,1.00
2018.04.25 14:08:06.228,10.42465,10.42664,1.00,1.00
2018.04.25 14:08:07.108,10.42465,10.42658,1.00,1.00
2018.04.25 14:08:07.368,10.42465,10.42664,1.00,1.00
2018.04.25 14:08:07.715,10.42462,10.4264,1.00,1.00
2018.04.25 14:08:07.767,10.4245,10.4264,1.00,1.00
2018.04.25 14:08:08.141,10.42479,10.42666,1.00,1.00
2018.04.25 14:08:08.652,10.42465,10.42656,1.00,1.00
2018.04.25 14:08:09.034,10.42465,10.42666,1.00,1.00
2018.04.25 14:08:09.514,10.42469,10.42666,1.00,1.00
2018.04.25 14:08:11.644,10.42459,10.42641,1.00,1.00
2018.04.25 14:08:11.881,10.42459,10.42651,1.00,1.00
2018.04.25 14:08:12.136,10.42452,10.42634,1.00,1.00
2018.04.25 14:08:12.187,10.42451,10.42645,1.00,1.00
2018.04.25 14:08:12.653,10.42468,10.42649,1.00,1.00
2018.04.25 14:08:12.705,10.42468,10.42664,1.00,1.00
2018.04.25 14:08:12.933,10.4248,10.42664,1.00,1.00
2018.04.25 14:08:13.243,10.42486,10.42664,1.00,1.00
2018.04.25 14:08:13.657,10.42486,10.42666,1.00,1.00
2018.04.25 14:08:15.246,10.42479,10.42666,1.00,1.00
2018.04.25 14:08:15.659,10.42483,10.42666,1.00,1.00
2018.04.25 14:08:15.966,10.42483,10.42664,1.00,1.00
2018.04.25 14:08:16.273,10.42475,10.42664,1.00,1.00
2018.04.25 14:08:16.375,10.42484,10.42664,1.00,1.00
2018.04.25 14:08:16.528,10.42477,10.42664,1.00,1.00
2018.04.25 14:08:16.579,10.42483,10.42664,1.00,1.00
2018.04.25 14:08:17.744,10.42469,10.4261,1.00,1.12
2018.04.25 14:08:17.848,10.42439,10.42609,1.00,1.60
2018.04.25 14:08:17.899,10.42431,10.42601,1.00,1.60
2018.04.25 14:08:18.126,10.42431,10.42586,1.00,1.00
2018.04.25 14:08:19.869,10.42429,10.42586,1.00,1.00
2018.04.25 14:08:21.001,10.42429,10.42584,1.00,1.00
2018.04.25 14:08:21.590,10.42448,10.42604,1.00,1.00
2018.04.25 14:08:21.790,10.42468,10.42604,1.00,1.00
2018.04.25 14:08:21.893,10.42482,10.42654,1.00,1.37
2018.04.25 14:08:21.944,10.42489,10.42666,1.00,1.37
2018.04.25 14:08:21.995,10.42478,10.42666,1.00,1.00
2018.04.25 14:08:22.574,10.42477,10.42666,1.00,1.00
2018.04.25 14:08:22.929,10.42498,10.42666,1.00,1.00
2018.04.25 14:08:22.981,10.42498,10.42675,1.00,1.00
2018.04.25 14:08:23.135,10.42493,10.42675,1.00,1.00
2018.04.25 14:08:23.187,10.42489,10.42663,1.00,1.00
2018.04.25 14:08:23.573,10.42489,10.42656,1.00,1.00
2018.04.25 14:08:23.679,10.42487,10.42656,1.00,1.00
2018.04.25 14:08:23.893,10.42487,10.42652,1.00,1.00
2018.04.25 14:08:24.131,10.42484,10.42652,1.00,1.00
2018.04.25 14:08:24.291,10.4249,10.42652,1.00,1.00
2018.04.25 14:08:25.175,10.42476,10.42609,1.00,1.00
2018.04.25 14:08:25.228,10.42447,10.42609,1.00,1.60
2018.04.25 14:08:25.409,10.4243,10.42593,1.00,1.60
2018.04.25 14:08:26.056,10.4243,10.42582,1.00,1.60
2018.04.25 14:08:26.279,10.42452,10.42627,1.00,1.50
2018.04.25 14:08:26.331,10.42459,10.42627,1.00,1.00
2018.04.25 14:08:26.538,10.42489,10.42674,1.00,1.50
2018.04.25 14:08:26.743,10.42485,10.42674,1.00,1.00
2018.04.25 14:08:26.906,10.4249,10.42674,1.00,1.00
2018.04.25 14:08:27.308,10.4249,10.42676,1.00,1.00
2018.04.25 14:08:27.413,10.42503,10.42675,1.00,1.00
2018.04.25 14:08:27.822,10.42462,10.4258,1.00,1.00
2018.04.25 14:08:27.924,10.42396,10.42554,1.50,1.60
2018.04.25 14:08:27.976,10.42384,10.42554,1.00,1.60
2018.04.25 14:08:28.028,10.42356,10.42505,1.00,1.60
2018.04.25 14:08:28.080,10.42336,10.42533,1.00,1.97
2018.04.25 14:08:28.132,10.42306,10.42505,1.00,1.60
2018.04.25 14:08:28.183,10.42304,10.42505,1.00,1.60
2018.04.25 14:08:28.235,10.42292,10.42494,1.00,1.00
2018.04.25 14:08:28.288,10.42282,10.42483,1.00,1.00
2018.04.25 14:08:28.621,10.42285,10.42486,1.00,1.00
2018.04.25 14:08:29.288,10.42272,10.42473,1.00,1.00
2018.04.25 14:08:29.617,10.42286,10.42487,1.00,1.00
2018.04.25 14:08:29.925,10.42286,10.42474,1.00,1.00
2018.04.25 14:08:32.435,10.42274,10.42463,1.00,1.00
2018.04.25 14:08:33.202,10.42263,10.42452,1.00,1.00
2018.04.25 14:08:33.673,10.4225,10.42439,1.00,1.00
2018.04.25 14:08:33.980,10.42271,10.42459,1.00,1.00
2018.04.25 14:08:34.304,10.42282,10.4247,1.00,1.00
2018.04.25 14:08:35.651,10.42276,10.42459,1.00,1.00
2018.04.25 14:08:35.702,10.4227,10.42459,1.00,1.00
2018.04.25 14:08:37.481,10.42281,10.42467,1.00,1.00
2018.04.25 14:08:37.783,10.42431,10.42564,1.00,1.00
2018.04.25 14:08:37.835,10.42425,10.42584,1.00,1.00
2018.04.25 14:08:37.940,10.4244,10.42584,1.00,1.00
2018.04.25 14:08:38.043,10.4245,10.42634,1.00,1.37
2018.04.25 14:08:38.168,10.42439,10.42623,1.00,1.12
2018.04.25 14:08:38.220,10.42462,10.42651,1.00,1.37
2018.04.25 14:08:38.322,10.42469,10.42672,1.00,1.00
2018.04.25 14:08:38.374,10.42465,10.42672,1.00,1.00
2018.04.25 14:08:38.425,10.42486,10.42689,1.00,1.00
2018.04.25 14:08:38.732,10.42503,10.42704,1.00,1.37
2018.04.25 14:08:38.849,10.42488,10.427,1.00,1.00
2018.04.25 14:08:39.155,10.42488,10.42694,1.00,1.00
2018.04.25 14:08:39.704,10.42487,10.42684,1.00,1.00
2018.04.25 14:08:40.109,10.42487,10.4269,1.00,1.00
2018.04.25 14:08:40.161,10.42501,10.42694,1.00,1.00
2018.04.25 14:08:40.480,10.42501,10.42679,1.00,1.00
2018.04.25 14:08:41.180,10.42493,10.42668,1.00,1.00
2018.04.25 14:08:41.231,10.42485,10.42668,1.00,1.00
2018.04.25 14:08:41.283,10.42485,10.42656,1.00,1.00
2018.04.25 14:08:41.617,10.42489,10.42656,1.00,1.00
2018.04.25 14:08:41.770,10.42483,10.42656,1.00,1.00
2018.04.25 14:08:41.872,10.42467,10.42635,1.00,1.00
2018.04.25 14:08:41.923,10.42467,10.42638,1.00,1.00
2018.04.25 14:08:41.974,10.42467,10.42638,1.00,1.60
2018.04.25 14:08:42.080,10.42461,10.42638,1.00,1.60
2018.04.25 14:08:42.182,10.42464,10.42629,1.00,1.00
2018.04.25 14:08:42.234,10.42455,10.42631,1.00,1.00
2018.04.25 14:08:42.285,10.42455,10.42618,1.00,1.00
2018.04.25 14:08:42.388,10.42443,10.42618,1.00,1.00
2018.04.25 14:08:42.439,10.42437,10.42618,1.00,1.00
2018.04.25 14:08:43.630,10.42437,10.42607,1.00,1.00
2018.04.25 14:08:43.936,10.42442,10.42607,1.00,1.00
2018.04.25 14:08:45.112,10.42445,10.42607,1.00,1.00
2018.04.25 14:08:45.165,10.42445,10.42623,1.00,1.00
2018.04.25 14:08:45.586,10.42457,10.42636,1.00,1.00
2018.04.25 14:08:46.192,10.42457,10.42634,1.00,1.00
2018.04.25 14:08:46.534,10.42451,10.42617,1.00,1.00
2018.04.25 14:08:47.070,10.42446,10.42634,1.00,1.00
2018.04.25 14:08:47.122,10.42446,10.42634,1.00,1.15
2018.04.25 14:08:47.305,10.42432,10.42617,1.00,1.00
2018.04.25 14:08:47.837,10.4243,10.42617,1.00,1.00
2018.04.25 14:08:47.988,10.42436,10.42625,1.00,1.15
2018.04.25 14:08:48.953,10.4243,10.42617,1.00,1.00
2018.04.25 14:08:49.487,10.42429,10.42617,1.00,1.00
2018.04.25 14:08:49.872,10.42429,10.42611,1.00,1.00
2018.04.25 14:08:50.116,10.42417,10.42611,1.00,1.15
2018.04.25 14:08:50.686,10.42431,10.42611,1.00,1.15
2018.04.25 14:08:52.279,10.42432,10.4262,1.00,1.15
2018.04.25 14:08:52.705,10.42417,10.42607,1.00,1.15
2018.04.25 14:08:53.236,10.42417,10.42607,1.00,1.15
2018.04.25 14:08:53.894,10.42417,10.42607,1.00,1.15
2018.04.25 14:08:54.147,10.42414,10.42607,1.00,1.15
2018.04.25 14:08:54.199,10.42407,10.42607,1.00,1.15
2018.04.25 14:08:54.736,10.42407,10.42607,1.00,1.15
2018.04.25 14:08:55.702,10.42424,10.42612,1.00,1.15
2018.04.25 14:08:56.040,10.42439,10.42589,1.00,1.00
2018.04.25 14:08:56.091,10.42431,10.42589,1.00,1.00
2018.04.25 14:08:56.346,10.42447,10.42589,1.00,1.00
2018.04.25 14:08:56.398,10.42425,10.42614,1.00,1.00
2018.04.25 14:08:56.449,10.42425,10.42614,1.00,1.15
2018.04.25 14:08:56.758,10.42444,10.42612,1.00,1.15
2018.04.25 14:08:58.646,10.42444,10.42612,1.00,1.15
2018.04.25 14:08:59.275,10.42447,10.42612,1.00,1.15
2018.04.25 14:08:59.582,10.42495,10.42668,1.00,1.00
2018.04.25 14:08:59.634,10.42512,10.4268,1.00,1.00
2018.04.25 14:08:59.737,10.42533,10.42702,1.00,1.00
2018.04.25 14:08:59.789,10.42546,10.42712,1.00,1.37
2018.04.25 14:09:00.126,10.42565,10.42732,1.00,1.00
2018.04.25 14:09:00.178,10.4256,10.42732,1.00,1.00
2018.04.25 14:09:00.229,10.42546,10.4272,1.00,1.00
2018.04.25 14:09:00.435,10.42548,10.4272,1.00,1.00
2018.04.25 14:09:00.767,10.42555,10.4272,1.00,1.00
2018.04.25 14:09:01.103,10.4256,10.42731,1.00,1.00
2018.04.25 14:09:01.156,10.42575,10.42754,1.00,1.00
2018.04.25 14:09:01.303,10.42575,10.42743,1.00,1.00
2018.04.25 14:09:01.479,10.42589,10.42768,1.00,1.00
2018.04.25 14:09:01.530,10.42589,10.42737,1.00,1.00
2018.04.25 14:09:01.633,10.42584,10.42734,1.00,1.00
2018.04.25 14:09:01.768,10.42599,10.42734,1.00,1.00
2018.04.25 14:09:01.819,10.42581,10.42724,1.00,1.00
2018.04.25 14:09:01.871,10.42574,10.42724,1.00,1.00
2018.04.25 14:09:02.149,10.42574,10.42734,1.00,1.00
2018.04.25 14:09:02.251,10.42588,10.42734,1.00,1.00
2018.04.25 14:09:02.306,10.42602,10.42765,1.00,1.00
2018.04.25 14:09:02.412,10.42615,10.42765,1.00,1.00
2018.04.25 14:09:02.722,10.4265,10.42765,1.00,1.00
2018.04.25 14:09:02.774,10.42645,10.42764,1.00,1.00
2018.04.25 14:09:02.825,10.42641,10.42764,1.00,1.00
2018.04.25 14:09:02.877,10.42636,10.42785,1.00,1.00
2018.04.25 14:09:03.028,10.42636,10.42765,1.00,1.00
2018.04.25 14:09:03.678,10.42652,10.42765,1.00,1.00
2018.04.25 14:09:03.883,10.42636,10.42765,1.00,1.00
2018.04.25 14:09:03.935,10.42623,10.42765,1.00,1.00
2018.04.25 14:09:03.987,10.42618,10.42744,1.00,1.00
2018.04.25 14:09:04.090,10.42616,10.42744,1.00,1.00
2018.04.25 14:09:05.467,10.42622,10.42744,1.00,1.00
2018.04.25 14:09:05.554,10.42622,10.42764,1.00,1.00
2018.04.25 14:09:05.617,10.42649,10.42764,1.00,1.00
2018.04.25 14:09:05.925,10.42694,10.42805,1.00,1.00
2018.04.25 14:09:06.278,10.42695,10.42794,1.00,1.00
2018.04.25 14:09:06.433,10.4269,10.42794,1.00,1.00
2018.04.25 14:09:06.535,10.42686,10.42794,1.00,1.00
2018.04.25 14:09:06.690,10.42676,10.42794,1.00,1.00
2018.04.25 14:09:07.032,10.42676,10.42804,1.00,1.00
2018.04.25 14:09:07.084,10.4269,10.42804,1.00,1.00
2018.04.25 14:09:07.289,10.4269,10.42814,1.00,1.00
2018.04.25 14:09:07.374,10.4269,10.42794,1.00,1.00
2018.04.25 14:09:07.582,10.4269,10.42814,1.00,1.00
2018.04.25 14:09:07.787,10.42687,10.42814,1.00,1.00
2018.04.25 14:09:08.144,10.42702,10.42814,1.00,1.00
2018.04.25 14:09:08.308,10.42687,10.42814,1.00,1.00
2018.04.25 14:09:08.563,10.42687,10.42794,1.00,1.00
2018.04.25 14:09:08.999,10.4267,10.42794,1.00,1.00
2018.04.25 14:09:09.154,10.42666,10.42794,1.00,1.00
2018.04.25 14:09:09.347,10.42658,10.42794,1.00,1.00
2018.04.25 14:09:09.654,10.42674,10.42794,1.00,1.00
2018.04.25 14:09:10.099,10.42686,10.42814,1.00,1.00
2018.04.25 14:09:10.365,10.42688,10.42814,1.00,1.00
2018.04.25 14:09:11.063,10.42676,10.42814,1.00,1.00
2018.04.25 14:09:11.294,10.42676,10.42834,1.00,1.00
2018.04.25 14:09:11.345,10.42668,10.42854,1.00,1.00
2018.04.25 14:09:11.397,10.42668,10.42834,1.00,1.00
2018.04.25 14:09:11.448,10.4266,10.42834,1.00,1.00
2018.04.25 14:09:11.550,10.4266,10.42814,1.00,1.00
2018.04.25 14:09:11.856,10.42662,10.42814,1.00,1.00
2018.04.25 14:09:12.036,10.4264,10.42794,1.00,1.00
2018.04.25 14:09:12.088,10.42625,10.42774,1.00,1.00
2018.04.25 14:09:12.140,10.42618,10.42774,1.00,1.00
2018.04.25 14:09:12.193,10.42606,10.42774,1.00,1.00
2018.04.25 14:09:12.367,10.42606,10.42764,1.00,1.00
2018.04.25 14:09:12.699,10.42606,10.42783,1.00,1.60
2018.04.25 14:09:12.752,10.42596,10.42773,1.00,1.60
2018.04.25 14:09:12.856,10.42594,10.42773,1.00,1.00
2018.04.25 14:09:12.908,10.4258,10.42763,1.00,1.00
2018.04.25 14:09:12.960,10.4258,10.42747,1.00,1.00
2018.04.25 14:09:13.012,10.42562,10.42737,1.00,1.00
2018.04.25 14:09:13.063,10.4255,10.42737,1.00,1.00
2018.04.25 14:09:13.114,10.4257,10.42737,1.00,1.00
2018.04.25 14:09:13.620,10.42586,10.42748,1.00,1.00
2018.04.25 14:09:13.929,10.4261,10.42759,1.00,1.00
2018.04.25 14:09:14.083,10.42604,10.42759,1.00,1.00
2018.04.25 14:09:14.186,10.42604,10.4277,1.00,1.00
2018.04.25 14:09:14.410,10.42606,10.42783,1.00,1.00
2018.04.25 14:09:14.461,10.42609,10.42783,1.00,1.00
2018.04.25 14:09:14.816,10.42609,10.42772,1.00,1.00
2018.04.25 14:09:15.137,10.42618,10.42784,1.00,1.00
2018.04.25 14:09:15.610,10.42621,10.42784,1.00,1.00
2018.04.25 14:09:15.936,10.4264,10.42794,1.00,1.00
2018.04.25 14:09:16.468,10.42639,10.42794,1.00,1.00
2018.04.25 14:09:16.814,10.42644,10.42794,1.00,1.00
2018.04.25 14:09:17.473,10.42657,10.42794,1.00,1.00
2018.04.25 14:09:17.575,10.42657,10.42804,1.00,1.00
2018.04.25 14:09:17.832,10.42676,10.42804,1.00,1.00
2018.04.25 14:09:18.232,10.42702,10.42815,1.00,1.00
2018.04.25 14:09:18.284,10.42689,10.42815,1.00,1.00
2018.04.25 14:09:18.336,10.42682,10.42815,1.00,1.00
2018.04.25 14:09:18.492,10.42685,10.42815,1.00,1.00
2018.04.25 14:09:18.802,10.42706,10.42815,1.00,1.00
2018.04.25 14:09:19.294,10.42694,10.42815,1.00,1.00
2018.04.25 14:09:21.712,10.4268,10.42815,1.00,1.00
2018.04.25 14:09:22.160,10.42699,10.42815,1.00,1.00
2018.04.25 14:09:22.575,10.42699,10.42845,1.00,1.00
2018.04.25 14:09:22.779,10.42699,10.42824,1.00,1.00
2018.04.25 14:09:23.155,10.42648,10.42764,1.00,1.00
2018.04.25 14:09:23.208,10.42597,10.4276,1.00,1.00
2018.04.25 14:09:23.260,10.42593,10.4276,1.00,1.00
2018.04.25 14:09:23.312,10.42595,10.4276,1.00,1.00
2018.04.25 14:09:23.364,10.42565,10.42751,1.00,1.00
2018.04.25 14:09:23.468,10.42565,10.42738,1.00,1.00
2018.04.25 14:09:23.626,10.42577,10.42751,1.00,1.00
2018.04.25 14:09:24.086,10.42562,10.42751,1.00,1.00
2018.04.25 14:09:24.189,10.42552,10.42741,1.00,1.00
2018.04.25 14:09:24.726,10.42562,10.42751,1.00,1.00
2018.04.25 14:09:25.172,10.42552,10.4274,1.50,1.00
2018.04.25 14:09:27.713,10.42562,10.42751,1.00,1.00
2018.04.25 14:09:28.435,10.42552,10.42738,1.00,1.00
2018.04.25 14:09:28.873,10.42549,10.42738,1.00,1.00
2018.04.25 14:09:31.911,10.42563,10.42738,1.00,1.00
2018.04.25 14:09:32.139,10.42549,10.42738,1.00,1.00
2018.04.25 14:09:32.589,10.42553,10.42742,1.00,1.00
2018.04.25 14:09:33.047,10.42559,10.42742,1.00,1.00
2018.04.25 14:09:35.350,10.42559,10.42737,1.00,1.00
2018.04.25 14:09:35.666,10.42574,10.42746,1.00,1.00
2018.04.25 14:09:36.005,10.42562,10.42746,1.00,1.00
2018.04.25 14:09:36.108,10.42558,10.42746,1.00,1.00
2018.04.25 14:09:36.159,10.42563,10.42746,1.00,1.00
2018.04.25 14:09:36.729,10.42559,10.42733,1.00,1.00
2018.04.25 14:09:37.113,10.42559,10.42747,1.00,1.00
2018.04.25 14:09:37.165,10.42559,10.42736,1.00,1.00
2018.04.25 14:09:37.216,10.42566,10.42748,1.00,1.00
2018.04.25 14:09:37.643,10.42566,10.42755,1.50,1.00
2018.04.25 14:09:37.695,10.42565,10.42744,1.00,1.00
2018.04.25 14:09:38.090,10.42556,10.42735,1.00,1.00
2018.04.25 14:09:38.353,10.42556,10.42745,1.00,1.00
2018.04.25 14:09:38.405,10.42565,10.42745,1.00,1.00
2018.04.25 14:09:38.559,10.42558,10.42745,1.00,1.00
2018.04.25 14:09:39.095,10.42557,10.42733,1.00,1.00
2018.04.25 14:09:39.146,10.42557,10.42744,1.00,1.00
2018.04.25 14:09:39.453,10.42557,10.42732,1.00,1.00
2018.04.25 14:09:44.164,10.4256,10.42733,1.00,1.00
2018.04.25 14:09:45.118,10.4256,10.42743,1.00,1.00
2018.04.25 14:09:45.173,10.42562,10.42743,1.00,1.00
2018.04.25 14:09:45.224,10.42573,10.42757,1.00,1.00
2018.04.25 14:09:45.275,10.42573,10.42746,1.00,1.00
2018.04.25 14:09:45.428,10.4256,10.42746,1.00,1.00
2018.04.25 14:09:45.583,10.42557,10.42746,1.50,1.00
2018.04.25 14:09:45.633,10.42557,10.42739,1.00,1.00
2018.04.25 14:09:46.138,10.42563,10.4275,1.00,1.00
2018.04.25 14:09:46.641,10.42561,10.4275,1.50,1.00
2018.04.25 14:09:47.567,10.42559,10.4274,1.00,1.00
2018.04.25 14:09:48.003,10.42559,10.42738,1.00,1.00
2018.04.25 14:09:48.159,10.42556,10.42738,1.00,1.00
2018.04.25 14:09:48.629,10.42563,10.42736,1.00,1.00
2018.04.25 14:09:48.731,10.42555,10.42736,1.00,1.00
2018.04.25 14:09:48.783,10.42551,10.4273,1.00,1.00
2018.04.25 14:09:49.095,10.42546,10.42725,1.00,1.00
2018.04.25 14:09:49.412,10.4256,10.42725,1.00,1.00
2018.04.25 14:09:49.864,10.42544,10.42725,1.00,1.00
2018.04.25 14:09:50.241,10.42544,10.42722,1.00,1.00
2018.04.25 14:09:51.001,10.42544,10.42725,1.00,1.00
2018.04.25 14:09:51.156,10.4256,10.42737,1.00,1.00
2018.04.25 14:09:54.511,10.4256,10.42727,1.00,1.00
2018.04.25 14:09:59.547,10.42553,10.42727,1.00,1.00
2018.04.25 14:10:00.974,10.42549,10.42727,1.00,1.00
2018.04.25 14:10:02.584,10.42549,10.42722,1.00,1.00
2018.04.25 14:10:03.171,10.42544,10.42722,1.00,1.00
2018.04.25 14:10:03.222,10.42545,10.42732,1.00,1.00
2018.04.25 14:10:03.581,10.42552,10.42732,1.00,1.00
2018.04.25 14:10:04.117,10.42541,10.42732,1.00,1.00
2018.04.25 14:10:04.729,10.42541,10.42716,1.00,1.00
2018.04.25 14:10:06.093,10.42541,10.42731,1.00,1.00
2018.04.25 14:10:06.246,10.42541,10.42724,1.00,1.00
2018.04.25 14:10:06.569,10.42541,10.42709,1.00,1.00
2018.04.25 14:10:07.801,10.42541,10.42731,1.00,1.00
2018.04.25 14:10:08.567,10.42554,10.42726,1.00,1.00
2018.04.25 14:10:08.906,10.42554,10.42714,1.00,1.00
2018.04.25 14:10:10.208,10.4257,10.42731,1.00,1.00
2018.04.25 14:10:10.311,10.4257,10.42714,1.00,1.00
2018.04.25 14:10:11.209,10.42558,10.42726,1.00,1.00
2018.04.25 14:10:11.311,10.42558,10.42714,1.00,1.00
2018.04.25 14:10:12.415,10.42558,10.42737,1.00,1.00
2018.04.25 14:10:12.672,10.42569,10.42737,1.00,1.50
2018.04.25 14:10:18.895,10.42571,10.42735,1.00,1.00
2018.04.25 14:10:18.947,10.42571,10.42737,1.00,1.00
2018.04.25 14:10:19.004,10.42571,10.4273,1.00,1.00
2018.04.25 14:10:19.107,10.42569,10.42736,1.00,1.00
2018.04.25 14:10:19.158,10.42564,10.42725,1.00,1.00
2018.04.25 14:10:19.483,10.42568,10.42714,1.00,1.00
2018.04.25 14:10:20.042,10.42569,10.42736,1.00,1.00
2018.04.25 14:10:20.247,10.42568,10.42714,1.00,1.00
2018.04.25 14:10:20.702,10.42569,10.42736,1.00,1.00
2018.04.25 14:10:21.007,10.42569,10.42732,1.00,1.00
2018.04.25 14:10:21.629,10.42574,10.42737,1.00,1.00
2018.04.25 14:10:21.963,10.42593,10.42737,1.00,1.00
2018.04.25 14:10:22.014,10.42579,10.42737,1.00,1.00
2018.04.25 14:10:22.066,10.42573,10.42737,1.00,1.00
2018.04.25 14:10:22.169,10.42576,10.42737,1.00,1.00
2018.04.25 14:10:23.208,10.42574,10.42737,1.00,1.00
2018.04.25 14:10:24.138,10.42579,10.42737,1.00,1.00
2018.04.25 14:10:24.445,10.42595,10.42737,1.00,1.00
2018.04.25 14:10:25.113,10.42595,10.4278,1.00,1.00
2018.04.25 14:10:25.504,10.42595,10.42759,1.00,1.00
2018.04.25 14:10:26.135,10.42595,10.42737,1.00,1.00
2018.04.25 14:10:28.136,10.42569,10.42737,1.00,1.00
2018.04.25 14:10:30.104,10.42576,10.42737,1.00,1.00
2018.04.25 14:10:30.582,10.42571,10.42737,1.00,1.00
2018.04.25 14:10:30.784,10.42571,10.42704,1.00,1.00
2018.04.25 14:10:31.287,10.42571,10.42694,1.00,1.00
2018.04.25 14:10:32.469,10.42552,10.42694,1.00,1.00
2018.04.25 14:10:33.086,10.42546,10.42694,1.00,1.00
2018.04.25 14:10:33.642,10.42539,10.42694,1.00,1.00
2018.04.25 14:10:34.401,10.42546,10.42694,1.00,1.00
2018.04.25 14:10:34.702,10.42556,10.42694,1.00,1.00
2018.04.25 14:10:34.855,10.42554,10.42694,1.00,1.00
2018.04.25 14:10:37.814,10.42554,10.42704,1.00,1.00
2018.04.25 14:10:38.828,10.4256,10.42704,1.00,1.00
2018.04.25 14:10:40.136,10.4256,10.42715,1.00,1.00
2018.04.25 14:10:40.443,10.42569,10.42715,1.00,1.00
2018.04.25 14:10:41.151,10.4257,10.42724,1.00,1.00
2018.04.25 14:10:41.644,10.4259,10.42735,1.00,1.00
2018.04.25 14:10:42.066,10.42589,10.42737,1.00,1.00
2018.04.25 14:10:42.208,10.42576,10.42737,1.00,1.00
2018.04.25 14:10:43.940,10.42576,10.42734,1.00,1.00
2018.04.25 14:10:44.486,10.42576,10.42724,1.00,1.00
2018.04.25 14:10:44.703,10.42569,10.42724,1.00,1.00
2018.04.25 14:10:44.805,10.42569,10.42734,1.00,1.00
2018.04.25 14:10:45.396,10.42569,10.42724,1.00,1.00
2018.04.25 14:10:46.156,10.42578,10.42724,1.00,1.00
2018.04.25 14:10:46.431,10.42569,10.42724,1.00,1.00
2018.04.25 14:10:46.631,10.42571,10.42724,1.00,1.00
2018.04.25 14:10:46.682,10.42571,10.42734,1.00,1.00
2018.04.25 14:10:46.835,10.42585,10.42737,1.00,1.00
2018.04.25 14:10:46.938,10.42612,10.42785,1.00,1.00
2018.04.25 14:10:46.990,10.42609,10.42785,1.00,1.00
2018.04.25 14:10:47.041,10.42609,10.42805,1.50,1.00
2018.04.25 14:10:47.186,10.42621,10.42805,1.00,1.00
2018.04.25 14:10:47.492,10.42658,10.42814,1.00,1.00
2018.04.25 14:10:47.829,10.42675,10.42814,1.00,1.00
2018.04.25 14:10:47.880,10.42646,10.42814,1.00,1.00
2018.04.25 14:10:48.135,10.4264,10.42814,1.00,1.00
2018.04.25 14:10:48.415,10.4264,10.42824,1.00,1.00
2018.04.25 14:10:48.467,10.42629,10.42824,1.00,1.00
2018.04.25 14:10:48.620,10.42635,10.42824,1.00,1.00
2018.04.25 14:10:48.925,10.42621,10.42789,1.00,1.00
2018.04.25 14:10:50.655,10.42625,10.42789,1.00,1.00
2018.04.25 14:10:51.133,10.42623,10.42814,1.00,1.00
2018.04.25 14:10:51.184,10.42623,10.42784,1.00,1.00
2018.04.25 14:10:51.969,10.42623,10.42818,1.00,1.00
2018.04.25 14:10:52.123,10.42632,10.42826,1.00,1.00
2018.04.25 14:10:52.457,10.42648,10.42809,1.00,1.00
2018.04.25 14:10:52.916,10.42648,10.42804,1.00,1.00
2018.04.25 14:10:53.655,10.42652,10.42809,1.00,1.00
2018.04.25 14:10:53.797,10.42652,10.42814,1.00,1.00
2018.04.25 14:10:54.164,10.42651,10.42824,1.00,1.00
2018.04.25 14:10:54.420,10.42664,10.42824,1.00,1.00
2018.04.25 14:10:55.021,10.42664,10.42832,1.00,1.00
2018.04.25 14:10:55.130,10.42665,10.42834,1.00,1.00
2018.04.25 14:10:55.321,10.42665,10.42854,1.00,1.00
2018.04.25 14:10:55.373,10.42675,10.42854,1.00,1.00
2018.04.25 14:10:55.679,10.42708,10.42854,1.00,1.00
2018.04.25 14:10:55.989,10.42694,10.42854,1.00,1.00
2018.04.25 14:10:56.072,10.42684,10.42834,1.00,1.00
2018.04.25 14:10:56.124,10.42678,10.42834,1.00,1.00
2018.04.25 14:10:56.176,10.42659,10.42834,1.00,1.00
2018.04.25 14:10:56.228,10.42648,10.42834,1.00,1.00
2018.04.25 14:10:56.279,10.42648,10.42814,1.00,1.00
2018.04.25 14:10:56.331,10.42631,10.42814,1.00,1.00
2018.04.25 14:10:56.434,10.42606,10.42804,1.00,1.00
2018.04.25 14:10:56.486,10.42609,10.42802,1.00,1.00
2018.04.25 14:10:56.538,10.426,10.42802,1.50,1.00
2018.04.25 14:10:56.801,10.42578,10.4278,1.00,1.00
2018.04.25 14:10:57.181,10.42582,10.42783,1.00,1.00
2018.04.25 14:10:57.565,10.42611,10.42819,1.00,1.00
2018.04.25 14:10:57.616,10.4263,10.42824,1.00,1.50
2018.04.25 14:10:57.668,10.42619,10.4282,1.00,1.00
2018.04.25 14:10:57.820,10.42619,10.42802,1.00,1.00
2018.04.25 14:10:58.034,10.42621,10.4282,1.00,1.00
2018.04.25 14:10:58.200,10.42651,10.42804,1.00,1.00
2018.04.25 14:10:58.613,10.42651,10.42824,1.00,1.00
2018.04.25 14:10:58.857,10.42628,10.42814,1.00,1.00
2018.04.25 14:10:58.960,10.42626,10.42814,1.00,1.00
2018.04.25 14:10:59.011,10.42633,10.42814,1.00,1.00
2018.04.25 14:10:59.321,10.42633,10.42804,1.00,1.00
2018.04.25 14:10:59.668,10.42633,10.42824,1.00,1.00
2018.04.25 14:10:59.941,10.42648,10.42824,1.00,1.00
2018.04.25 14:11:00.262,10.42639,10.42824,1.00,1.35
2018.04.25 14:11:00.314,10.42626,10.42824,1.50,1.60
2018.04.25 14:11:00.365,10.42598,10.428,1.00,1.60
2018.04.25 14:11:00.417,10.42587,10.42776,1.00,2.10
2018.04.25 14:11:00.469,10.42564,10.42759,1.00,2.10
2018.04.25 14:11:00.520,10.4255,10.42756,1.00,2.10
2018.04.25 14:11:00.980,10.4253,10.42731,1.00,1.00
2018.04.25 14:11:01.032,10.42539,10.42758,1.00,2.10
2018.04.25 14:11:01.637,10.42539,10.42763,1.00,2.47
2018.04.25 14:11:01.689,10.42532,10.42734,1.00,1.00
2018.04.25 14:11:01.791,10.42535,10.42749,1.00,1.60
2018.04.25 14:11:01.842,10.42539,10.42764,1.00,1.97
2018.04.25 14:11:01.893,10.42539,10.42764,1.00,1.97
2018.04.25 14:11:01.944,10.42539,10.42764,1.00,1.97
2018.04.25 14:11:02.284,10.42568,10.42738,1.00,1.00
2018.04.25 14:11:04.499,10.42576,10.42738,1.00,1.00
2018.04.25 14:11:04.728,10.42568,10.42738,1.00,1.00
2018.04.25 14:11:08.135,10.42572,10.42738,1.00,1.00
2018.04.25 14:11:08.237,10.42568,10.42738,1.00,1.00
2018.04.25 14:11:13.764,10.42569,10.42737,1.00,1.00
2018.04.25 14:11:17.870,10.42571,10.42737,1.00,1.00
2018.04.25 14:11:17.972,10.42569,10.42737,1.00,1.00
2018.04.25 14:11:22.301,10.42549,10.42736,1.00,1.00
2018.04.25 14:11:22.354,10.42547,10.42736,1.00,1.00
2018.04.25 14:11:22.468,10.42534,10.42736,1.00,1.00
2018.04.25 14:11:22.676,10.42546,10.42714,1.00,1.00
2018.04.25 14:11:23.186,10.42549,10.42714,1.00,1.00
2018.04.25 14:11:23.239,10.42569,10.42737,1.00,1.00
2018.04.25 14:11:47.410,10.42571,10.42737,1.00,1.00
2018.04.25 14:11:47.707,10.42569,10.42737,1.00,1.00
2018.04.25 14:11:48.223,10.4257,10.42737,1.00,1.00
2018.04.25 14:11:48.705,10.42582,10.42737,1.00,1.00
2018.04.25 14:11:48.758,10.42569,10.42737,1.00,1.00
2018.04.25 14:11:57.233,10.42558,10.42737,1.00,1.00
2018.04.25 14:11:57.439,10.42552,10.42737,1.00,1.00
2018.04.25 14:11:57.542,10.42551,10.42714,1.00,1.00
2018.04.25 14:11:57.859,10.42553,10.42714,1.00,1.00
2018.04.25 14:11:58.622,10.42569,10.42737,1.00,1.00
2018.04.25 14:11:58.674,10.42553,10.42714,1.00,1.00
2018.04.25 14:11:58.778,10.42569,10.42737,1.00,1.00
2018.04.25 14:11:59.984,10.42586,10.42737,1.00,1.00
2018.04.25 14:12:00.880,10.42576,10.42737,1.00,1.00
2018.04.25 14:12:01.343,10.42586,10.42737,1.00,1.00
2018.04.25 14:12:04.714,10.42596,10.42737,1.00,1.00
2018.04.25 14:12:04.919,10.42586,10.42737,1.00,1.00
2018.04.25 14:12:04.971,10.42586,10.42735,1.00,1.00
2018.04.25 14:12:05.175,10.42566,10.42735,1.00,1.00
2018.04.25 14:12:05.227,10.42566,10.42714,1.00,1.00
2018.04.25 14:12:05.560,10.42575,10.42714,1.00,1.00
2018.04.25 14:12:05.785,10.42575,10.42738,1.00,1.00
2018.04.25 14:12:06.066,10.42575,10.42714,1.00,1.00
2018.04.25 14:12:06.117,10.42566,10.42714,1.00,1.00
2018.04.25 14:12:06.422,10.42569,10.42737,1.00,1.00
2018.04.25 14:12:06.580,10.42566,10.42714,1.00,1.00
2018.04.25 14:12:06.632,10.42576,10.42737,1.00,1.00
2018.04.25 14:12:08.857,10.42569,10.42737,1.00,1.00
2018.04.25 14:12:09.087,10.42553,10.42734,1.00,1.00
2018.04.25 14:12:09.368,10.42553,10.42714,1.00,1.00
2018.04.25 14:12:13.313,10.42553,10.42748,1.00,1.60
2018.04.25 14:12:13.364,10.42553,10.42748,1.00,1.35
2018.04.25 14:12:13.466,10.42553,10.42748,1.00,1.60
2018.04.25 14:12:13.802,10.42569,10.42737,1.00,1.00
2018.04.25 14:12:16.258,10.42553,10.42733,1.00,1.00
2018.04.25 14:12:16.310,10.42553,10.42715,1.00,1.00
2018.04.25 14:12:18.491,10.42553,10.42714,1.00,1.00
2018.04.25 14:12:19.109,10.42569,10.42737,1.00,1.00
2018.04.25 14:12:19.501,10.42553,10.42714,1.00,1.00
2018.04.25 14:12:22.291,10.42553,10.4274,1.00,1.00
2018.04.25 14:12:22.598,10.42569,10.42737,1.00,1.00
2018.04.25 14:12:23.365,10.42553,10.42714,1.00,1.00
2018.04.25 14:12:24.149,10.42561,10.42714,1.00,1.00
2018.04.25 14:12:24.444,10.42554,10.42714,1.00,1.00
2018.04.25 14:12:24.667,10.42558,10.42714,1.00,1.00
2018.04.25 14:12:24.718,10.42569,10.42737,1.00,1.00
2018.04.25 14:12:24.984,10.42558,10.42714,1.00,1.00
2018.04.25 14:12:25.185,10.42569,10.42737,1.00,1.00
2018.04.25 14:12:28.727,10.42549,10.4273,1.00,1.00
2018.04.25 14:12:28.998,10.42549,10.42714,1.00,1.00
2018.04.25 14:12:29.463,10.42552,10.42714,1.00,1.00
2018.04.25 14:12:30.269,10.42573,10.42737,1.00,1.00
2018.04.25 14:12:30.371,10.42569,10.42737,1.00,1.00
2018.04.25 14:12:30.474,10.42577,10.42737,1.00,1.00
2018.04.25 14:12:30.664,10.42569,10.42737,1.00,1.00
2018.04.25 14:12:34.652,10.42587,10.42737,1.00,1.00
2018.04.25 14:12:34.911,10.4258,10.42737,1.00,1.00
2018.04.25 14:12:35.095,10.42574,10.42737,1.00,1.00
2018.04.25 14:12:35.254,10.42569,10.42737,1.00,1.00
2018.04.25 14:12:46.404,10.42564,10.42735,1.00,1.00
2018.04.25 14:12:46.611,10.42564,10.42714,1.00,1.00
2018.04.25 14:12:46.663,10.42569,10.42737,1.00,1.00
2018.04.25 14:12:48.054,10.42557,10.42734,1.00,1.00
2018.04.25 14:12:48.157,10.42569,10.42737,1.00,1.00
2018.04.25 14:12:48.975,10.42571,10.42737,1.00,1.00
2018.04.25 14:12:50.555,10.42569,10.42737,1.00,1.00
2018.04.25 14:12:53.137,10.42576,10.42737,1.00,1.00
2018.04.25 14:12:54.761,10.42558,10.42736,1.00,1.00
2018.04.25 14:12:55.112,10.42564,10.42714,1.00,1.00
2018.04.25 14:12:55.474,10.42566,10.42714,1.00,1.00
2018.04.25 14:12:55.627,10.42569,10.42737,1.00,1.00
2018.04.25 14:12:56.145,10.42587,10.42737,1.00,1.00
2018.04.25 14:12:56.319,10.42574,10.42737,1.00,1.00
2018.04.25 14:12:56.612,10.42576,10.42737,1.00,1.00
2018.04.25 14:12:56.917,10.42569,10.42737,1.00,1.00
2018.04.25 14:12:57.204,10.42576,10.42737,1.00,1.00
2018.04.25 14:12:57.634,10.42587,10.42737,1.00,1.00
2018.04.25 14:12:57.685,10.42576,10.42737,1.00,1.00
2018.04.25 14:12:59.020,10.42586,10.42737,1.00,1.00
2018.04.25 14:13:00.253,10.42576,10.42737,1.00,1.00
2018.04.25 14:13:00.706,10.42586,10.42738,1.00,1.00
2018.04.25 14:13:00.911,10.42566,10.42736,1.00,1.60
2018.04.25 14:13:00.963,10.42566,10.42719,1.00,1.60
2018.04.25 14:13:01.221,10.42556,10.42719,1.00,1.60
2018.04.25 14:13:02.521,10.42556,10.42689,1.00,1.00
2018.04.25 14:13:11.617,10.42566,10.42689,1.00,1.00
2018.04.25 14:13:16.842,10.42556,10.42689,1.00,1.00
2018.04.25 14:13:25.548,10.42566,10.42689,1.00,1.00
2018.04.25 14:13:41.694,10.42542,10.42689,1.00,1.00
2018.04.25 14:13:41.745,10.42557,10.42714,1.00,1.00
2018.04.25 14:13:41.796,10.42555,10.42731,1.00,1.00
2018.04.25 14:13:41.848,10.42561,10.42744,1.00,1.12
2018.04.25 14:13:42.002,10.42575,10.42754,1.00,1.00
2018.04.25 14:13:42.260,10.42578,10.42759,1.00,1.00
2018.04.25 14:13:42.312,10.42578,10.42766,1.00,1.60
2018.04.25 14:13:42.555,10.42578,10.42766,1.00,1.60
2018.04.25 14:13:42.877,10.42565,10.42743,1.00,1.00
2018.04.25 14:13:43.186,10.42569,10.42737,1.00,1.00
2018.04.25 14:13:47.264,10.42576,10.42737,1.00,1.00
2018.04.25 14:13:47.788,10.42569,10.42737,1.00,1.00
2018.04.25 14:13:48.273,10.42576,10.42731,1.00,1.00
2018.04.25 14:13:48.325,10.42576,10.42735,1.00,1.00
2018.04.25 14:13:48.376,10.42576,10.42737,1.00,1.00
2018.04.25 14:13:51.727,10.42569,10.42737,1.00,1.00
2018.04.25 14:13:58.947,10.4257,10.42737,1.00,1.00
2018.04.25 14:13:58.999,10.42576,10.42736,1.00,1.60
2018.04.25 14:13:59.308,10.42566,10.42714,1.00,1.00
2018.04.25 14:13:59.624,10.42566,10.42712,1.00,1.00
2018.04.25 14:13:59.939,10.42556,10.42712,1.00,1.00
2018.04.25 14:14:00.874,10.42545,10.42712,1.00,1.00
2018.04.25 14:14:00.926,10.42545,10.42714,1.00,1.00
2018.04.25 14:14:01.477,10.42545,10.4269,1.00,1.00
2018.04.25 14:14:02.325,10.42545,10.42712,1.00,1.00
2018.04.25 14:14:02.580,10.42545,10.42689,1.00,1.00
2018.04.25 14:14:04.130,10.42556,10.42689,1.00,1.00
2018.04.25 14:14:04.962,10.4254,10.42689,1.00,1.00
2018.04.25 14:14:05.015,10.42534,10.42689,1.00,1.00
2018.04.25 14:14:06.227,10.42536,10.42689,1.00,1.00
2018.04.25 14:14:07.282,10.42534,10.42689,1.00,1.00
2018.04.25 14:14:07.787,10.42536,10.42689,1.00,1.00
2018.04.25 14:14:09.688,10.4254,10.42689,1.00,1.00
2018.04.25 14:14:09.947,10.4254,10.42716,1.00,1.00
2018.04.25 14:14:10.224,10.42544,10.42712,1.00,1.00
2018.04.25 14:14:10.686,10.4254,10.42689,1.00,1.00
2018.04.25 14:14:11.969,10.42546,10.42689,1.00,1.00
2018.04.25 14:14:12.778,10.42546,10.42716,1.00,1.00
2018.04.25 14:14:12.880,10.42546,10.4269,1.00,1.00
2018.04.25 14:14:12.998,10.42546,10.42716,1.00,1.00
2018.04.25 14:14:13.121,10.42546,10.42689,1.00,1.00
2018.04.25 14:14:13.280,10.4254,10.42689,1.00,1.00
2018.04.25 14:14:15.802,10.4254,10.42716,1.00,1.00
2018.04.25 14:14:15.854,10.4254,10.42689,1.00,1.00
2018.04.25 14:14:15.905,10.4254,10.42716,1.00,1.00
2018.04.25 14:14:15.956,10.4254,10.42689,1.00,1.00
2018.04.25 14:14:19.076,10.4254,10.42716,1.00,1.00
2018.04.25 14:14:19.311,10.42544,10.42712,1.00,1.00
2018.04.25 14:14:19.620,10.4254,10.42689,1.00,1.00
2018.04.25 14:14:21.670,10.42537,10.42689,1.00,1.00
2018.04.25 14:14:50.052,10.42536,10.42689,1.00,1.00
2018.04.25 14:14:50.103,10.42528,10.42689,1.00,1.00
2018.04.25 14:14:53.170,10.42536,10.42689,1.00,1.00
2018.04.25 14:14:56.482,10.42528,10.42689,1.00,1.00
2018.04.25 14:14:57.187,10.42521,10.42689,1.50,1.00
2018.04.25 14:14:57.392,10.42521,10.42678,1.00,1.00
2018.04.25 14:14:58.299,10.42512,10.42678,1.00,1.00
2018.04.25 14:14:58.615,10.42512,10.42664,1.00,1.00
2018.04.25 14:15:00.125,10.42519,10.42674,1.00,1.00
2018.04.25 14:15:00.232,10.42512,10.42664,1.00,1.00
2018.04.25 14:15:03.911,10.42512,10.42674,1.00,1.00
2018.04.25 14:15:03.963,10.42512,10.42665,1.00,1.00
2018.04.25 14:15:04.952,10.42512,10.42678,1.00,1.00
2018.04.25 14:15:05.209,10.42518,10.42678,1.00,1.00
2018.04.25 14:15:12.697,10.42527,10.42678,1.00,1.00
2018.04.25 14:15:15.593,10.42536,10.42678,1.00,1.00
2018.04.25 14:15:16.092,10.42528,10.42678,1.00,1.00
2018.04.25 14:15:16.274,10.42528,10.42688,1.00,1.00
2018.04.25 14:15:17.775,10.42546,10.42688,1.00,1.00
2018.04.25 14:15:19.690,10.42536,10.42688,1.00,1.00
2018.04.25 14:15:19.897,10.42536,10.4269,1.00,1.00
2018.04.25 14:15:19.949,10.42546,10.4269,1.00,1.00
2018.04.25 14:15:24.166,10.42544,10.4269,1.00,1.00
2018.04.25 14:15:24.431,10.42536,10.4269,1.00,1.00
2018.04.25 14:15:24.483,10.42527,10.4269,1.00,1.00
2018.04.25 14:15:24.991,10.42527,10.42689,1.00,1.00
2018.04.25 14:15:30.386,10.42523,10.42689,1.00,1.00
2018.04.25 14:15:30.490,10.42525,10.42689,1.00,1.00
2018.04.25 14:15:30.943,10.42523,10.42689,1.00,1.00
2018.04.25 14:15:33.463,10.42521,10.42687,1.00,1.00
2018.04.25 14:15:34.020,10.42525,10.42687,1.00,1.00
2018.04.25 14:15:34.440,10.42521,10.42687,1.00,1.00
2018.04.25 14:15:38.003,10.42526,10.42687,1.00,1.00
2018.04.25 14:15:42.882,10.42526,10.42689,1.00,1.00
2018.04.25 14:15:47.581,10.42529,10.42689,1.00,1.00
2018.04.25 14:15:47.986,10.42536,10.42689,1.00,1.00
2018.04.25 14:15:48.271,10.42529,10.42689,1.00,1.00
2018.04.25 14:15:48.774,10.42536,10.42689,1.00,1.00
2018.04.25 14:15:51.792,10.42546,10.42689,1.00,1.00
2018.04.25 14:15:51.898,10.42546,10.42693,1.00,1.00
2018.04.25 14:15:52.357,10.42546,10.42701,1.00,1.00
2018.04.25 14:15:52.697,10.42556,10.42701,1.00,1.00
2018.04.25 14:15:54.392,10.42546,10.42701,1.00,1.00
2018.04.25 14:15:54.675,10.42566,10.42725,1.00,1.00
2018.04.25 14:15:54.779,10.42566,10.42732,1.00,1.00
2018.04.25 14:15:55.306,10.42569,10.42732,1.00,1.00
2018.04.25 14:16:07.331,10.42579,10.42737,1.00,1.00
2018.04.25 14:16:22.431,10.42579,10.42734,1.00,1.00
2018.04.25 14:16:23.807,10.42579,10.42737,1.00,1.00
2018.04.25 14:16:27.903,10.42579,10.42734,1.00,1.00
2018.04.25 14:16:28.241,10.42579,10.42714,1.00,1.00
2018.04.25 14:16:29.890,10.42546,10.42712,1.50,1.00
2018.04.25 14:16:29.942,10.42534,10.42705,1.00,1.60
2018.04.25 14:16:29.994,10.42531,10.4269,1.00,1.00
2018.04.25 14:16:30.101,10.42505,10.4268,1.00,1.60
2018.04.25 14:16:30.153,10.42505,10.4268,1.00,1.60
2018.04.25 14:16:30.285,10.42505,10.4268,1.00,1.60
2018.04.25 14:16:30.598,10.42496,10.4265,1.00,1.00
2018.04.25 14:16:30.948,10.42506,10.4265,1.00,1.00
2018.04.25 14:16:31.396,10.42506,10.42655,1.00,1.00
2018.04.25 14:16:31.448,10.42496,10.42655,1.00,1.00
2018.04.25 14:16:32.448,10.42506,10.42655,1.00,1.00
2018.04.25 14:16:32.757,10.42496,10.42655,1.00,1.00
2018.04.25 14:16:34.898,10.42506,10.42655,1.00,1.00
2018.04.25 14:16:35.536,10.42516,10.42655,1.00,1.00
2018.04.25 14:16:38.354,10.42516,10.42658,1.00,1.00
2018.04.25 14:16:38.508,10.42516,10.42666,1.00,1.00
2018.04.25 14:16:38.634,10.42519,10.42666,1.00,1.00
2018.04.25 14:16:41.545,10.42526,10.42666,1.00,1.00
2018.04.25 14:16:42.556,10.42526,10.42662,1.00,1.00
2018.04.25 14:16:42.812,10.42526,10.42666,1.00,1.00
2018.04.25 14:16:44.671,10.42536,10.42666,1.00,1.00
2018.04.25 14:16:49.944,10.42556,10.42666,1.00,1.00
2018.04.25 14:16:50.490,10.42546,10.42666,1.00,1.00
2018.04.25 14:16:54.352,10.42536,10.42666,1.00,1.00
2018.04.25 14:16:57.206,10.42526,10.42666,1.00,1.00
2018.04.25 14:16:58.271,10.42519,10.42666,1.00,1.00
2018.04.25 14:16:58.860,10.42516,10.42666,1.00,1.00
2018.04.25 14:16:59.103,10.42516,10.42664,1.00,1.00
2018.04.25 14:16:59.415,10.42506,10.42664,1.00,1.00
2018.04.25 14:17:01.231,10.42496,10.42664,1.50,1.00
2018.04.25 14:17:08.262,10.42496,10.42652,1.50,1.00
2018.04.25 14:17:08.314,10.4249,10.42652,1.00,1.00
2018.04.25 14:17:08.417,10.42494,10.42652,1.00,1.00
2018.04.25 14:17:09.115,10.4249,10.42652,1.00,1.00
2018.04.25 14:17:09.321,10.4249,10.42639,1.00,1.00
2018.04.25 14:17:09.663,10.42494,10.42652,1.00,1.00
2018.04.25 14:17:11.936,10.4249,10.42652,1.00,1.00
2018.04.25 14:17:12.264,10.4249,10.42639,1.00,1.00
2018.04.25 14:17:13.941,10.42494,10.42652,1.00,1.00
2018.04.25 14:17:16.943,10.4249,10.42652,1.00,1.00
2018.04.25 14:17:17.103,10.4249,10.42639,1.00,1.00
2018.04.25 14:17:17.304,10.42493,10.42652,1.00,1.00
2018.04.25 14:17:17.922,10.42493,10.42645,1.00,1.00
2018.04.25 14:17:17.974,10.42474,10.42646,1.00,1.00
2018.04.25 14:17:18.026,10.42454,10.42632,1.00,1.00
2018.04.25 14:17:18.129,10.42453,10.42626,1.00,1.00
2018.04.25 14:17:18.433,10.42435,10.42597,1.00,1.00
2018.04.25 14:17:18.949,10.42435,10.42598,1.00,1.00
2018.04.25 14:17:19.394,10.42441,10.42598,1.00,1.00
2018.04.25 14:17:20.458,10.42446,10.42598,1.00,1.00
2018.04.25 14:17:22.066,10.42441,10.42598,1.00,1.00
2018.04.25 14:17:22.118,10.42445,10.42605,1.00,1.00
2018.04.25 14:17:22.326,10.42445,10.42615,1.00,1.00
2018.04.25 14:17:22.471,10.42466,10.42621,1.00,1.00
2018.04.25 14:17:22.779,10.42466,10.42623,1.00,1.00
2018.04.25 14:17:22.831,10.42466,10.42629,1.00,1.00
2018.04.25 14:17:36.948,10.42466,10.42634,1.50,1.00
2018.04.25 14:17:37.050,10.42476,10.4264,1.00,1.00
2018.04.25 14:17:37.253,10.42476,10.42652,1.00,1.00
2018.04.25 14:17:37.305,10.42473,10.42653,1.00,1.00
2018.04.25 14:17:37.394,10.4248,10.42653,1.00,1.00
2018.04.25 14:17:37.733,10.42486,10.42653,1.00,1.00
2018.04.25 14:17:38.095,10.42496,10.42657,1.00,1.00
2018.04.25 14:17:38.480,10.4252,10.4268,1.00,1.00
2018.04.25 14:17:38.823,10.42526,10.4268,1.00,1.00
2018.04.25 14:17:39.419,10.42535,10.42691,1.00,1.00
2018.04.25 14:17:40.200,10.42538,10.42691,1.00,1.00
2018.04.25 14:17:40.656,10.4256,10.42691,1.00,1.00
2018.04.25 14:17:44.942,10.42533,10.42691,1.00,1.00
2018.04.25 14:17:45.131,10.42526,10.42691,1.00,1.00
2018.04.25 14:17:45.183,10.42539,10.42691,1.00,1.00
2018.04.25 14:17:46.476,10.42561,10.42691,1.00,1.00
2018.04.25 14:17:48.332,10.42535,10.42691,1.00,1.00
2018.04.25 14:17:48.383,10.42539,10.42691,1.00,1.00
2018.04.25 14:17:48.689,10.42539,10.42689,1.00,1.00
2018.04.25 14:17:50.313,10.42516,10.42689,1.00,1.00
2018.04.25 14:17:50.415,10.42539,10.42689,1.00,1.00
2018.04.25 14:17:51.168,10.42539,10.42674,1.00,1.00
2018.04.25 14:17:53.921,10.42506,10.42674,1.00,1.00
2018.04.25 14:17:54.270,10.42516,10.42674,1.00,1.00
2018.04.25 14:17:56.083,10.42539,10.42674,1.00,1.00
2018.04.25 14:17:56.420,10.42516,10.42674,1.00,1.00
2018.04.25 14:17:56.471,10.42539,10.42674,1.00,1.00
2018.04.25 14:17:56.625,10.42516,10.42674,1.00,1.00
2018.04.25 14:17:56.943,10.42539,10.42674,1.00,1.00
2018.04.25 14:17:57.036,10.42516,10.42674,1.00,1.00
2018.04.25 14:17:57.418,10.42516,10.42664,1.00,1.00
2018.04.25 14:17:58.576,10.42492,10.42664,1.00,1.00
2018.04.25 14:17:58.749,10.4248,10.42651,1.00,1.00
2018.04.25 14:17:59.054,10.42494,10.42651,1.00,1.00
2018.04.25 14:18:01.741,10.42475,10.42651,1.00,1.00
2018.04.25 14:18:01.792,10.42467,10.42641,1.00,1.00
2018.04.25 14:18:02.129,10.42471,10.42624,1.00,1.00
2018.04.25 14:18:14.444,10.42471,10.42637,1.00,1.00
2018.04.25 14:18:16.546,10.42472,10.42639,1.00,1.00
2018.04.25 14:18:17.059,10.42471,10.42639,1.00,1.00
2018.04.25 14:18:41.417,10.42496,10.42639,1.00,1.00
2018.04.25 14:18:43.962,10.42506,10.42639,1.00,1.00
2018.04.25 14:18:44.425,10.42496,10.42639,1.00,1.00
2018.04.25 14:18:45.511,10.42506,10.42639,1.00,1.00
2018.04.25 14:18:48.498,10.42496,10.42639,1.00,1.00
2018.04.25 14:18:48.940,10.42506,10.42639,1.00,1.00
2018.04.25 14:18:55.258,10.42496,10.42639,1.00,1.00
2018.04.25 14:18:56.212,10.42485,10.42639,1.00,1.00
2018.04.25 14:18:59.678,10.42486,10.42639,1.00,1.00
2018.04.25 14:18:59.732,10.42486,10.42627,1.00,1.00
2018.04.25 14:19:00.405,10.42486,10.42612,1.00,1.00
2018.04.25 14:19:00.734,10.42466,10.42612,1.00,1.00
2018.04.25 14:19:01.784,10.42476,10.42612,1.00,1.00
2018.04.25 14:19:03.629,10.42486,10.42612,1.00,1.00
2018.04.25 14:19:08.677,10.42466,10.42612,1.00,1.00
2018.04.25 14:19:08.781,10.42486,10.42612,1.00,1.00
2018.04.25 14:19:13.737,10.42496,10.42612,1.00,1.00
2018.04.25 14:19:14.759,10.42486,10.42612,1.00,1.00
2018.04.25 14:19:14.863,10.42465,10.42602,1.00,1.00
2018.04.25 14:19:15.290,10.42465,10.42587,1.00,1.00
2018.04.25 14:19:15.812,10.42476,10.42587,1.00,1.00
2018.04.25 14:19:17.625,10.42476,10.42602,1.00,1.00
2018.04.25 14:19:17.677,10.42496,10.42602,1.00,1.00
2018.04.25 14:19:18.641,10.42506,10.42602,1.00,1.00
2018.04.25 14:19:19.046,10.42516,10.42602,1.00,1.00
2018.04.25 14:19:19.380,10.42516,10.42609,1.00,1.00
2018.04.25 14:19:19.601,10.42526,10.4261,1.00,1.00
2018.04.25 14:19:19.987,10.42516,10.4261,1.00,1.00
2018.04.25 14:19:20.090,10.42516,10.42598,1.00,1.00
2018.04.25 14:19:20.542,10.42516,10.42612,1.00,1.50
2018.04.25 14:19:20.716,10.42506,10.42612,1.00,1.00
2018.04.25 14:19:20.921,10.42496,10.42612,1.00,1.50
2018.04.25 14:19:21.074,10.42496,10.42623,1.00,1.00
2018.04.25 14:19:21.215,10.42496,10.42612,1.00,1.00
2018.04.25 14:19:21.267,10.42496,10.42623,1.00,1.00
2018.04.25 14:19:23.613,10.42506,10.42623,1.00,1.00
2018.04.25 14:19:25.281,10.42496,10.42623,1.00,1.00
2018.04.25 14:19:25.613,10.42506,10.42623,1.00,1.00
2018.04.25 14:19:27.536,10.42516,10.42623,1.00,1.00
2018.04.25 14:19:27.791,10.42486,10.42623,1.00,1.00
2018.04.25 14:19:28.007,10.42486,10.42612,1.00,1.00
2018.04.25 14:19:35.615,10.42476,10.42612,1.00,1.00
2018.04.25 14:19:37.773,10.42486,10.42612,1.00,1.00
2018.04.25 14:19:46.291,10.42444,10.42612,1.00,1.00
2018.04.25 14:19:47.944,10.4245,10.42612,1.00,1.00
2018.04.25 14:19:47.996,10.42444,10.42612,1.00,1.00
2018.04.25 14:19:51.583,10.42444,10.42598,1.00,1.00
2018.04.25 14:19:51.686,10.42444,10.42602,1.00,1.00
2018.04.25 14:19:51.827,10.42444,10.42588,1.00,1.00
2018.04.25 14:19:51.929,10.42405,10.42586,1.50,1.00
2018.04.25 14:19:51.980,10.42416,10.4259,1.00,1.00
2018.04.25 14:19:52.447,10.42416,10.42584,1.50,1.00
2018.04.25 14:19:54.471,10.42426,10.42584,1.00,1.00
2018.04.25 14:19:55.684,10.42429,10.42592,1.00,1.00
2018.04.25 14:19:55.961,10.42441,10.42592,1.00,1.00
2018.04.25 14:19:56.442,10.42441,10.42601,1.00,1.00
2018.04.25 14:20:04.102,10.42456,10.42601,1.00,1.00
2018.04.25 14:20:04.439,10.42442,10.42604,1.00,1.00
2018.04.25 14:20:04.553,10.42455,10.42609,1.00,1.00
2018.04.25 14:20:04.761,10.42455,10.42614,1.00,1.00
2018.04.25 14:20:04.996,10.42468,10.42612,1.00,1.00
2018.04.25 14:20:05.048,10.42468,10.42627,1.00,1.00
2018.04.25 14:20:08.831,10.42476,10.42635,1.00,1.00
2018.04.25 14:20:10.128,10.42489,10.42635,1.00,1.00
2018.04.25 14:20:10.335,10.42472,10.42635,1.00,1.00
2018.04.25 14:20:11.805,10.42472,10.42609,1.00,1.00
2018.04.25 14:20:11.857,10.42446,10.42609,1.00,1.60
2018.04.25 14:20:11.909,10.42407,10.42571,1.00,1.00
2018.04.25 14:20:12.063,10.42394,10.42557,1.00,1.00
2018.04.25 14:20:12.216,10.42392,10.42557,1.00,1.00
2018.04.25 14:20:13.260,10.42386,10.42546,1.00,1.00
2018.04.25 14:20:13.947,10.42401,10.42546,1.00,1.00
2018.04.25 14:20:17.304,10.42408,10.42546,1.00,1.00
2018.04.25 14:20:17.487,10.42401,10.42559,1.00,1.00
2018.04.25 14:20:17.539,10.42407,10.42567,1.50,1.00
2018.04.25 14:20:17.591,10.42407,10.4259,1.60,1.00
2018.04.25 14:20:17.643,10.42426,10.42614,1.60,1.00
2018.04.25 14:20:17.694,10.42429,10.42614,1.60,1.00
2018.04.25 14:20:17.747,10.4244,10.42623,1.00,1.00
2018.04.25 14:20:17.800,10.42449,10.4264,1.00,1.00
2018.04.25 14:20:17.904,10.42468,10.42642,1.00,1.00
2018.04.25 14:20:17.955,10.42454,10.4264,1.00,1.00
2018.04.25 14:20:18.428,10.42467,10.42644,1.00,1.00
2018.04.25 14:20:19.721,10.42477,10.42644,1.00,1.00
2018.04.25 14:20:21.848,10.42467,10.42604,1.00,1.00
2018.04.25 14:20:21.951,10.42428,10.426,1.00,1.00
2018.04.25 14:20:22.003,10.42405,10.42566,1.00,1.00
2018.04.25 14:20:22.055,10.42396,10.42562,1.00,1.00
2018.04.25 14:20:22.211,10.42386,10.42551,1.00,1.00
2018.04.25 14:20:23.711,10.42385,10.42551,1.00,1.00
2018.04.25 14:20:23.967,10.42433,10.42616,1.60,1.00
2018.04.25 14:20:24.019,10.4245,10.42648,1.00,1.00
2018.04.25 14:20:25.027,10.42469,10.42652,1.00,1.00
2018.04.25 14:20:25.783,10.42477,10.42645,1.00,1.00
2018.04.25 14:20:31.095,10.42477,10.42635,1.00,1.00
2018.04.25 14:20:31.550,10.42458,10.42635,1.00,1.00
2018.04.25 14:20:31.800,10.42458,10.42622,1.00,1.00
2018.04.25 14:20:32.512,10.42454,10.42622,1.00,1.00
2018.04.25 14:20:39.074,10.42457,10.42622,1.00,1.00
2018.04.25 14:20:39.125,10.42454,10.42622,1.00,1.00
2018.04.25 14:20:39.510,10.42454,10.42619,1.00,1.00
2018.04.25 14:20:39.955,10.42454,10.42601,1.00,1.00
2018.04.25 14:20:40.444,10.42454,10.42613,1.00,1.00
2018.04.25 14:20:40.496,10.42454,10.42615,1.00,1.00
2018.04.25 14:20:40.964,10.42454,10.42613,1.00,1.00
2018.04.25 14:20:41.513,10.42454,10.42612,1.00,1.00
2018.04.25 14:20:42.948,10.42454,10.42613,1.00,1.00
2018.04.25 14:20:43.459,10.42413,10.42574,1.00,1.00
2018.04.25 14:20:43.513,10.42389,10.42554,1.00,1.00
2018.04.25 14:20:43.579,10.42384,10.42547,1.00,1.00
2018.04.25 14:20:43.632,10.42369,10.42547,1.00,1.00
2018.04.25 14:20:43.683,10.42368,10.4254,1.00,1.00
2018.04.25 14:20:43.955,10.423,10.42484,1.00,1.00
2018.04.25 14:20:44.007,10.4229,10.42477,1.00,1.00
2018.04.25 14:20:44.059,10.42279,10.42455,1.00,1.00
2018.04.25 14:20:44.112,10.42259,10.42443,1.00,1.00
2018.04.25 14:20:44.164,10.42259,10.42435,1.00,1.00
2018.04.25 14:20:44.267,10.42259,10.42438,1.00,1.00
2018.04.25 14:20:44.319,10.42259,10.42426,1.00,1.00
2018.04.25 14:20:44.552,10.42259,10.42433,1.00,1.00
2018.04.25 14:20:44.859,10.42259,10.42444,1.00,1.00
2018.04.25 14:20:45.248,10.42269,10.42448,1.00,1.00
2018.04.25 14:20:45.686,10.42302,10.4247,1.00,1.00
2018.04.25 14:20:45.737,10.42293,10.4247,1.00,1.00
2018.04.25 14:20:45.941,10.42293,10.42476,1.00,1.00
2018.04.25 14:20:46.196,10.42293,10.42481,1.00,1.00
2018.04.25 14:20:46.368,10.42304,10.42481,1.00,1.00
2018.04.25 14:20:46.803,10.42304,10.42488,1.00,1.00
2018.04.25 14:20:46.854,10.42304,10.4249,1.60,1.00
2018.04.25 14:20:46.906,10.42314,10.42499,1.00,1.00
2018.04.25 14:20:47.241,10.42323,10.42499,1.00,1.00
2018.04.25 14:20:47.344,10.42325,10.42512,1.00,1.00
2018.04.25 14:20:47.758,10.42335,10.42512,1.00,1.00
2018.04.25 14:20:48.350,10.42335,10.42516,1.00,1.00
2018.04.25 14:20:48.402,10.42335,10.42523,1.00,1.00
2018.04.25 14:20:48.505,10.4235,10.42523,1.00,1.00
2018.04.25 14:20:48.947,10.4235,10.42531,1.00,1.00
2018.04.25 14:20:49.899,10.4235,10.42546,1.00,1.00
2018.04.25 14:20:49.951,10.42375,10.42554,1.00,1.00
2018.04.25 14:20:50.004,10.42369,10.42561,1.00,1.00
2018.04.25 14:20:50.056,10.42357,10.42559,1.60,1.00
2018.04.25 14:20:50.180,10.42361,10.42559,1.00,1.00
2018.04.25 14:20:50.359,10.42361,10.42557,1.00,1.00
2018.04.25 14:20:50.666,10.42369,10.42564,1.00,1.00
2018.04.25 14:20:51.010,10.42391,10.42577,1.60,1.00
2018.04.25 14:20:51.062,10.42423,10.42602,1.00,1.00
2018.04.25 14:20:51.316,10.42414,10.42604,1.00,1.00
2018.04.25 14:20:51.522,10.42427,10.42604,1.00,1.00
2018.04.25 14:20:51.935,10.42414,10.42604,1.00,1.00
2018.04.25 14:20:52.037,10.4242,10.4261,1.00,1.00
2018.04.25 14:20:52.806,10.42433,10.4261,1.00,1.00
2018.04.25 14:20:53.113,10.42452,10.4261,1.00,1.00
2018.04.25 14:20:54.152,10.42452,10.42613,1.00,1.00
2018.04.25 14:20:54.589,10.42452,10.42617,1.00,1.00
2018.04.25 14:20:54.950,10.42452,10.4262,1.00,1.00
2018.04.25 14:20:58.655,10.42452,10.42604,1.00,1.00
2018.04.25 14:20:59.632,10.42452,10.42594,1.00,1.00
2018.04.25 14:20:59.684,10.42452,10.42613,1.00,1.00
2018.04.25 14:21:00.232,10.42452,10.42614,1.00,1.00
2018.04.25 14:21:00.425,10.42452,10.42605,1.00,1.00
2018.04.25 14:21:02.812,10.42452,10.42594,1.00,1.00
2018.04.25 14:21:07.377,10.42452,10.42604,1.00,1.00
2018.04.25 14:21:10.792,10.42452,10.42614,1.00,1.00
2018.04.25 14:21:11.694,10.42452,10.4262,1.00,1.00
2018.04.25 14:21:17.269,10.42452,10.42614,1.00,1.00
2018.04.25 14:21:19.991,10.42452,10.42604,1.00,1.00
2018.04.25 14:21:21.959,10.42452,10.42594,1.00,1.00
2018.04.25 14:21:22.215,10.42452,10.42604,1.00,1.00
2018.04.25 14:21:23.048,10.42443,10.42614,1.00,1.00
2018.04.25 14:21:23.186,10.42428,10.426,1.00,1.00
2018.04.25 14:21:23.370,10.42428,10.42606,1.00,1.00
2018.04.25 14:21:23.511,10.42429,10.42597,1.00,1.00
2018.04.25 14:21:24.420,10.42429,10.42594,1.00,1.00
2018.04.25 14:21:24.846,10.42381,10.42554,1.00,1.00
2018.04.25 14:21:25.049,10.42381,10.42538,1.00,1.00
2018.04.25 14:21:25.100,10.42368,10.42538,1.00,1.00
2018.04.25 14:21:25.496,10.42356,10.42529,1.00,1.00
2018.04.25 14:21:25.650,10.42344,10.42513,1.00,1.00
2018.04.25 14:21:25.855,10.42332,10.42512,1.00,1.00
2018.04.25 14:21:26.061,10.42344,10.42512,1.00,1.00
2018.04.25 14:21:26.112,10.42332,10.42512,1.00,1.00
2018.04.25 14:21:26.333,10.42338,10.42512,1.00,1.00
2018.04.25 14:21:28.545,10.42338,10.42524,1.00,1.00
2018.04.25 14:21:28.784,10.42361,10.4253,1.00,1.00
2018.04.25 14:21:28.990,10.42361,10.42541,1.00,1.00
2018.04.25 14:21:29.045,10.42375,10.42542,1.00,1.00
2018.04.25 14:21:29.303,10.42375,10.42553,1.00,1.00
2018.04.25 14:21:29.513,10.42373,10.42543,1.00,1.00
2018.04.25 14:21:30.449,10.42383,10.42555,1.00,1.00
2018.04.25 14:21:31.022,10.42383,10.42565,1.00,1.00
2018.04.25 14:21:31.426,10.42394,10.42504,1.00,1.00
2018.04.25 14:21:31.478,10.42373,10.42506,1.00,1.00
2018.04.25 14:21:31.530,10.42317,10.42467,1.00,1.00
2018.04.25 14:21:31.582,10.42317,10.42457,1.00,1.00
2018.04.25 14:21:31.633,10.42295,10.42441,1.00,1.00
2018.04.25 14:21:31.685,10.42277,10.42441,1.00,1.00
2018.04.25 14:21:31.736,10.42275,10.42441,1.00,1.00
2018.04.25 14:21:31.787,10.42265,10.42428,1.00,1.00
2018.04.25 14:21:31.990,10.42239,10.42407,1.00,1.00
2018.04.25 14:21:32.041,10.42254,10.42407,1.00,1.00
2018.04.25 14:21:32.194,10.42225,10.42393,1.00,1.00
2018.04.25 14:21:32.501,10.4219,10.42374,1.60,1.00
2018.04.25 14:21:32.552,10.4219,10.42374,1.60,1.00
2018.04.25 14:21:32.603,10.4219,10.42374,1.60,1.00
2018.04.25 14:21:33.033,10.42198,10.42374,1.60,1.00
2018.04.25 14:21:33.659,10.42198,10.42374,1.00,1.00
2018.04.25 14:21:33.863,10.4221,10.42378,1.00,1.00
2018.04.25 14:21:34.120,10.42219,10.42389,1.35,1.00
2018.04.25 14:21:34.587,10.42219,10.42389,1.60,1.00
2018.04.25 14:21:34.639,10.42219,10.42389,1.00,1.00
2018.04.25 14:21:34.899,10.42203,10.42389,1.60,1.00
2018.04.25 14:21:34.951,10.42221,10.42376,1.00,1.00
2018.04.25 14:21:35.185,10.42221,10.42395,1.00,1.00
2018.04.25 14:21:35.453,10.42224,10.42395,1.35,1.00
2018.04.25 14:21:36.032,10.42221,10.42395,1.00,1.00
2018.04.25 14:21:36.427,10.42226,10.42395,1.00,1.00
2018.04.25 14:21:36.954,10.42223,10.42395,1.00,1.00
2018.04.25 14:21:37.460,10.42223,10.42395,1.60,1.00
2018.04.25 14:21:37.912,10.42222,10.42395,1.00,1.00
2018.04.25 14:21:37.964,10.42215,10.42395,1.60,1.00
2018.04.25 14:21:38.169,10.42215,10.42398,1.60,1.00
2018.04.25 14:21:38.221,10.42226,10.42398,1.00,1.00
2018.04.25 14:21:38.427,10.42221,10.42398,1.60,1.00
2018.04.25 14:21:38.529,10.42221,10.42398,1.60,1.00
2018.04.25 14:21:38.929,10.42221,10.42396,1.60,1.00
2018.04.25 14:21:39.239,10.42221,10.42396,1.60,1.00
2018.04.25 14:21:39.845,10.42221,10.42396,1.60,1.00
2018.04.25 14:21:39.998,10.42221,10.424,1.60,1.00
2018.04.25 14:21:40.547,10.42232,10.424,1.00,1.00
2018.04.25 14:21:41.084,10.42231,10.424,1.00,1.00
2018.04.25 14:21:42.446,10.42242,10.42409,1.00,1.00
2018.04.25 14:21:42.685,10.42233,10.42409,1.00,1.00
2018.04.25 14:21:43.448,10.42245,10.42409,1.00,1.00
2018.04.25 14:21:44.111,10.42234,10.42409,1.00,1.00
2018.04.25 14:21:44.163,10.42248,10.42409,1.00,1.00
2018.04.25 14:21:44.421,10.42223,10.42409,1.60,1.00
2018.04.25 14:21:44.473,10.42223,10.42409,1.60,1.00
2018.04.25 14:21:44.894,10.42247,10.42409,1.00,1.00
2018.04.25 14:21:47.298,10.42247,10.42423,1.00,1.00
2018.04.25 14:21:47.557,10.42245,10.42423,1.35,1.00
2018.04.25 14:21:47.711,10.42245,10.42423,1.60,1.00
2018.04.25 14:21:47.867,10.42256,10.42435,1.35,1.00
2018.04.25 14:21:47.919,10.42267,10.42446,1.00,1.00
2018.04.25 14:21:48.288,10.42282,10.42451,1.00,1.00
2018.04.25 14:21:48.442,10.42295,10.42469,1.00,1.00
2018.04.25 14:21:48.494,10.42298,10.42469,1.00,1.00
2018.04.25 14:21:48.649,10.42298,10.42471,1.00,1.00
2018.04.25 14:21:48.701,10.42344,10.42493,1.00,1.00
2018.04.25 14:21:48.753,10.42331,10.42498,1.00,1.00
2018.04.25 14:21:48.858,10.42331,10.42504,1.00,1.00
2018.04.25 14:21:48.978,10.42342,10.42504,1.00,1.00
2018.04.25 14:21:49.031,10.42342,10.4252,1.00,1.00
2018.04.25 14:21:49.648,10.42352,10.42529,1.00,1.00
2018.04.25 14:21:49.699,10.42352,10.4254,1.00,1.00
2018.04.25 14:21:49.911,10.42361,10.4254,1.00,1.00
2018.04.25 14:21:49.963,10.42362,10.42557,1.00,1.00
2018.04.25 14:21:50.164,10.42389,10.42564,1.00,1.00
2018.04.25 14:21:50.215,10.42367,10.42564,1.00,1.00
2018.04.25 14:21:51.439,10.42372,10.42564,1.00,1.00
2018.04.25 14:21:51.592,10.42367,10.42564,1.00,1.00
2018.04.25 14:21:51.931,10.42358,10.42564,1.00,1.00
2018.04.25 14:21:52.442,10.42351,10.42554,1.00,1.00
2018.04.25 14:21:52.760,10.42362,10.42554,1.00,1.00
2018.04.25 14:21:54.048,10.42362,10.42556,1.00,1.00
2018.04.25 14:21:54.253,10.42372,10.42556,1.00,1.00
2018.04.25 14:21:54.594,10.42382,10.42566,1.00,1.00
2018.04.25 14:21:54.902,10.42383,10.42574,1.00,1.00
2018.04.25 14:21:54.953,10.42394,10.42574,1.00,1.00
2018.04.25 14:21:58.545,10.42383,10.42574,1.00,1.00
2018.04.25 14:21:58.927,10.42394,10.42574,1.00,1.00
2018.04.25 14:22:02.589,10.424,10.42574,1.00,1.00
2018.04.25 14:22:03.052,10.42406,10.42574,1.00,1.00
2018.04.25 14:22:03.411,10.42396,10.42574,1.00,1.00
2018.04.25 14:22:03.902,10.424,10.42563,1.00,1.00
2018.04.25 14:22:03.954,10.4239,10.42563,1.00,1.00
2018.04.25 14:22:04.162,10.42408,10.42563,1.00,1.00
2018.04.25 14:22:04.213,10.42396,10.42563,1.00,1.00
2018.04.25 14:22:04.419,10.42396,10.42576,1.00,1.00
2018.04.25 14:22:10.624,10.42379,10.42576,1.00,1.00
2018.04.25 14:22:10.936,10.42395,10.42576,1.00,1.00
2018.04.25 14:22:13.370,10.42379,10.42576,1.00,1.00
2018.04.25 14:22:13.422,10.42379,10.42563,1.00,1.00
2018.04.25 14:22:13.944,10.42371,10.42544,1.00,1.00
2018.04.25 14:22:17.592,10.42367,10.42544,1.00,1.00
2018.04.25 14:22:18.598,10.42367,10.42547,1.00,1.00
2018.04.25 14:22:18.958,10.42371,10.42547,1.00,1.00
2018.04.25 14:22:19.460,10.42379,10.42555,1.00,1.00
2018.04.25 14:22:20.934,10.42391,10.42555,1.00,1.00
2018.04.25 14:22:20.989,10.42377,10.42555,1.00,1.00
2018.04.25 14:22:21.476,10.42346,10.42508,1.00,1.00
2018.04.25 14:22:21.581,10.42262,10.42432,1.00,1.00
2018.04.25 14:22:21.634,10.42251,10.42404,1.00,1.00
2018.04.25 14:22:21.687,10.42232,10.42406,1.00,1.00
2018.04.25 14:22:21.877,10.42226,10.42406,1.00,1.00
2018.04.25 14:22:21.930,10.42198,10.42363,1.00,1.00
2018.04.25 14:22:22.342,10.42186,10.42363,1.00,1.00
2018.04.25 14:22:22.446,10.42185,10.4234,1.00,1.00
2018.04.25 14:22:22.949,10.42172,10.4234,1.00,1.00
2018.04.25 14:22:24.174,10.42182,10.4234,1.00,1.00
2018.04.25 14:22:24.689,10.42182,10.42361,1.00,1.00
2018.04.25 14:22:24.741,10.42182,10.42349,1.00,1.00
2018.04.25 14:22:24.793,10.42177,10.42349,1.00,1.00
2018.04.25 14:22:25.090,10.42199,10.42367,1.00,1.00
2018.04.25 14:22:25.349,10.42177,10.42354,1.00,1.00
2018.04.25 14:22:26.370,10.42179,10.42355,1.00,1.00
2018.04.25 14:22:26.423,10.42179,10.42366,1.00,1.00
2018.04.25 14:22:27.952,10.4219,10.42366,1.00,1.00
2018.04.25 14:22:28.171,10.4218,10.42359,1.00,1.00
2018.04.25 14:22:28.273,10.42177,10.4233,1.00,1.00
2018.04.25 14:22:28.325,10.42157,10.4233,1.00,1.00
2018.04.25 14:22:29.887,10.42157,10.42327,1.00,1.00
2018.04.25 14:22:30.202,10.42149,10.4231,1.00,1.00
2018.04.25 14:22:30.254,10.42136,10.4231,1.00,1.00
2018.04.25 14:22:30.459,10.42096,10.42264,1.00,1.00
2018.04.25 14:22:30.511,10.42084,10.42264,1.00,1.00
2018.04.25 14:22:30.584,10.42086,10.42264,1.00,1.00
2018.04.25 14:22:31.030,10.42084,10.42259,1.00,1.00
2018.04.25 14:22:31.234,10.42072,10.42255,1.00,1.00
2018.04.25 14:22:31.287,10.42036,10.4222,1.00,1.00
2018.04.25 14:22:31.391,10.42036,10.42206,1.00,1.00
2018.04.25 14:22:31.489,10.42016,10.42206,1.00,1.00
2018.04.25 14:22:31.548,10.42016,10.42187,1.00,1.00
2018.04.25 14:22:31.853,10.42025,10.42187,1.00,1.00
2018.04.25 14:22:31.904,10.42025,10.42202,1.00,1.00
2018.04.25 14:22:32.006,10.42025,10.42206,1.00,1.00
2018.04.25 14:22:32.159,10.42025,10.42204,1.00,1.00
2018.04.25 14:22:32.549,10.42026,10.42211,1.00,1.00
2018.04.25 14:22:33.015,10.42036,10.42211,1.00,1.00
2018.04.25 14:22:33.533,10.42026,10.42211,1.00,1.00
2018.04.25 14:22:33.650,10.42035,10.42227,1.00,1.00
2018.04.25 14:22:33.702,10.42069,10.42259,1.00,1.00
2018.04.25 14:22:34.032,10.42096,10.42292,1.00,1.00
2018.04.25 14:22:34.083,10.42106,10.42292,1.00,1.00
2018.04.25 14:22:34.235,10.42106,10.423,1.00,1.00
2018.04.25 14:22:34.286,10.42106,10.42297,1.00,1.00
2018.04.25 14:22:34.590,10.42118,10.42297,1.00,1.00
2018.04.25 14:22:35.024,10.42118,10.42305,1.00,1.00
2018.04.25 14:22:35.439,10.42125,10.42305,1.00,1.00
2018.04.25 14:22:35.943,10.42103,10.42278,1.00,1.00
2018.04.25 14:22:35.995,10.42103,10.4229,1.00,1.00
2018.04.25 14:22:36.047,10.42115,10.4229,1.00,1.00
2018.04.25 14:22:36.493,10.42116,10.42301,1.00,1.00
2018.04.25 14:22:36.944,10.42115,10.42298,1.00,1.00
2018.04.25 14:22:37.419,10.42114,10.42301,1.00,1.00
2018.04.25 14:22:37.954,10.42126,10.42307,1.00,1.00
2018.04.25 14:22:38.452,10.42163,10.42343,1.00,1.00
2018.04.25 14:22:38.504,10.42163,10.42349,1.00,1.00
2018.04.25 14:22:38.659,10.42159,10.42362,1.00,1.00
2018.04.25 14:22:38.764,10.42159,10.42384,1.00,1.37
2018.04.25 14:22:39.449,10.42159,10.42366,1.00,1.00
2018.04.25 14:22:39.757,10.42158,10.42352,1.00,1.00
2018.04.25 14:22:39.870,10.42158,10.42359,1.00,1.00
2018.04.25 14:22:40.312,10.42158,10.42354,1.00,1.00
2018.04.25 14:22:40.416,10.42158,10.42359,1.00,1.00
2018.04.25 14:22:41.341,10.42172,10.42373,1.00,1.00
2018.04.25 14:22:42.239,10.42188,10.42389,1.00,1.00
2018.04.25 14:22:42.547,10.42168,10.42369,1.00,1.00
2018.04.25 14:22:45.441,10.42195,10.42397,1.00,1.37
2018.04.25 14:22:45.982,10.42185,10.42387,1.00,1.00
2018.04.25 14:22:46.033,10.42204,10.42402,1.00,1.37
2018.04.25 14:22:46.085,10.42189,10.4239,1.00,1.00
2018.04.25 14:22:46.136,10.42203,10.42402,1.00,1.37
2018.04.25 14:22:46.441,10.42226,10.42424,1.00,1.00
2018.04.25 14:22:46.816,10.42225,10.42447,1.00,1.37
2018.04.25 14:22:46.867,10.42235,10.42447,1.00,1.00
2018.04.25 14:22:47.276,10.42235,10.42455,1.00,1.00
2018.04.25 14:22:47.617,10.42239,10.42455,1.00,1.00
2018.04.25 14:22:47.719,10.42239,10.42467,1.00,1.37
2018.04.25 14:22:47.821,10.42239,10.42451,1.00,1.00
2018.04.25 14:22:47.872,10.42245,10.42468,1.00,1.00
2018.04.25 14:22:47.923,10.42238,10.42462,1.00,1.00
2018.04.25 14:22:48.431,10.42259,10.42485,1.00,1.37
2018.04.25 14:22:48.737,10.42238,10.4246,1.00,1.00
2018.04.25 14:22:48.789,10.42238,10.42448,1.00,1.00
2018.04.25 14:22:48.841,10.42238,10.4246,1.00,1.00
2018.04.25 14:22:48.944,10.42228,10.42448,1.00,1.00
2018.04.25 14:22:49.933,10.42228,10.4246,1.00,1.37
2018.04.25 14:22:49.986,10.42252,10.42481,1.00,1.00
2018.04.25 14:22:50.318,10.42263,10.42476,1.00,1.00
2018.04.25 14:22:50.421,10.42263,10.42491,1.00,1.37
2018.04.25 14:22:50.473,10.42263,10.42485,1.00,1.00
2018.04.25 14:22:51.025,10.42258,10.42485,1.00,1.00
2018.04.25 14:22:51.725,10.42272,10.42473,1.00,1.00
2018.04.25 14:22:51.929,10.42243,10.42447,1.00,1.00
2018.04.25 14:22:51.980,10.42243,10.42462,1.00,1.00
2018.04.25 14:22:52.032,10.42243,10.42465,1.00,1.00
2018.04.25 14:22:53.997,10.42243,10.42451,1.00,1.00
2018.04.25 14:22:54.049,10.42243,10.42465,1.00,1.50
2018.04.25 14:22:54.463,10.42252,10.42453,1.00,1.00
2018.04.25 14:22:54.618,10.42277,10.42479,1.00,1.00
2018.04.25 14:22:54.720,10.42267,10.42468,1.00,1.00
2018.04.25 14:22:55.071,10.42277,10.42478,1.00,1.00
2018.04.25 14:22:55.441,10.42275,10.42476,1.00,1.00
2018.04.25 14:22:56.133,10.42246,10.4247,1.00,1.00
2018.04.25 14:22:56.492,10.42246,10.42464,1.00,1.00
2018.04.25 14:22:57.441,10.42246,10.42451,1.00,1.00
2018.04.25 14:22:57.492,10.42246,10.42466,1.00,1.00
2018.04.25 14:22:57.913,10.42268,10.42468,1.00,1.00
2018.04.25 14:22:57.999,10.42253,10.42455,1.00,1.00
2018.04.25 14:22:58.050,10.42246,10.42466,1.00,1.50
2018.04.25 14:22:58.409,10.42268,10.42469,1.00,1.00
2018.04.25 14:22:58.461,10.42247,10.42471,1.00,1.00
2018.04.25 14:22:58.513,10.42247,10.42458,1.00,1.00
2018.04.25 14:22:58.949,10.42247,10.42463,1.00,1.00
2018.04.25 14:23:01.900,10.42245,10.42447,1.00,1.00
2018.04.25 14:23:02.500,10.42235,10.42424,1.00,1.37
2018.04.25 14:23:02.552,10.42191,10.42393,1.00,1.00
2018.04.25 14:23:02.605,10.42213,10.42395,1.00,1.00
2018.04.25 14:23:02.657,10.42202,10.42395,1.00,1.00
2018.04.25 14:23:02.710,10.42202,10.42388,1.00,1.00
2018.04.25 14:23:03.019,10.4219,10.42377,1.00,1.00
2018.04.25 14:23:06.049,10.42188,10.42377,1.00,1.00
2018.04.25 14:23:09.459,10.42188,10.42378,1.00,1.00
2018.04.25 14:23:09.510,10.42188,10.4238,1.00,1.00
2018.04.25 14:23:16.613,10.422,10.42375,1.00,1.00
2018.04.25 14:23:16.664,10.422,10.42384,1.00,1.00
2018.04.25 14:23:17.431,10.42204,10.42384,1.00,1.00
2018.04.25 14:23:17.946,10.42201,10.4238,1.00,1.00
2018.04.25 14:23:18.909,10.42216,10.42383,1.00,1.00
2018.04.25 14:23:18.960,10.42205,10.4238,1.00,1.00
2018.04.25 14:23:19.166,10.42209,10.4238,1.00,1.00
2018.04.25 14:23:21.107,10.422,10.4238,1.00,1.00
2018.04.25 14:23:21.159,10.42209,10.4238,1.00,1.00
2018.04.25 14:23:21.261,10.422,10.4238,1.00,1.00
2018.04.25 14:23:21.313,10.42209,10.4238,1.00,1.00
2018.04.25 14:23:21.365,10.422,10.4238,1.00,1.00
2018.04.25 14:23:21.469,10.42196,10.42378,1.00,1.00
2018.04.25 14:23:22.453,10.42194,10.42378,1.00,1.00
2018.04.25 14:23:22.958,10.42194,10.42368,1.00,1.00
2018.04.25 14:23:28.923,10.42208,10.42376,1.00,1.00
2018.04.25 14:23:29.260,10.42204,10.42372,1.00,1.00
2018.04.25 14:23:30.017,10.42208,10.42376,1.00,1.00
2018.04.25 14:23:30.457,10.42209,10.42374,1.00,1.00
2018.04.25 14:23:30.568,10.42204,10.42372,1.00,1.00
2018.04.25 14:23:31.908,10.42208,10.42374,1.50,1.00
2018.04.25 14:23:31.960,10.42204,10.42372,1.00,1.00
2018.04.25 14:23:36.900,10.42206,10.42372,1.00,1.00
2018.04.25 14:23:37.912,10.42207,10.42372,1.00,1.00
2018.04.25 14:23:38.950,10.42204,10.42372,1.00,1.00
2018.04.25 14:23:39.913,10.42207,10.42372,1.00,1.00
2018.04.25 14:23:39.965,10.42204,10.42372,1.00,1.00
2018.04.25 14:23:41.923,10.42207,10.42372,1.00,1.00
2018.04.25 14:23:41.974,10.42204,10.42372,1.00,1.00
2018.04.25 14:23:44.947,10.42207,10.42372,1.00,1.00
2018.04.25 14:23:45.254,10.42207,10.4236,1.00,1.00
2018.04.25 14:23:46.589,10.42204,10.4236,1.00,1.00
2018.04.25 14:23:46.693,10.42204,10.42356,1.00,1.00
2018.04.25 14:23:48.244,10.42204,10.42343,1.00,1.00
2018.04.25 14:23:48.296,10.42176,10.42343,1.00,1.00
2018.04.25 14:23:48.347,10.42161,10.42334,1.00,1.00
2018.04.25 14:23:48.398,10.4214,10.42309,1.00,1.00
2018.04.25 14:23:48.450,10.42134,10.42308,1.00,1.00
2018.04.25 14:23:48.710,10.42111,10.42289,1.00,1.00
2018.04.25 14:23:48.815,10.42126,10.42289,1.00,1.00
2018.04.25 14:23:48.917,10.42125,10.42296,1.00,1.00
2018.04.25 14:23:48.969,10.4211,10.42291,1.00,1.00
2018.04.25 14:23:49.459,10.42151,10.42313,1.00,1.00
2018.04.25 14:23:52.933,10.42154,10.42315,1.00,1.00
2018.04.25 14:23:53.525,10.42154,10.42317,1.00,1.00
2018.04.25 14:23:53.966,10.42151,10.42317,1.00,1.00
2018.04.25 14:23:55.459,10.42154,10.42319,1.00,1.00
2018.04.25 14:23:55.510,10.42157,10.42324,1.00,1.00
2018.04.25 14:23:55.714,10.42165,10.42333,1.00,1.00
2018.04.25 14:23:55.849,10.42176,10.42333,1.00,1.00
2018.04.25 14:23:55.900,10.42178,10.42338,1.00,1.00
2018.04.25 14:23:55.952,10.42178,10.42342,1.00,1.00
2018.04.25 14:23:56.105,10.4219,10.42342,1.00,1.00
2018.04.25 14:23:56.413,10.42176,10.42338,1.00,1.00
2018.04.25 14:23:56.510,10.42176,10.4233,1.00,1.00
2018.04.25 14:23:56.822,10.42176,10.42327,1.00,1.00
2018.04.25 14:24:00.977,10.42176,10.42343,1.00,1.00
2018.04.25 14:24:01.028,10.42176,10.42341,1.00,1.00
2018.04.25 14:24:01.403,10.42176,10.42344,1.00,1.50
2018.04.25 14:24:01.913,10.42188,10.42345,1.00,1.00
2018.04.25 14:24:02.273,10.42176,10.42344,1.50,1.50
2018.04.25 14:24:02.427,10.42182,10.42344,1.00,1.00
2018.04.25 14:24:02.735,10.42198,10.42344,1.00,1.00
2018.04.25 14:24:03.048,10.42176,10.42313,1.00,1.00
2018.04.25 14:24:03.416,10.42176,10.42333,1.00,1.00
2018.04.25 14:24:03.467,10.42198,10.42332,1.00,1.00
2018.04.25 14:24:03.519,10.42198,10.42337,1.00,1.00
2018.04.25 14:24:03.948,10.42198,10.4234,1.00,1.00
2018.04.25 14:24:04.331,10.42176,10.42327,1.00,1.00
2018.04.25 14:24:04.495,10.42104,10.42272,1.00,1.00
2018.04.25 14:24:04.547,10.42105,10.42283,1.00,1.00
2018.04.25 14:24:04.652,10.42102,10.42286,1.00,1.00
2018.04.25 14:24:04.961,10.42102,10.42288,1.00,1.00
2018.04.25 14:24:05.444,10.42112,10.42289,1.00,1.00
2018.04.25 14:24:05.959,10.42123,10.423,1.00,1.00
2018.04.25 14:24:06.273,10.42151,10.423,1.00,1.00
2018.04.25 14:24:06.409,10.42151,10.42305,1.00,1.00
2018.04.25 14:24:06.998,10.42151,10.42319,1.00,1.50
2018.04.25 14:24:11.723,10.42111,10.42277,1.00,1.00
2018.04.25 14:24:11.777,10.42098,10.42277,1.00,1.00
2018.04.25 14:24:13.198,10.42106,10.42274,1.00,1.00
2018.04.25 14:24:13.574,10.42128,10.42277,1.00,1.00
2018.04.25 14:24:13.678,10.42128,10.42289,1.00,1.00
2018.04.25 14:24:14.189,10.42128,10.42296,1.00,1.00
2018.04.25 14:24:14.342,10.42131,10.42296,1.00,1.00
2018.04.25 14:24:14.710,10.42128,10.42296,1.00,1.00
2018.04.25 14:24:16.921,10.42128,10.42288,1.00,1.00
2018.04.25 14:24:20.437,10.42102,10.42284,1.00,1.50
2018.04.25 14:24:20.650,10.42116,10.42284,1.00,1.50
2018.04.25 14:24:20.701,10.42102,10.42282,1.00,1.00
2018.04.25 14:24:20.752,10.42057,10.42235,1.00,1.00
2018.04.25 14:24:20.803,10.42052,10.42235,1.00,1.00
2018.04.25 14:24:20.855,10.4204,10.42226,1.00,1.50
2018.04.25 14:24:21.722,10.42037,10.42213,1.00,1.00
2018.04.25 14:24:22.309,10.42037,10.42218,1.00,1.00
2018.04.25 14:24:22.361,10.42046,10.42226,1.00,1.00
2018.04.25 14:24:22.787,10.42046,10.42212,1.00,1.00
2018.04.25 14:24:22.994,10.42044,10.42212,1.50,1.00
2018.04.25 14:24:23.045,10.42069,10.42226,1.00,1.00
2018.04.25 14:24:23.097,10.42069,10.4223,1.00,1.00
2018.04.25 14:24:23.303,10.42069,10.42237,1.00,1.00
2018.04.25 14:24:30.527,10.42069,10.42233,1.00,1.00
2018.04.25 14:24:30.735,10.4205,10.42233,1.00,1.00
2018.04.25 14:24:31.168,10.4205,10.42213,1.00,1.00
2018.04.25 14:24:32.256,10.42066,10.42233,1.00,1.00
2018.04.25 14:24:37.041,10.42066,10.42234,1.00,1.00
2018.04.25 14:24:42.928,10.42068,10.42234,1.00,1.00
2018.04.25 14:24:51.053,10.42069,10.42234,1.00,1.00
2018.04.25 14:24:54.755,10.42086,10.42256,1.00,1.00
2018.04.25 14:24:54.807,10.42093,10.4226,1.00,1.00
2018.04.25 14:24:54.858,10.42086,10.42259,1.00,1.00
2018.04.25 14:24:54.909,10.42091,10.42259,1.00,1.50
2018.04.25 14:24:55.918,10.42086,10.42237,1.00,1.00
2018.04.25 14:24:56.258,10.42083,10.42237,1.00,1.00
2018.04.25 14:24:56.943,10.42091,10.42256,1.00,1.00
2018.04.25 14:24:56.994,10.42083,10.42237,1.00,1.00
2018.04.25 14:24:57.570,10.42074,10.42237,1.00,1.00
2018.04.25 14:24:57.673,10.42069,10.42237,1.00,1.00
2018.04.25 14:24:57.724,10.42069,10.42229,1.00,1.00
2018.04.25 14:24:58.210,10.42046,10.42216,1.00,1.00
2018.04.25 14:24:58.786,10.42046,10.42213,1.00,1.00
2018.04.25 14:25:00.098,10.42046,10.42211,1.00,1.00
2018.04.25 14:25:00.606,10.42046,10.42213,1.00,1.00
2018.04.25 14:25:01.820,10.4205,10.42213,1.00,1.00
2018.04.25 14:25:02.570,10.42051,10.42213,1.00,1.00
2018.04.25 14:25:02.997,10.42045,10.42213,1.00,1.50
2018.04.25 14:25:03.099,10.42045,10.4221,1.00,1.00
2018.04.25 14:25:03.426,10.42045,10.42213,1.00,1.00
2018.04.25 14:25:04.493,10.42049,10.42213,1.00,1.00
2018.04.25 14:25:10.527,10.42049,10.42212,1.00,1.00
2018.04.25 14:25:10.578,10.42049,10.42229,1.00,1.00
2018.04.25 14:25:10.811,10.42049,10.42212,1.00,1.00
2018.04.25 14:25:10.862,10.42049,10.42229,1.00,1.00
2018.04.25 14:25:10.915,10.42066,10.42229,1.00,1.00
2018.04.25 14:25:11.018,10.42066,10.42234,1.00,1.00
2018.04.25 14:25:11.993,10.42058,10.42212,1.00,1.00
2018.04.25 14:25:12.045,10.42066,10.42234,1.00,1.00
2018.04.25 14:25:14.443,10.42058,10.42232,1.00,1.00
2018.04.25 14:25:14.703,10.42058,10.42212,1.00,1.00
2018.04.25 14:25:16.445,10.42066,10.42234,1.00,1.00
2018.04.25 14:25:17.206,10.42058,10.42212,1.00,1.00
2018.04.25 14:25:17.289,10.4205,10.42212,1.00,1.00
2018.04.25 14:25:17.447,10.42045,10.42212,1.50,1.00
2018.04.25 14:25:17.549,10.42045,10.42215,1.00,1.00
2018.04.25 14:25:18.359,10.42045,10.4219,1.00,1.00
2018.04.25 14:25:18.661,10.42045,10.42212,1.00,1.00
2018.04.25 14:25:21.184,10.42046,10.42212,1.00,1.00
2018.04.25 14:25:23.621,10.42046,10.42214,1.00,1.00
2018.04.25 14:25:23.950,10.42046,10.42212,1.00,1.00
2018.04.25 14:25:24.383,10.42046,10.42204,1.00,1.00
2018.04.25 14:25:24.697,10.42047,10.42215,1.00,1.00
2018.04.25 14:25:24.749,10.42066,10.42215,1.00,1.00
2018.04.25 14:25:24.851,10.42046,10.42212,1.00,1.00
2018.04.25 14:25:24.953,10.4205,10.42212,1.00,1.00
2018.04.25 14:25:25.300,10.42069,10.42224,1.00,1.00
2018.04.25 14:25:25.494,10.42067,10.42224,1.00,1.00
2018.04.25 14:25:25.598,10.42067,10.42214,1.00,1.00
2018.04.25 14:25:26.098,10.42066,10.42224,1.00,1.00
2018.04.25 14:25:26.957,10.42066,10.42204,1.00,1.00
2018.04.25 14:25:28.016,10.42063,10.42204,1.00,1.00
2018.04.25 14:25:28.067,10.42066,10.42204,1.00,1.00
2018.04.25 14:25:28.169,10.4205,10.42204,1.00,1.00
2018.04.25 14:25:28.595,10.42048,10.42204,1.00,1.00
2018.04.25 14:25:30.167,10.42046,10.42204,1.00,1.00
2018.04.25 14:25:32.109,10.42046,10.42214,2.47,1.00
2018.04.25 14:25:32.161,10.4208,10.42214,1.00,1.00
2018.04.25 14:25:32.214,10.42094,10.42253,1.00,1.00
2018.04.25 14:25:32.267,10.42094,10.42225,1.00,1.00
2018.04.25 14:25:32.319,10.42072,10.42214,1.00,1.00
2018.04.25 14:25:32.371,10.42063,10.42214,1.00,1.00
2018.04.25 14:25:32.423,10.42057,10.42214,1.00,1.00
2018.04.25 14:25:32.588,10.42051,10.42214,1.00,1.00
2018.04.25 14:25:32.691,10.42051,10.42204,1.00,1.00
2018.04.25 14:25:34.026,10.42046,10.42204,1.00,1.00
2018.04.25 14:25:35.549,10.42046,10.42201,1.00,1.00
2018.04.25 14:25:36.594,10.42033,10.42201,1.00,1.00
2018.04.25 14:25:36.921,10.42033,10.42189,1.00,1.00
2018.04.25 14:25:37.104,10.42044,10.42201,1.00,1.00
2018.04.25 14:25:37.156,10.42044,10.42212,1.50,1.00
2018.04.25 14:25:42.036,10.42047,10.42204,1.00,1.00
2018.04.25 14:25:42.087,10.42044,10.42204,1.00,1.00
2018.04.25 14:25:42.138,10.42037,10.42204,1.00,1.00
2018.04.25 14:25:42.345,10.42031,10.42194,1.00,1.00
2018.04.25 14:25:42.710,10.42031,10.42189,1.00,1.00
2018.04.25 14:25:47.587,10.42031,10.42197,1.00,1.00
2018.04.25 14:25:47.845,10.42044,10.42197,1.00,1.00
2018.04.25 14:25:48.166,10.42044,10.42202,1.00,1.00
2018.04.25 14:25:48.417,10.42044,10.42206,1.00,1.00
2018.04.25 14:25:56.158,10.42052,10.42212,1.00,1.00
2018.04.25 14:25:57.739,10.42056,10.42212,1.00,1.00
2018.04.25 14:25:58.220,10.42105,10.42212,1.00,1.00
2018.04.25 14:25:59.041,10.42096,10.42212,1.00,1.00
2018.04.25 14:26:00.163,10.42086,10.42212,1.00,1.00
2018.04.25 14:26:00.427,10.42086,10.42207,1.00,1.00
2018.04.25 14:26:00.530,10.42076,10.42207,1.00,1.00
2018.04.25 14:26:00.854,10.42086,10.42207,1.00,1.00
2018.04.25 14:26:02.548,10.42086,10.42209,1.00,1.00
2018.04.25 14:26:03.279,10.42096,10.42209,1.00,1.00
2018.04.25 14:26:03.938,10.42076,10.42209,1.00,1.00
2018.04.25 14:26:08.302,10.42048,10.42209,1.00,1.50
2018.04.25 14:26:08.608,10.42055,10.42209,1.00,1.50
2018.04.25 14:26:11.246,10.42048,10.42209,1.00,1.50
2018.04.25 14:26:15.618,10.42056,10.42209,1.00,1.50
2018.04.25 14:26:22.343,10.42076,10.42209,1.00,1.00
2018.04.25 14:26:22.467,10.42056,10.42209,1.00,1.00
2018.04.25 14:26:24.705,10.42048,10.42209,1.00,1.00
2018.04.25 14:26:29.378,10.42065,10.42209,1.00,1.00
2018.04.25 14:26:31.995,10.42056,10.42209,1.00,1.00
2018.04.25 14:26:32.047,10.42056,10.42212,1.00,1.50
2018.04.25 14:26:32.326,10.42054,10.42212,1.00,1.00
2018.04.25 14:26:33.306,10.42054,10.42217,1.00,1.00
2018.04.25 14:26:36.055,10.42054,10.42223,1.00,1.00
2018.04.25 14:26:36.408,10.42071,10.42223,1.00,1.00
2018.04.25 14:26:38.944,10.42054,10.42223,1.00,1.00
2018.04.25 14:26:39.047,10.42054,10.42217,1.00,1.00
2018.04.25 14:26:39.447,10.42054,10.42212,1.00,1.00
2018.04.25 14:26:41.731,10.42044,10.42212,1.50,1.50
2018.04.25 14:26:42.123,10.42044,10.42208,1.50,1.00
2018.04.25 14:26:42.513,10.42058,10.42208,1.00,1.00
2018.04.25 14:26:42.564,10.42058,10.42212,1.00,1.00
2018.04.25 14:26:43.539,10.42045,10.42212,1.00,1.00
2018.04.25 14:26:43.590,10.42044,10.42209,1.50,1.00
2018.04.25 14:26:44.873,10.42044,10.42208,1.50,1.00
2018.04.25 14:26:47.585,10.42044,10.42209,1.50,1.00
2018.04.25 14:26:48.633,10.42044,10.42212,1.50,1.00
2018.04.25 14:26:48.685,10.42057,10.42212,1.00,1.00
2018.04.25 14:26:48.941,10.4206,10.42232,1.00,1.00
2018.04.25 14:26:49.267,10.42067,10.42233,1.00,1.00
2018.04.25 14:26:49.600,10.42071,10.42233,1.00,1.00
2018.04.25 14:26:57.399,10.42076,10.42233,1.00,1.00
2018.04.25 14:26:57.852,10.42071,10.42233,1.00,1.00
2018.04.25 14:26:58.345,10.42071,10.42227,1.00,1.00
2018.04.25 14:27:06.931,10.42071,10.42222,1.00,1.00
2018.04.25 14:27:07.056,10.42056,10.42222,1.00,1.00
2018.04.25 14:27:07.161,10.42057,10.42227,1.00,1.00
2018.04.25 14:27:07.212,10.42069,10.42227,1.00,1.00
2018.04.25 14:27:07.264,10.42057,10.42227,1.00,1.00
2018.04.25 14:27:07.419,10.42057,10.42214,1.00,1.00
2018.04.25 14:27:08.497,10.42069,10.42227,1.00,1.00
2018.04.25 14:27:08.689,10.42057,10.42214,1.00,1.00
2018.04.25 14:27:10.127,10.42057,10.42227,1.00,1.00
2018.04.25 14:27:10.179,10.42069,10.42227,1.00,1.00
2018.04.25 14:27:14.444,10.42081,10.42237,1.00,1.00
2018.04.25 14:27:21.860,10.42081,10.42232,1.00,2.10
2018.04.25 14:27:21.913,10.42068,10.42209,1.50,1.60
2018.04.25 14:27:21.967,10.41997,10.42152,1.12,1.00
2018.04.25 14:27:22.069,10.41997,10.42149,1.12,1.60
2018.04.25 14:27:22.121,10.41965,10.42116,1.00,1.00
2018.04.25 14:27:22.173,10.41965,10.42113,1.00,1.00
2018.04.25 14:27:22.485,10.41965,10.42109,1.00,1.00
2018.04.25 14:27:22.806,10.41975,10.42109,1.00,1.00
2018.04.25 14:27:25.780,10.41969,10.42109,1.00,1.00
2018.04.25 14:27:26.004,10.41966,10.42109,1.00,1.00
2018.04.25 14:27:26.283,10.41969,10.42109,1.00,1.00
2018.04.25 14:27:26.538,10.41966,10.42109,1.00,1.00
2018.04.25 14:27:26.880,10.41969,10.42109,1.00,1.00
2018.04.25 14:27:27.046,10.41966,10.42109,1.00,1.00
2018.04.25 14:27:27.334,10.41968,10.42109,1.00,1.00
2018.04.25 14:27:27.606,10.41966,10.42109,1.00,1.00
2018.04.25 14:27:27.848,10.41976,10.42109,1.00,1.00
2018.04.25 14:27:29.391,10.41966,10.42109,1.00,1.00
2018.04.25 14:27:30.353,10.41966,10.42124,1.00,1.50
2018.04.25 14:27:34.953,10.41977,10.42132,1.00,1.00
2018.04.25 14:27:35.966,10.41977,10.42135,1.00,1.00
2018.04.25 14:27:43.948,10.41977,10.42129,1.00,1.00
2018.04.25 14:27:44.945,10.41977,10.42132,1.00,1.00
2018.04.25 14:27:45.449,10.41977,10.42138,1.00,1.00
2018.04.25 14:27:51.733,10.41985,10.42138,1.00,1.00
2018.04.25 14:27:54.932,10.41985,10.42137,1.00,1.00
2018.04.25 14:28:04.520,10.41978,10.42137,1.00,1.00
2018.04.25 14:28:15.121,10.41986,10.42137,1.00,1.00
2018.04.25 14:28:18.932,10.41986,10.42124,1.00,1.00
2018.04.25 14:28:19.195,10.41966,10.42124,1.00,1.00
2018.04.25 14:28:19.247,10.41966,10.42114,1.00,1.00
2018.04.25 14:28:19.846,10.41977,10.42134,1.00,1.00
2018.04.25 14:28:20.350,10.41978,10.42134,1.00,1.00
2018.04.25 14:28:21.006,10.41978,10.42137,1.00,1.50
2018.04.25 14:28:21.629,10.41965,10.42124,1.00,1.00
2018.04.25 14:28:21.963,10.41965,10.42114,1.00,1.00
2018.04.25 14:28:23.159,10.41969,10.42124,1.00,1.00
2018.04.25 14:28:26.397,10.41976,10.42124,1.00,1.00
2018.04.25 14:28:27.195,10.41969,10.42124,1.00,1.00
2018.04.25 14:28:31.311,10.41976,10.42124,1.00,1.00
2018.04.25 14:28:32.008,10.41969,10.42124,1.00,1.00
2018.04.25 14:28:35.178,10.41976,10.42124,1.00,1.00
2018.04.25 14:28:35.671,10.41976,10.42114,1.00,1.00
2018.04.25 14:28:36.846,10.41976,10.42124,1.00,1.00
2018.04.25 14:28:40.949,10.41986,10.42124,1.00,1.00
2018.04.25 14:28:48.418,10.41986,10.42132,1.00,1.00
2018.04.25 14:28:51.041,10.41986,10.42137,1.00,1.00
2018.04.25 14:29:31.486,10.41985,10.42137,1.00,1.00
2018.04.25 14:29:36.861,10.41985,10.42138,1.00,1.00
2018.04.25 14:29:41.063,10.41979,10.42138,1.00,1.00
2018.04.25 14:29:41.675,10.41976,10.42126,1.00,1.00
2018.04.25 14:29:41.834,10.41966,10.42126,1.00,1.00
2018.04.25 14:29:42.193,10.41966,10.42115,1.00,1.00
2018.04.25 14:29:44.224,10.41966,10.42114,1.00,1.00
2018.04.25 14:29:44.834,10.4198,10.4213,1.00,1.00
2018.04.25 14:29:44.936,10.4198,10.42114,1.00,1.00
2018.04.25 14:29:45.192,10.41967,10.42114,1.00,1.00
2018.04.25 14:29:48.357,10.41967,10.42132,1.00,1.00
2018.04.25 14:29:48.408,10.41967,10.42114,1.00,1.00
2018.04.25 14:29:48.663,10.41946,10.42098,1.00,1.00
2018.04.25 14:29:48.715,10.41936,10.42104,1.00,1.00
2018.04.25 14:29:48.767,10.41924,10.42081,1.00,1.00
2018.04.25 14:29:48.870,10.41896,10.42063,1.00,1.00
2018.04.25 14:29:48.922,10.41884,10.42048,1.00,1.00
2018.04.25 14:29:49.024,10.41885,10.42051,1.00,1.00
2018.04.25 14:29:49.668,10.41885,10.42061,1.00,1.00
2018.04.25 14:29:50.142,10.41914,10.42061,1.00,1.00
2018.04.25 14:29:50.765,10.41886,10.42061,1.00,1.00
2018.04.25 14:29:50.935,10.41891,10.42059,1.00,1.00
2018.04.25 14:29:51.399,10.41891,10.42054,1.00,1.00
2018.04.25 14:29:51.983,10.41891,10.42059,1.00,1.00
2018.04.25 14:29:52.161,10.41914,10.42066,1.00,1.00
2018.04.25 14:29:52.262,10.41891,10.42055,1.00,1.00
2018.04.25 14:29:52.831,10.41914,10.42049,1.00,1.00
2018.04.25 14:29:52.933,10.41914,10.42069,1.00,1.00
2018.04.25 14:29:53.086,10.41893,10.42059,1.00,1.00
2018.04.25 14:29:53.716,10.41891,10.42047,1.00,1.00
2018.04.25 14:29:54.225,10.41891,10.42046,1.00,1.00
2018.04.25 14:29:54.277,10.41891,10.42048,1.00,1.00
2018.04.25 14:29:55.730,10.41891,10.42043,1.00,1.00
2018.04.25 14:29:56.389,10.41891,10.42059,1.00,1.00
2018.04.25 14:29:56.442,10.41893,10.42059,1.00,1.00
2018.04.25 14:29:56.544,10.41893,10.42069,1.00,1.00
2018.04.25 14:29:56.901,10.41914,10.42069,1.00,1.00
2018.04.25 14:30:00.229,10.41916,10.42074,1.00,1.00
2018.04.25 14:30:00.771,10.41916,10.42082,1.00,1.00
2018.04.25 14:30:00.823,10.41936,10.42082,1.00,1.00
2018.04.25 14:30:01.069,10.41937,10.42098,1.00,1.00
2018.04.25 14:30:01.171,10.41937,10.42084,1.00,1.00
2018.04.25 14:30:01.223,10.41937,10.42098,1.00,1.00
2018.04.25 14:30:01.581,10.41939,10.42098,1.00,1.00
2018.04.25 14:30:03.362,10.41943,10.42107,1.50,1.00
2018.04.25 14:30:04.077,10.41958,10.42107,1.00,1.00
2018.04.25 14:30:04.181,10.41958,10.42124,1.00,1.00
2018.04.25 14:30:04.233,10.41958,10.42109,1.00,1.00
2018.04.25 14:30:05.177,10.41958,10.42124,1.00,1.00
2018.04.25 14:30:05.579,10.41964,10.42124,1.00,1.00
2018.04.25 14:30:05.776,10.41964,10.42127,1.00,1.00
2018.04.25 14:30:06.279,10.41964,10.42116,1.00,1.00
2018.04.25 14:30:06.676,10.41964,10.42124,1.00,1.00
2018.04.25 14:30:09.012,10.41966,10.42126,1.00,1.00
2018.04.25 14:30:09.204,10.41985,10.4215,1.00,1.00
2018.04.25 14:30:09.256,10.41985,10.42129,1.00,1.00
2018.04.25 14:30:09.307,10.41985,10.42146,1.00,1.00
2018.04.25 14:30:09.359,10.41983,10.42146,1.00,1.00
2018.04.25 14:30:09.466,10.41985,10.42146,1.00,1.00
2018.04.25 14:30:09.517,10.41983,10.42146,1.00,1.00
2018.04.25 14:30:09.896,10.41978,10.42146,1.50,1.00
2018.04.25 14:30:10.206,10.41978,10.42139,1.50,1.00
2018.04.25 14:30:11.299,10.41978,10.4213,1.50,1.00
2018.04.25 14:30:11.553,10.41978,10.4214,1.50,1.00
2018.04.25 14:30:11.846,10.41978,10.42132,1.50,1.00
2018.04.25 14:30:12.297,10.41978,10.42119,1.00,1.00
2018.04.25 14:30:13.800,10.41978,10.42141,1.00,1.00
2018.04.25 14:30:15.993,10.41978,10.4213,1.00,1.00
2018.04.25 14:30:17.550,10.41978,10.42125,1.00,1.00
2018.04.25 14:30:20.631,10.41978,10.42136,1.00,1.00
2018.04.25 14:30:22.513,10.41978,10.42134,1.00,1.00
2018.04.25 14:30:24.159,10.41978,10.42145,1.00,1.00
2018.04.25 14:30:24.434,10.41978,10.42135,1.00,1.00
2018.04.25 14:30:25.170,10.41978,10.42146,1.00,1.50
2018.04.25 14:30:25.222,10.41978,10.42134,1.00,1.00
2018.04.25 14:30:25.675,10.41978,10.42144,1.00,1.00
2018.04.25 14:30:25.726,10.41978,10.42134,1.00,1.00
2018.04.25 14:30:26.105,10.41969,10.42115,1.00,1.00
2018.04.25 14:30:26.156,10.41956,10.4212,1.00,1.00
2018.04.25 14:30:26.605,10.41956,10.421,1.00,1.00
2018.04.25 14:30:37.581,10.41948,10.421,1.00,1.00
2018.04.25 14:30:37.840,10.41935,10.421,1.00,1.00
2018.04.25 14:30:38.355,10.41936,10.421,1.00,1.00
2018.04.25 14:30:38.898,10.41935,10.421,1.00,1.00
2018.04.25 14:30:41.199,10.41936,10.421,1.00,1.00
2018.04.25 14:30:43.132,10.41946,10.421,1.00,1.00
2018.04.25 14:30:43.285,10.41936,10.42097,1.00,1.00
2018.04.25 14:30:43.336,10.41946,10.42097,1.00,1.00
2018.04.25 14:30:43.643,10.41946,10.42093,1.00,1.00
2018.04.25 14:30:44.430,10.41936,10.42093,1.00,1.00
2018.04.25 14:30:44.584,10.41936,10.42091,1.00,1.00
2018.04.25 14:30:44.934,10.41936,10.42072,1.00,1.00
2018.04.25 14:30:45.039,10.41923,10.42072,1.50,1.00
2018.04.25 14:30:45.880,10.41921,10.42072,1.00,1.00
2018.04.25 14:30:45.982,10.41916,10.42076,1.00,1.60
2018.04.25 14:30:46.370,10.41786,10.41941,1.50,1.00
2018.04.25 14:30:46.421,10.41786,10.41929,1.00,1.00
2018.04.25 14:30:46.727,10.41786,10.41917,1.00,1.00
2018.04.25 14:30:46.778,10.41795,10.41943,1.00,1.00
2018.04.25 14:30:46.989,10.41773,10.41943,1.00,1.00
2018.04.25 14:30:47.040,10.41797,10.41965,1.00,1.00
2018.04.25 14:30:47.092,10.4179,10.41965,1.00,1.00
2018.04.25 14:30:47.144,10.41795,10.41965,1.00,1.00
2018.04.25 14:30:47.451,10.41796,10.4194,1.00,1.00
2018.04.25 14:30:48.182,10.41776,10.4194,1.00,1.00
2018.04.25 14:30:48.233,10.41777,10.41951,1.00,1.00
2018.04.25 14:30:48.285,10.41785,10.41963,1.00,1.00
2018.04.25 14:30:48.337,10.41797,10.41973,1.00,1.00
2018.04.25 14:30:48.668,10.4183,10.41997,1.00,1.00
2018.04.25 14:30:48.719,10.41819,10.41995,1.00,1.00
2018.04.25 14:30:48.825,10.41824,10.41995,1.00,1.00
2018.04.25 14:30:48.877,10.41835,10.42011,1.00,1.00
2018.04.25 14:30:48.929,10.41824,10.41999,1.00,1.00
2018.04.25 14:30:49.085,10.41857,10.42033,1.00,1.00
2018.04.25 14:30:49.137,10.41846,10.42022,1.00,1.00
2018.04.25 14:30:49.295,10.41863,10.42041,1.00,1.00
2018.04.25 14:30:49.658,10.41849,10.42025,1.00,1.00
2018.04.25 14:30:50.162,10.41827,10.42003,1.50,1.00
2018.04.25 14:30:50.474,10.41839,10.42015,1.00,1.00
2018.04.25 14:30:50.814,10.41827,10.42002,1.00,1.00
2018.04.25 14:30:51.962,10.41824,10.42002,1.00,1.50
2018.04.25 14:30:52.014,10.41816,10.41991,1.00,1.00
2018.04.25 14:30:52.327,10.41826,10.41991,1.00,1.00
2018.04.25 14:30:52.481,10.41816,10.41991,1.00,1.00
2018.04.25 14:30:53.279,10.41826,10.41988,1.00,1.00
2018.04.25 14:30:53.708,10.41826,10.42001,1.00,1.00
2018.04.25 14:30:53.814,10.41826,10.4199,1.00,1.00
2018.04.25 14:30:54.187,10.41826,10.42002,1.00,1.00
2018.04.25 14:30:54.668,10.4183,10.42006,1.00,1.00
2018.04.25 14:30:54.986,10.41807,10.41983,1.00,1.00
2018.04.25 14:30:55.294,10.41779,10.41952,1.00,1.00
2018.04.25 14:30:55.736,10.41772,10.41928,1.00,1.00
2018.04.25 14:30:55.787,10.41767,10.41928,1.00,1.00
2018.04.25 14:30:56.099,10.41766,10.41939,1.00,1.50
2018.04.25 14:30:56.151,10.41763,10.41939,1.00,1.50
2018.04.25 14:30:56.204,10.41747,10.41921,1.00,1.00
2018.04.25 14:30:56.358,10.41737,10.41913,1.00,1.00
2018.04.25 14:30:56.782,10.41734,10.41903,1.00,1.00
2018.04.25 14:30:56.936,10.41736,10.41911,1.00,1.00
2018.04.25 14:30:56.988,10.41709,10.41874,1.00,1.00
2018.04.25 14:30:57.338,10.41716,10.41874,1.00,1.00
2018.04.25 14:30:57.647,10.41716,10.41859,1.00,1.00
2018.04.25 14:30:57.954,10.41716,10.41849,1.00,1.00
2018.04.25 14:30:58.341,10.41716,10.41834,1.00,1.00
2018.04.25 14:30:58.849,10.41706,10.41834,1.00,1.00
2018.04.25 14:30:58.952,10.41706,10.41845,1.00,1.00
2018.04.25 14:30:59.004,10.41676,10.41829,1.00,1.00
2018.04.25 14:30:59.245,10.41685,10.41829,1.00,1.00
2018.04.25 14:30:59.449,10.41685,10.41833,1.00,1.00
2018.04.25 14:30:59.500,10.41685,10.41838,1.00,1.00
2018.04.25 14:30:59.759,10.41685,10.41849,1.00,1.00
2018.04.25 14:31:00.776,10.41686,10.41862,1.00,1.00
2018.04.25 14:31:00.828,10.41696,10.41862,1.00,1.00
2018.04.25 14:31:01.176,10.41686,10.41862,1.50,1.00
2018.04.25 14:31:01.228,10.41738,10.41908,1.00,1.00
2018.04.25 14:31:01.279,10.41738,10.41914,1.00,1.00
2018.04.25 14:31:01.426,10.41724,10.419,1.00,1.00
2018.04.25 14:31:01.731,10.417,10.41876,1.00,1.00
2018.04.25 14:31:02.177,10.41712,10.41888,1.00,1.00
2018.04.25 14:31:03.160,10.41711,10.41889,1.00,1.00
2018.04.25 14:31:03.633,10.41701,10.41877,1.00,1.00
2018.04.25 14:31:04.631,10.41684,10.41858,1.00,1.00
2018.04.25 14:31:04.682,10.41676,10.41852,1.00,1.00
2018.04.25 14:31:04.734,10.41675,10.41836,1.00,1.00
2018.04.25 14:31:04.785,10.41662,10.41836,1.00,1.00
2018.04.25 14:31:05.041,10.41668,10.41836,1.00,1.00
2018.04.25 14:31:05.181,10.41671,10.41847,1.00,1.00
2018.04.25 14:31:05.284,10.41677,10.41853,1.00,1.00
2018.04.25 14:31:05.856,10.41699,10.41875,1.00,1.00
2018.04.25 14:31:06.164,10.41756,10.41926,1.00,1.00
2018.04.25 14:31:06.687,10.41736,10.41912,1.00,1.00
2018.04.25 14:31:07.173,10.41725,10.41901,1.00,1.00
2018.04.25 14:31:08.781,10.41746,10.41901,1.35,1.00
2018.04.25 14:31:08.833,10.41779,10.41955,1.00,1.00
2018.04.25 14:31:08.886,10.41796,10.41971,1.00,1.00
2018.04.25 14:31:08.938,10.41817,10.4201,1.00,1.00
2018.04.25 14:31:09.042,10.41837,10.42013,1.00,1.00
2018.04.25 14:31:09.443,10.41848,10.42024,1.00,1.00
2018.04.25 14:31:09.698,10.41883,10.42088,1.00,1.00
2018.04.25 14:31:09.749,10.41899,10.42104,1.00,1.00
2018.04.25 14:31:10.120,10.41916,10.42121,1.00,1.00
2018.04.25 14:31:10.426,10.41927,10.42132,1.00,1.00
2018.04.25 14:31:10.768,10.41927,10.42124,1.00,1.00
2018.04.25 14:31:10.819,10.41927,10.42132,1.00,1.00
2018.04.25 14:31:12.067,10.41914,10.42118,1.00,1.00
2018.04.25 14:31:12.672,10.41927,10.42132,1.00,1.00
2018.04.25 14:31:12.724,10.41945,10.42121,1.00,1.00
2018.04.25 14:31:13.044,10.41923,10.42099,1.00,1.00
2018.04.25 14:31:13.691,10.41956,10.42099,1.00,1.00
2018.04.25 14:31:13.743,10.41956,10.42109,1.00,1.00
2018.04.25 14:31:14.251,10.41946,10.42109,1.00,1.00
2018.04.25 14:31:14.302,10.41946,10.4212,1.00,1.00
2018.04.25 14:31:15.540,10.41956,10.4212,1.00,1.00
2018.04.25 14:31:16.095,10.41966,10.4212,1.00,1.00
2018.04.25 14:31:17.034,10.41966,10.42113,1.00,1.00
2018.04.25 14:31:17.086,10.41966,10.42124,1.00,1.00
2018.04.25 14:31:17.138,10.41948,10.42124,1.00,1.00
2018.04.25 14:31:19.435,10.41959,10.42135,1.00,1.00
2018.04.25 14:31:20.116,10.41956,10.42104,1.00,1.00
2018.04.25 14:31:20.168,10.41956,10.4211,1.00,1.00
2018.04.25 14:31:20.220,10.41957,10.42133,1.00,1.00
2018.04.25 14:31:20.676,10.41966,10.42133,1.00,1.00
2018.04.25 14:31:21.010,10.41966,10.42127,1.00,1.00
2018.04.25 14:31:21.559,10.41966,10.42128,1.00,1.00
2018.04.25 14:31:21.662,10.41966,10.42139,1.00,1.00
2018.04.25 14:31:21.713,10.41967,10.42141,1.00,1.00
2018.04.25 14:31:21.931,10.41968,10.42138,1.00,1.00
2018.04.25 14:31:22.393,10.41966,10.42128,1.00,1.00
2018.04.25 14:31:22.695,10.41966,10.42114,1.00,1.00
2018.04.25 14:31:22.746,10.41966,10.42121,1.00,1.00
2018.04.25 14:31:23.070,10.41956,10.42121,1.00,1.00
2018.04.25 14:31:23.614,10.41956,10.42122,1.00,1.00
2018.04.25 14:31:23.666,10.4196,10.42128,1.00,1.00
2018.04.25 14:31:24.095,10.4196,10.42134,1.00,1.00
2018.04.25 14:31:24.147,10.41976,10.42134,1.00,1.00
2018.04.25 14:31:26.049,10.41966,10.42134,1.00,1.00
2018.04.25 14:31:26.100,10.41966,10.4213,1.00,1.00
2018.04.25 14:31:26.443,10.41956,10.42107,1.00,1.00
2018.04.25 14:31:26.494,10.41956,10.4212,1.00,1.50
2018.04.25 14:31:30.607,10.41956,10.42111,1.00,1.00
2018.04.25 14:31:30.927,10.41946,10.42111,1.00,1.00
2018.04.25 14:31:32.400,10.41916,10.42111,1.00,1.00
2018.04.25 14:31:32.504,10.41916,10.42101,1.00,1.00
2018.04.25 14:31:32.813,10.41896,10.42046,1.00,1.00
2018.04.25 14:31:33.897,10.41906,10.42058,1.00,1.00
2018.04.25 14:31:34.685,10.41916,10.42058,1.00,1.00
2018.04.25 14:31:36.036,10.41916,10.42059,1.00,1.00
2018.04.25 14:31:37.186,10.41906,10.42048,1.00,1.00
2018.04.25 14:31:37.686,10.41916,10.42046,1.00,1.00
2018.04.25 14:31:38.747,10.41916,10.42059,1.00,1.00
2018.04.25 14:31:38.801,10.41916,10.42066,1.00,1.00
2018.04.25 14:31:39.433,10.41916,10.42059,1.00,1.00
2018.04.25 14:31:39.888,10.41916,10.42054,1.00,1.00
2018.04.25 14:31:40.135,10.41906,10.42046,1.00,1.00
2018.04.25 14:31:41.154,10.41906,10.42054,1.00,1.00
2018.04.25 14:31:41.468,10.41896,10.42054,1.00,1.00
2018.04.25 14:31:42.832,10.41906,10.42054,1.00,1.00
2018.04.25 14:31:43.707,10.41906,10.42046,1.00,1.00
2018.04.25 14:31:43.759,10.41886,10.42046,1.00,1.00
2018.04.25 14:31:43.862,10.41886,10.42054,1.00,1.00
2018.04.25 14:31:44.044,10.41886,10.42048,1.00,1.00
2018.04.25 14:31:44.392,10.41876,10.42037,1.00,1.00
2018.04.25 14:31:45.272,10.41866,10.42037,1.00,1.00
2018.04.25 14:31:45.781,10.41876,10.42045,1.00,1.00
2018.04.25 14:31:45.884,10.41876,10.42054,1.00,1.00
2018.04.25 14:31:45.936,10.41876,10.42043,1.00,1.00
2018.04.25 14:31:46.091,10.41896,10.42069,1.00,1.00
2018.04.25 14:31:46.143,10.41896,10.42071,1.00,1.00
2018.04.25 14:31:46.195,10.41916,10.42077,1.00,1.00
2018.04.25 14:31:46.300,10.41916,10.42083,1.00,1.00
2018.04.25 14:31:46.655,10.41916,10.42098,1.00,1.00
2018.04.25 14:31:47.252,10.41935,10.42096,1.00,1.00
2018.04.25 14:31:47.921,10.41946,10.42096,1.00,1.00
2018.04.25 14:31:48.260,10.41946,10.42082,1.00,1.00
2018.04.25 14:31:48.742,10.41946,10.42097,1.00,1.00
2018.04.25 14:31:49.230,10.41946,10.42107,1.00,1.00
2018.04.25 14:31:49.383,10.41946,10.42094,1.00,1.00
2018.04.25 14:31:49.655,10.41946,10.42107,1.00,1.00
2018.04.25 14:31:50.177,10.41946,10.42103,1.00,1.00
2018.04.25 14:31:50.656,10.41946,10.42109,1.00,1.00
2018.04.25 14:31:51.185,10.41946,10.42112,1.00,1.00
2018.04.25 14:31:51.292,10.41939,10.42112,1.00,1.00
2018.04.25 14:31:51.501,10.41926,10.42094,1.00,1.00
2018.04.25 14:31:51.950,10.41916,10.42084,1.00,1.00
2018.04.25 14:31:52.265,10.41905,10.42067,1.00,1.00
2018.04.25 14:31:53.074,10.41916,10.42076,1.00,1.00
2018.04.25 14:31:54.177,10.41906,10.42067,1.00,1.00
2018.04.25 14:31:54.688,10.41904,10.42072,1.00,1.00
2018.04.25 14:31:55.102,10.419,10.42067,1.00,1.00
2018.04.25 14:31:55.440,10.41896,10.42051,1.00,1.00
2018.04.25 14:31:56.832,10.41916,10.42051,1.00,1.00
2018.04.25 14:32:00.754,10.41906,10.42051,1.00,1.00
2018.04.25 14:32:01.008,10.41926,10.42051,1.00,1.00
2018.04.25 14:32:01.110,10.41926,10.42079,1.00,1.00
2018.04.25 14:32:01.334,10.41926,10.42072,1.00,1.00
2018.04.25 14:32:01.466,10.41916,10.42072,1.00,1.00
2018.04.25 14:32:02.654,10.41926,10.42069,1.00,1.00
2018.04.25 14:32:03.389,10.41926,10.4205,1.00,1.00
2018.04.25 14:32:03.442,10.41906,10.4205,1.00,1.00
2018.04.25 14:32:04.216,10.41893,10.4205,1.00,1.00
2018.04.25 14:32:04.269,10.41886,10.4205,1.00,1.00
2018.04.25 14:32:04.322,10.41882,10.42057,1.00,1.00
2018.04.25 14:32:04.374,10.4187,10.42044,1.00,1.00
2018.04.25 14:32:04.741,10.41838,10.42002,1.00,1.00
2018.04.25 14:32:05.479,10.41838,10.42007,1.00,1.00
2018.04.25 14:32:05.683,10.41843,10.42014,1.00,1.00
2018.04.25 14:32:05.734,10.41854,10.4202,1.00,1.00
2018.04.25 14:32:05.887,10.41857,10.42025,1.00,1.00
2018.04.25 14:32:06.230,10.41872,10.42025,1.00,1.00
2018.04.25 14:32:06.283,10.41894,10.42069,1.00,1.00
2018.04.25 14:32:06.335,10.41906,10.4208,1.00,1.00
2018.04.25 14:32:06.754,10.41906,10.42088,1.00,1.00
2018.04.25 14:32:06.875,10.41906,10.42094,1.00,1.00
2018.04.25 14:32:06.927,10.41915,10.42098,1.00,1.00
2018.04.25 14:32:07.186,10.41903,10.42095,1.00,1.00
2018.04.25 14:32:07.731,10.41904,10.42072,1.00,1.00
2018.04.25 14:32:08.453,10.41895,10.4205,1.00,1.00
2018.04.25 14:32:08.505,10.41904,10.42072,1.00,1.00
2018.04.25 14:32:11.259,10.41906,10.42072,1.00,1.00
2018.04.25 14:32:11.719,10.41916,10.42072,1.00,1.00
2018.04.25 14:32:12.178,10.41926,10.42072,1.00,1.00
2018.04.25 14:32:12.230,10.41926,10.42088,1.00,1.00
2018.04.25 14:32:12.773,10.41927,10.42088,1.00,1.00
2018.04.25 14:32:13.690,10.41927,10.42092,1.00,1.00
2018.04.25 14:32:14.503,10.41906,10.42072,1.00,1.00
2018.04.25 14:32:15.210,10.41904,10.42072,1.00,1.00
2018.04.25 14:32:17.185,10.41898,10.42071,1.00,1.00
2018.04.25 14:32:17.616,10.41898,10.4205,1.00,1.00
2018.04.25 14:32:18.369,10.41889,10.4205,1.00,1.00
2018.04.25 14:32:18.768,10.41882,10.4205,1.00,1.00
2018.04.25 14:32:19.193,10.41869,10.42039,1.00,1.00
2018.04.25 14:32:19.322,10.41864,10.42027,1.00,1.00
2018.04.25 14:32:19.947,10.41859,10.42027,1.50,1.00
2018.04.25 14:32:20.049,10.41859,10.42035,1.50,1.00
2018.04.25 14:32:20.254,10.4187,10.42023,1.00,1.00
2018.04.25 14:32:21.052,10.41867,10.42023,1.00,1.00
2018.04.25 14:32:22.021,10.41861,10.42023,1.00,1.00
2018.04.25 14:32:22.469,10.41857,10.42023,1.00,1.00
2018.04.25 14:32:22.775,10.41836,10.42011,1.00,1.00
2018.04.25 14:32:22.878,10.41824,10.41999,1.00,1.00
2018.04.25 14:32:22.931,10.41816,10.41992,1.00,1.00
2018.04.25 14:32:23.388,10.41812,10.41982,1.00,1.00
2018.04.25 14:32:23.644,10.41806,10.41982,1.00,1.00
2018.04.25 14:32:24.354,10.41806,10.41972,1.00,1.00
2018.04.25 14:32:29.791,10.41819,10.41972,1.00,1.00
2018.04.25 14:32:31.460,10.41811,10.41972,1.00,1.00
2018.04.25 14:32:31.770,10.41809,10.41972,1.00,1.00
2018.04.25 14:32:32.556,10.41807,10.41972,1.00,1.00
2018.04.25 14:32:32.690,10.41807,10.4197,1.00,1.00
2018.04.25 14:32:33.202,10.41807,10.4195,1.00,1.00
2018.04.25 14:32:33.597,10.41788,10.4195,1.00,1.00
2018.04.25 14:32:33.648,10.41782,10.4195,1.00,1.00
2018.04.25 14:32:34.025,10.41772,10.41941,1.00,1.00
2018.04.25 14:32:34.640,10.41777,10.41953,1.00,1.00
2018.04.25 14:32:34.692,10.41782,10.4195,1.00,1.00
2018.04.25 14:32:37.342,10.41772,10.41945,1.00,1.00
2018.04.25 14:32:37.634,10.41772,10.41928,1.00,1.00
2018.04.25 14:32:38.265,10.41769,10.41928,1.00,1.00
2018.04.25 14:32:38.316,10.41759,10.41928,1.00,1.00
2018.04.25 14:32:41.926,10.41759,10.41932,1.00,1.00
2018.04.25 14:32:43.225,10.41756,10.41931,1.00,1.50
2018.04.25 14:32:43.277,10.41747,10.41923,1.50,1.00
2018.04.25 14:32:43.380,10.41709,10.4188,1.00,1.00
2018.04.25 14:32:43.719,10.41671,10.41837,1.00,1.00
2018.04.25 14:32:43.770,10.41656,10.41835,1.00,1.00
2018.04.25 14:32:43.822,10.41666,10.41823,1.00,1.00
2018.04.25 14:32:44.268,10.41686,10.41815,1.00,1.00
2018.04.25 14:32:44.473,10.41663,10.41835,1.00,1.00
2018.04.25 14:32:44.525,10.41675,10.41839,1.00,1.00
2018.04.25 14:32:44.677,10.41705,10.41873,1.00,1.00
2018.04.25 14:32:44.844,10.41695,10.41871,1.00,1.00
2018.04.25 14:32:45.153,10.4171,10.41877,1.00,1.00
2018.04.25 14:32:45.306,10.4171,10.41881,1.00,1.00
2018.04.25 14:32:45.644,10.417,10.41876,1.00,1.00
2018.04.25 14:32:47.414,10.41689,10.41865,1.00,1.00
2018.04.25 14:32:47.724,10.41658,10.41832,1.00,1.00
2018.04.25 14:32:49.177,10.41677,10.41853,1.00,1.00
2018.04.25 14:32:49.279,10.41676,10.41842,1.00,1.00
2018.04.25 14:32:49.331,10.41676,10.41852,1.50,1.00
2018.04.25 14:32:49.548,10.41678,10.41854,1.00,1.00
2018.04.25 14:32:50.663,10.41716,10.41892,1.00,1.00
2018.04.25 14:32:50.974,10.41703,10.41879,1.00,1.00
2018.04.25 14:32:51.282,10.41713,10.41889,1.00,1.00
2018.04.25 14:32:51.596,10.41724,10.419,1.00,1.50
2018.04.25 14:32:51.935,10.41707,10.41883,1.00,1.00
2018.04.25 14:32:53.655,10.41694,10.41857,1.00,1.00
2018.04.25 14:32:53.706,10.41698,10.41874,1.00,1.00
2018.04.25 14:32:54.188,10.41656,10.41832,1.00,1.00
2018.04.25 14:32:54.576,10.41656,10.41792,1.00,1.00
2018.04.25 14:32:55.214,10.41656,10.41804,1.00,1.50
2018.04.25 14:32:55.266,10.41662,10.41836,1.00,1.00
2018.04.25 14:32:55.367,10.41676,10.41836,1.00,1.00
2018.04.25 14:32:55.470,10.41671,10.41847,1.00,1.00
2018.04.25 14:32:55.521,10.41676,10.41847,1.00,1.00
2018.04.25 14:32:55.824,10.41691,10.41863,1.00,1.00
2018.04.25 14:32:55.926,10.41701,10.41875,1.00,1.00
2018.04.25 14:32:56.028,10.41687,10.41863,1.00,1.00
2018.04.25 14:32:56.181,10.41676,10.41852,1.50,1.00
2018.04.25 14:32:57.397,10.41686,10.41816,1.00,1.00
2018.04.25 14:32:57.449,10.41686,10.41828,1.00,1.00
2018.04.25 14:32:57.707,10.41686,10.41854,1.00,1.00
2018.04.25 14:32:57.758,10.41693,10.41869,1.00,1.00
2018.04.25 14:32:57.965,10.41691,10.41867,1.00,1.00
2018.04.25 14:32:58.275,10.41676,10.41846,1.00,1.00
2018.04.25 14:32:59.605,10.41686,10.41846,1.00,1.00
2018.04.25 14:33:00.152,10.41689,10.41862,1.00,1.00
2018.04.25 14:33:00.203,10.41698,10.4187,1.00,1.00
2018.04.25 14:33:00.254,10.41688,10.41864,1.00,1.00
2018.04.25 14:33:01.804,10.41686,10.41862,1.00,1.00
2018.04.25 14:33:02.144,10.41699,10.41872,1.00,1.00
2018.04.25 14:33:02.681,10.417,10.41872,1.00,1.00
2018.04.25 14:33:03.278,10.417,10.41876,1.00,1.00
2018.04.25 14:33:03.530,10.41732,10.4188,1.00,1.00
2018.04.25 14:33:03.588,10.41728,10.41904,1.00,1.00
2018.04.25 14:33:03.639,10.41709,10.41885,1.00,1.00
2018.04.25 14:33:03.946,10.4175,10.41921,1.00,1.00
2018.04.25 14:33:04.001,10.41737,10.41913,1.00,1.00
2018.04.25 14:33:04.104,10.41749,10.41925,1.00,1.00
2018.04.25 14:33:04.443,10.41805,10.41981,1.00,1.00
2018.04.25 14:33:04.546,10.4183,10.42008,1.00,1.00
2018.04.25 14:33:04.700,10.41854,10.4203,1.00,1.00
2018.04.25 14:33:05.149,10.41844,10.4202,1.00,1.00
2018.04.25 14:33:05.454,10.41854,10.4203,1.00,1.00
2018.04.25 14:33:05.761,10.41895,10.42083,1.00,1.00
2018.04.25 14:33:05.813,10.41895,10.42095,1.00,1.00
2018.04.25 14:33:06.022,10.41889,10.42094,1.00,1.00
2018.04.25 14:33:06.078,10.41894,10.42094,1.00,1.00
2018.04.25 14:33:06.266,10.41925,10.42129,1.00,1.00
2018.04.25 14:33:06.586,10.41931,10.42129,1.00,1.00
2018.04.25 14:33:06.792,10.41935,10.4214,1.00,1.00
2018.04.25 14:33:06.946,10.41948,10.42153,1.00,1.00
2018.04.25 14:33:07.359,10.41951,10.42153,1.00,1.00
2018.04.25 14:33:07.667,10.41959,10.42154,1.00,1.00
2018.04.25 14:33:07.821,10.41951,10.42153,1.00,1.00
2018.04.25 14:33:08.003,10.41951,10.42144,1.00,1.00
2018.04.25 14:33:08.260,10.41939,10.42135,1.00,1.00
2018.04.25 14:33:08.418,10.41927,10.42132,1.00,1.00
2018.04.25 14:33:08.644,10.41939,10.42134,1.00,1.00
2018.04.25 14:33:08.697,10.41927,10.42132,1.00,1.00
2018.04.25 14:33:08.749,10.41927,10.42111,1.00,1.00
2018.04.25 14:33:08.903,10.41927,10.42132,1.00,1.00
2018.04.25 14:33:09.730,10.41928,10.42132,1.00,1.00
2018.04.25 14:33:10.021,10.41938,10.42144,1.00,1.00
2018.04.25 14:33:10.123,10.41949,10.42153,1.00,1.00
2018.04.25 14:33:10.432,10.41974,10.42154,1.00,1.00
2018.04.25 14:33:10.585,10.41963,10.42154,1.00,1.00
2018.04.25 14:33:10.687,10.41979,10.42154,1.00,1.00
2018.04.25 14:33:10.738,10.41979,10.42164,1.00,1.00
2018.04.25 14:33:10.841,10.41981,10.42164,1.00,1.00
2018.04.25 14:33:11.186,10.41995,10.42164,1.00,1.00
2018.04.25 14:33:11.891,10.4197,10.42164,1.00,1.00
2018.04.25 14:33:11.996,10.4195,10.42154,1.00,1.35
2018.04.25 14:33:12.047,10.4195,10.42134,1.00,1.00
2018.04.25 14:33:12.404,10.41943,10.42134,1.00,1.00
2018.04.25 14:33:12.747,10.4194,10.42134,1.00,1.00
2018.04.25 14:33:12.910,10.41934,10.42134,1.00,1.00
2018.04.25 14:33:13.117,10.41929,10.42134,1.00,1.50
2018.04.25 14:33:13.169,10.41922,10.42094,1.00,1.00
2018.04.25 14:33:13.261,10.41916,10.42094,1.00,1.00
2018.04.25 14:33:13.518,10.41916,10.42121,1.00,1.00
2018.04.25 14:33:13.674,10.41905,10.4211,1.37,1.00
2018.04.25 14:33:14.241,10.41905,10.4211,1.00,1.00
2018.04.25 14:33:14.624,10.41918,10.42114,1.00,1.00
2018.04.25 14:33:14.779,10.41929,10.42133,1.00,1.00
2018.04.25 14:33:14.956,10.41958,10.42144,1.00,1.00
2018.04.25 14:33:15.009,10.41969,10.42164,1.50,1.00
2018.04.25 14:33:15.071,10.41981,10.42164,1.00,1.00
2018.04.25 14:33:15.406,10.41992,10.42164,1.00,1.00
2018.04.25 14:33:15.510,10.41993,10.42184,1.00,1.00
2018.04.25 14:33:15.873,10.41982,10.42183,1.00,1.00
2018.04.25 14:33:15.925,10.41982,10.42183,1.00,1.60
2018.04.25 14:33:16.249,10.41982,10.42174,1.00,1.00
2018.04.25 14:33:16.607,10.42,10.42174,1.00,1.00
2018.04.25 14:33:16.966,10.42,10.42176,1.00,1.00
2018.04.25 14:33:17.513,10.41989,10.42165,1.00,1.00
2018.04.25 14:33:18.026,10.41989,10.42164,1.00,1.00
2018.04.25 14:33:18.537,10.41979,10.42155,1.00,1.00
2018.04.25 14:33:18.846,10.4199,10.42164,1.00,1.00
2018.04.25 14:33:19.394,10.4199,10.42166,1.00,1.00
2018.04.25 14:33:20.457,10.4199,10.42164,1.00,1.00
2018.04.25 14:33:20.509,10.4198,10.42156,1.00,1.00
2018.04.25 14:33:20.561,10.41931,10.42107,1.00,1.00
2018.04.25 14:33:20.867,10.41916,10.42092,1.00,1.60
2018.04.25 14:33:21.048,10.41898,10.42074,1.00,1.00
2018.04.25 14:33:22.615,10.41902,10.42078,1.00,1.00
2018.04.25 14:33:27.252,10.41913,10.42089,1.00,1.00
2018.04.25 14:33:28.220,10.41933,10.42109,1.00,2.25
2018.04.25 14:33:28.542,10.41922,10.42098,1.00,1.00
2018.04.25 14:33:30.271,10.41911,10.42087,1.00,1.00
2018.04.25 14:33:30.576,10.41894,10.4207,1.00,1.00
2018.04.25 14:33:30.628,10.41884,10.4208,1.00,1.00
2018.04.25 14:33:31.067,10.41927,10.42103,1.00,1.00
2018.04.25 14:33:32.548,10.41917,10.42093,1.00,1.00
2018.04.25 14:33:33.052,10.41916,10.42092,1.00,1.00
2018.04.25 14:33:35.037,10.41927,10.42103,1.00,1.00
2018.04.25 14:33:35.639,10.41927,10.42099,1.00,1.00
2018.04.25 14:33:36.013,10.41925,10.42099,1.00,1.00
2018.04.25 14:33:36.115,10.41927,10.42099,1.00,1.00
2018.04.25 14:33:36.271,10.41927,10.42105,1.00,1.00
2018.04.25 14:33:36.323,10.41895,10.42095,1.00,1.00
2018.04.25 14:33:36.374,10.41919,10.42097,1.00,1.00
2018.04.25 14:33:36.527,10.41895,10.42095,1.00,1.00
2018.04.25 14:33:36.629,10.4192,10.42094,1.00,1.00
2018.04.25 14:33:36.680,10.4189,10.42082,1.00,1.00
2018.04.25 14:33:36.894,10.41887,10.42082,1.00,1.00
2018.04.25 14:33:37.214,10.41922,10.42097,1.00,1.00
2018.04.25 14:33:37.265,10.41899,10.42096,1.00,1.00
2018.04.25 14:33:37.400,10.41899,10.42094,1.00,1.00
2018.04.25 14:33:37.452,10.41885,10.42083,1.00,1.00
2018.04.25 14:33:37.554,10.41895,10.42083,1.00,1.00
2018.04.25 14:33:37.864,10.419,10.42088,1.00,1.00
2018.04.25 14:33:39.297,10.419,10.42072,1.00,1.00
2018.04.25 14:33:40.176,10.419,10.42088,1.00,1.00
2018.04.25 14:33:40.634,10.41924,10.42094,1.00,1.00
2018.04.25 14:33:40.686,10.419,10.42094,1.00,1.00
2018.04.25 14:33:41.416,10.41926,10.42094,1.00,1.00
2018.04.25 14:33:41.468,10.419,10.42094,1.00,1.00
2018.04.25 14:33:42.374,10.41886,10.42086,1.37,1.00
2018.04.25 14:33:42.917,10.41886,10.42086,1.00,1.00
2018.04.25 14:33:44.675,10.41886,10.42082,1.12,1.00
2018.04.25 14:33:44.728,10.41886,10.42085,1.12,1.00
2018.04.25 14:33:45.328,10.41881,10.42085,1.87,1.00
2018.04.25 14:33:45.380,10.41883,10.42074,1.00,1.00
2018.04.25 14:33:45.725,10.41882,10.42064,1.00,1.00
2018.04.25 14:33:46.045,10.41875,10.42042,1.00,1.00
2018.04.25 14:33:46.199,10.41897,10.42065,1.00,1.00
2018.04.25 14:33:46.370,10.41896,10.42045,1.00,1.00
2018.04.25 14:33:46.473,10.41899,10.42067,1.50,1.00
2018.04.25 14:33:46.626,10.41899,10.42063,1.50,1.00
2018.04.25 14:33:46.945,10.41907,10.42067,1.00,1.00
2018.04.25 14:33:49.431,10.41899,10.42067,1.00,1.00
2018.04.25 14:33:49.967,10.41923,10.42067,1.00,1.00
2018.04.25 14:33:50.070,10.41899,10.42067,1.00,1.00
2018.04.25 14:33:50.172,10.41916,10.42067,1.00,1.00
2018.04.25 14:33:50.376,10.41899,10.42067,1.00,1.00
2018.04.25 14:33:50.481,10.41899,10.42061,1.00,1.00
2018.04.25 14:33:50.533,10.41899,10.42067,1.00,1.00
2018.04.25 14:33:50.635,10.41912,10.42067,1.00,1.00
2018.04.25 14:33:51.109,10.41899,10.42067,1.50,1.00
2018.04.25 14:33:52.136,10.41912,10.42067,1.00,1.00
2018.04.25 14:33:55.466,10.41906,10.42067,1.00,1.00
2018.04.25 14:33:55.567,10.41899,10.42067,1.50,1.00
2018.04.25 14:33:56.056,10.41905,10.42067,1.00,1.00
2018.04.25 14:33:56.107,10.41899,10.42067,1.50,1.00
2018.04.25 14:33:56.161,10.41903,10.42067,1.00,1.00
2018.04.25 14:33:56.263,10.41899,10.42067,1.50,1.00
2018.04.25 14:33:57.218,10.41912,10.42067,1.00,1.00
2018.04.25 14:34:00.345,10.41901,10.42077,1.00,1.00
2018.04.25 14:34:00.657,10.41901,10.42058,1.00,1.00
2018.04.25 14:34:02.561,10.41899,10.42058,1.50,1.00
2018.04.25 14:34:04.648,10.41909,10.42058,1.00,1.00
2018.04.25 14:34:05.558,10.41909,10.42085,1.00,1.00
2018.04.25 14:34:05.764,10.41911,10.42079,1.00,1.00
2018.04.25 14:34:12.321,10.41911,10.42077,1.00,1.00
2018.04.25 14:34:17.549,10.41911,10.42079,1.00,1.00
2018.04.25 14:34:18.127,10.41912,10.42079,1.00,1.00
2018.04.25 14:34:21.011,10.41911,10.42079,1.00,1.00
2018.04.25 14:34:31.212,10.41914,10.42079,1.00,1.00
2018.04.25 14:34:31.524,10.41911,10.42079,1.00,1.00
2018.04.25 14:34:35.272,10.41918,10.42079,1.00,1.00
2018.04.25 14:34:36.050,10.41916,10.42079,1.00,1.00
2018.04.25 14:34:37.271,10.41911,10.42079,1.00,1.00
2018.04.25 14:34:38.146,10.41919,10.42079,1.00,1.00
2018.04.25 14:34:39.110,10.41911,10.42079,1.00,1.00
2018.04.25 14:34:39.162,10.41911,10.42072,1.00,1.00
2018.04.25 14:34:39.214,10.41896,10.42072,1.00,1.00
2018.04.25 14:34:39.532,10.41895,10.42057,1.00,1.00
2018.04.25 14:34:40.036,10.41889,10.42057,1.00,1.00
2018.04.25 14:34:41.947,10.41889,10.42053,1.00,1.00
2018.04.25 14:34:42.475,10.41889,10.42054,1.00,1.00
2018.04.25 14:34:42.679,10.41889,10.42057,1.50,1.00
2018.04.25 14:34:42.885,10.41895,10.42057,1.00,1.00
2018.04.25 14:34:43.424,10.41896,10.42057,1.00,1.00
2018.04.25 14:34:46.171,10.41895,10.42057,1.00,1.00
2018.04.25 14:34:47.580,10.41889,10.42057,1.50,1.00
2018.04.25 14:35:02.596,10.41895,10.42057,1.00,1.00
2018.04.25 14:35:04.151,10.41919,10.42088,1.00,1.00
2018.04.25 14:35:04.557,10.41919,10.42084,1.00,1.00
2018.04.25 14:35:04.659,10.41916,10.42084,1.00,1.00
2018.04.25 14:35:05.641,10.41922,10.42084,1.00,1.00
2018.04.25 14:35:06.153,10.41947,10.42122,1.00,1.00
2018.04.25 14:35:06.256,10.41934,10.42115,1.00,1.00
2018.04.25 14:35:06.764,10.41939,10.42107,1.00,1.00
2018.04.25 14:35:07.176,10.41949,10.42107,1.00,1.00
2018.04.25 14:35:07.469,10.41939,10.42107,1.00,1.00
2018.04.25 14:35:08.181,10.4195,10.42107,1.00,1.00
2018.04.25 14:35:08.232,10.41939,10.42107,1.00,1.00
2018.04.25 14:35:08.662,10.41953,10.42107,1.00,1.00
2018.04.25 14:35:08.714,10.41939,10.42107,1.50,1.00
2018.04.25 14:35:09.180,10.41951,10.42107,1.00,1.00
2018.04.25 14:35:09.283,10.41939,10.42107,1.00,1.00
2018.04.25 14:35:09.642,10.4195,10.42107,1.00,1.00
2018.04.25 14:35:09.744,10.41939,10.42107,1.00,1.00
2018.04.25 14:35:10.687,10.41946,10.42107,1.00,1.00
2018.04.25 14:35:10.739,10.41939,10.42107,1.00,1.00
2018.04.25 14:35:10.980,10.41889,10.42065,1.00,1.00
2018.04.25 14:35:11.285,10.41886,10.42053,1.37,1.00
2018.04.25 14:35:11.591,10.41865,10.42041,1.75,1.00
2018.04.25 14:35:11.760,10.41873,10.42049,1.37,1.00
2018.04.25 14:35:12.137,10.41886,10.42062,1.37,1.00
2018.04.25 14:35:12.188,10.41889,10.42057,1.00,1.00
2018.04.25 14:35:12.494,10.41897,10.42057,1.37,1.00
2018.04.25 14:35:12.733,10.41911,10.42075,1.00,1.00
2018.04.25 14:35:12.785,10.41911,10.42079,1.00,1.00
2018.04.25 14:35:14.193,10.41927,10.42079,1.00,1.00
2018.04.25 14:35:15.659,10.41939,10.42079,1.00,1.00
2018.04.25 14:35:16.298,10.41939,10.42078,1.00,1.00
2018.04.25 14:35:16.351,10.4188,10.42045,1.00,1.00
2018.04.25 14:35:16.403,10.41874,10.42035,1.00,1.00
2018.04.25 14:35:16.455,10.41859,10.42034,1.00,1.00
2018.04.25 14:35:16.507,10.41856,10.42023,1.50,1.00
2018.04.25 14:35:17.547,10.41856,10.42021,1.50,1.00
2018.04.25 14:35:18.119,10.41861,10.42021,1.00,1.00
2018.04.25 14:35:18.270,10.41845,10.42021,1.75,1.00
2018.04.25 14:35:18.407,10.41845,10.42021,1.37,1.00
2018.04.25 14:35:18.509,10.41835,10.42011,1.75,1.00
2018.04.25 14:35:18.952,10.41839,10.42007,1.37,1.00
2018.04.25 14:35:19.678,10.41839,10.42007,1.37,1.00
2018.04.25 14:35:21.394,10.41839,10.42007,1.37,1.50
2018.04.25 14:35:22.589,10.41839,10.42007,1.37,1.50
2018.04.25 14:35:22.640,10.41839,10.42007,1.00,2.25
2018.04.25 14:35:22.691,10.41809,10.41974,1.00,1.00
2018.04.25 14:35:22.847,10.41798,10.41974,1.00,1.75
2018.04.25 14:35:22.898,10.41798,10.41974,1.00,1.00
2018.04.25 14:35:22.949,10.41787,10.41963,1.00,1.00
2018.04.25 14:35:24.284,10.41788,10.41958,1.00,1.00
2018.04.25 14:35:30.667,10.41788,10.41952,1.00,1.00
2018.04.25 14:35:33.175,10.41788,10.41958,1.50,1.00
2018.04.25 14:35:35.681,10.41788,10.41953,1.00,1.00
2018.04.25 14:35:36.142,10.41788,10.41951,1.00,1.00
2018.04.25 14:35:36.255,10.41779,10.41951,1.00,1.00
2018.04.25 14:35:36.487,10.41779,10.41935,1.00,1.00
2018.04.25 14:35:36.731,10.41788,10.41958,1.00,1.00
2018.04.25 14:35:37.174,10.41806,10.41982,1.00,1.00
2018.04.25 14:35:37.225,10.41806,10.41957,1.00,1.00
2018.04.25 14:35:37.276,10.41812,10.41982,1.00,1.00
2018.04.25 14:35:37.533,10.41812,10.42013,1.00,1.00
2018.04.25 14:35:37.710,10.41832,10.42014,1.00,1.50
2018.04.25 14:35:38.983,10.41836,10.42004,1.00,1.00
2018.04.25 14:35:39.642,10.41825,10.41982,1.00,1.00
2018.04.25 14:35:40.011,10.41837,10.41982,1.00,1.00
2018.04.25 14:35:40.070,10.41826,10.41982,1.00,1.00
2018.04.25 14:35:42.696,10.41824,10.41982,1.00,1.00
2018.04.25 14:35:43.776,10.41824,10.41976,1.00,1.00
2018.04.25 14:35:43.829,10.41824,10.41981,1.00,1.00
2018.04.25 14:35:44.252,10.41824,10.41959,1.00,1.00
2018.04.25 14:35:45.728,10.41824,10.41982,1.00,1.00
2018.04.25 14:35:45.872,10.41824,10.41959,1.00,1.00
2018.04.25 14:35:46.299,10.41824,10.41983,1.00,1.00
2018.04.25 14:35:46.454,10.41835,10.41983,1.00,1.00
2018.04.25 14:35:46.658,10.41835,10.42003,1.00,1.00
2018.04.25 14:35:46.709,10.41835,10.41982,1.00,1.00
2018.04.25 14:35:47.154,10.41835,10.42003,1.00,1.00
2018.04.25 14:35:47.308,10.41835,10.41982,1.00,1.00
2018.04.25 14:35:50.983,10.41835,10.42002,1.00,1.00
2018.04.25 14:35:51.189,10.41835,10.42011,1.50,1.00
2018.04.25 14:35:51.291,10.41835,10.41982,1.50,1.00
2018.04.25 14:35:51.655,10.41839,10.42015,1.00,1.00
2018.04.25 14:35:51.758,10.41839,10.42005,1.00,1.00
2018.04.25 14:35:52.063,10.41833,10.41982,1.00,1.00
2018.04.25 14:35:52.166,10.41845,10.42004,1.00,1.00
2018.04.25 14:35:52.320,10.41845,10.41982,1.00,1.00
2018.04.25 14:35:52.424,10.41834,10.41982,1.00,1.00
2018.04.25 14:35:53.353,10.4182,10.41982,1.00,1.00
2018.04.25 14:35:54.099,10.41826,10.41982,1.00,1.00
2018.04.25 14:35:55.684,10.41825,10.41982,1.00,1.00
2018.04.25 14:35:56.219,10.41819,10.41982,1.00,1.00
2018.04.25 14:36:00.130,10.41823,10.41982,1.00,1.00
2018.04.25 14:36:03.982,10.4182,10.41982,1.00,1.00
2018.04.25 14:36:05.370,10.41814,10.41982,1.00,1.00
2018.04.25 14:36:06.031,10.41812,10.41981,1.00,1.00
2018.04.25 14:36:06.387,10.41812,10.41959,1.00,1.00
2018.04.25 14:36:07.669,10.41814,10.41982,1.00,1.00
2018.04.25 14:36:07.720,10.418,10.41959,1.00,1.00
2018.04.25 14:36:07.964,10.41814,10.41982,1.00,1.00
2018.04.25 14:36:08.692,10.41811,10.41959,1.00,1.00
2018.04.25 14:36:09.166,10.41808,10.41959,1.00,1.00
2018.04.25 14:36:10.184,10.41803,10.41959,1.00,1.00
2018.04.25 14:36:20.168,10.41808,10.41959,1.00,1.00
2018.04.25 14:36:20.601,10.41814,10.41959,1.00,1.00
2018.04.25 14:36:20.652,10.4181,10.41959,1.00,1.00
2018.04.25 14:36:29.173,10.41804,10.41959,1.00,1.00
2018.04.25 14:36:33.279,10.41806,10.41959,1.00,1.00
2018.04.25 14:36:37.899,10.41805,10.41959,1.00,1.00
2018.04.25 14:36:56.898,10.41807,10.41959,1.00,1.00
2018.04.25 14:36:56.950,10.41807,10.41983,1.00,1.00
2018.04.25 14:36:57.161,10.41805,10.41959,1.00,1.00
2018.04.25 14:36:57.496,10.41807,10.41983,1.00,1.00
2018.04.25 14:36:57.599,10.41814,10.41982,1.00,1.00
2018.04.25 14:36:58.104,10.41814,10.41981,1.00,1.00
2018.04.25 14:36:59.124,10.41805,10.41959,1.00,1.00
2018.04.25 14:37:06.822,10.41809,10.41959,1.00,1.00
2018.04.25 14:37:07.136,10.41811,10.41959,1.00,1.00
2018.04.25 14:37:07.239,10.41809,10.41959,1.00,1.00
2018.04.25 14:37:07.561,10.41828,10.41984,1.00,1.00
2018.04.25 14:37:07.613,10.41828,10.41959,1.00,1.00
2018.04.25 14:37:07.820,10.41828,10.41984,1.00,1.00
2018.04.25 14:37:07.974,10.41828,10.41982,1.00,1.00
2018.04.25 14:37:08.280,10.41828,10.41959,1.00,1.00
2018.04.25 14:37:09.692,10.41828,10.41974,1.00,1.00
2018.04.25 14:37:09.744,10.41828,10.41984,1.00,1.00
2018.04.25 14:37:09.846,10.41826,10.41984,1.00,1.00
2018.04.25 14:37:09.898,10.41828,10.41982,1.00,1.00
2018.04.25 14:37:10.210,10.4184,10.41982,1.00,1.00
2018.04.25 14:37:10.847,10.41825,10.41982,1.00,1.00
2018.04.25 14:37:12.127,10.41825,10.41979,1.00,1.00
2018.04.25 14:37:12.730,10.41825,10.4196,1.00,1.00
2018.04.25 14:37:12.781,10.41825,10.41969,1.00,1.00
2018.04.25 14:37:12.942,10.41815,10.41959,1.00,1.00
2018.04.25 14:37:19.046,10.41815,10.41979,1.00,1.00
2018.04.25 14:37:19.409,10.41827,10.41982,1.00,1.00
2018.04.25 14:37:20.358,10.41823,10.41982,1.00,1.00
2018.04.25 14:37:20.880,10.41822,10.41982,1.00,1.00
2018.04.25 14:37:21.170,10.41822,10.41979,1.00,1.00
2018.04.25 14:37:23.684,10.41822,10.41982,1.00,1.00
2018.04.25 14:37:25.180,10.41818,10.41982,1.00,1.00
2018.04.25 14:37:26.826,10.41838,10.41982,1.00,1.00
2018.04.25 14:37:26.980,10.41838,10.42003,1.00,1.00
2018.04.25 14:37:27.156,10.41838,10.4199,1.00,1.00
2018.04.25 14:37:27.362,10.41828,10.4199,1.00,1.00
2018.04.25 14:37:29.813,10.41829,10.4199,1.00,1.00
2018.04.25 14:37:31.147,10.41829,10.41979,1.00,1.00
2018.04.25 14:37:31.199,10.41826,10.41979,1.00,1.00
2018.04.25 14:37:31.682,10.41837,10.41982,1.00,1.00
2018.04.25 14:37:32.180,10.41826,10.41982,1.00,1.00
2018.04.25 14:37:33.173,10.41826,10.41971,1.00,1.00
2018.04.25 14:37:33.276,10.41798,10.4198,1.00,1.00
2018.04.25 14:37:33.385,10.41798,10.41965,1.00,1.00
2018.04.25 14:37:33.607,10.41798,10.41976,1.00,1.00
2018.04.25 14:37:33.710,10.41796,10.41976,1.00,1.00
2018.04.25 14:37:34.251,10.41796,10.41958,1.00,1.00
2018.04.25 14:37:34.630,10.41796,10.41934,1.00,1.00
2018.04.25 14:37:35.500,10.41801,10.41934,1.00,1.00
2018.04.25 14:37:36.193,10.41812,10.41959,1.00,1.00
2018.04.25 14:37:36.245,10.41815,10.41959,1.00,1.00
2018.04.25 14:37:36.670,10.41816,10.41984,1.00,1.00
2018.04.25 14:37:36.721,10.41816,10.41959,1.00,1.00
2018.04.25 14:37:37.002,10.41816,10.41984,1.00,1.00
2018.04.25 14:37:37.781,10.41816,10.41982,1.00,1.00
2018.04.25 14:37:47.544,10.41816,10.41978,1.00,1.00
2018.04.25 14:37:48.964,10.41809,10.41973,1.00,1.00
2018.04.25 14:37:49.120,10.41809,10.41967,1.00,1.00
2018.04.25 14:37:49.172,10.41797,10.41978,1.00,1.00
2018.04.25 14:37:49.223,10.41797,10.41974,1.00,1.00
2018.04.25 14:37:49.541,10.41797,10.41959,1.00,1.00
2018.04.25 14:37:50.691,10.41798,10.41959,1.00,1.00
2018.04.25 14:37:52.194,10.41803,10.41959,1.00,1.00
2018.04.25 14:37:52.315,10.41797,10.41959,1.00,1.00
2018.04.25 14:37:52.366,10.41814,10.41959,1.00,1.00
2018.04.25 14:37:53.748,10.41826,10.41974,1.00,1.00
2018.04.25 14:37:53.801,10.41828,10.41974,1.00,1.00
2018.04.25 14:37:53.853,10.41825,10.41974,1.00,1.00
2018.04.25 14:37:54.448,10.41824,10.41974,1.00,1.00
2018.04.25 14:37:55.278,10.41824,10.41982,1.00,1.00
2018.04.25 14:37:59.651,10.41822,10.41982,1.00,1.00
2018.04.25 14:37:59.704,10.41819,10.41982,1.00,1.00
2018.04.25 14:37:59.756,10.41835,10.41982,1.00,1.00
2018.04.25 14:38:00.072,10.4183,10.41982,1.00,1.00
2018.04.25 14:38:00.383,10.41842,10.41982,1.00,1.00
2018.04.25 14:38:00.819,10.41828,10.41982,1.00,1.00
2018.04.25 14:38:01.354,10.41827,10.41982,1.00,1.00
2018.04.25 14:38:01.639,10.41823,10.41982,1.00,1.00
2018.04.25 14:38:01.700,10.41821,10.41982,1.00,1.00
2018.04.25 14:38:01.854,10.41837,10.41982,1.00,1.00
2018.04.25 14:38:02.190,10.41845,10.41982,1.00,1.00
2018.04.25 14:38:02.352,10.41831,10.41982,1.00,1.00
2018.04.25 14:38:05.129,10.41835,10.41994,1.00,1.00
2018.04.25 14:38:05.181,10.41847,10.41994,1.00,1.00
2018.04.25 14:38:05.233,10.4184,10.41994,1.00,1.00
2018.04.25 14:38:05.806,10.41839,10.41994,1.00,1.00
2018.04.25 14:38:06.254,10.41836,10.41994,1.00,1.00
2018.04.25 14:38:06.515,10.41834,10.41983,1.00,1.00
2018.04.25 14:38:06.932,10.41836,10.41991,1.00,1.00
2018.04.25 14:38:07.185,10.41836,10.41995,1.00,1.00
2018.04.25 14:38:07.286,10.41831,10.41982,1.00,1.00
2018.04.25 14:38:07.340,10.41836,10.41995,1.00,1.00
2018.04.25 14:38:07.492,10.41836,10.42002,1.00,1.00
2018.04.25 14:38:08.325,10.41836,10.41997,1.00,1.00
2018.04.25 14:38:09.652,10.41846,10.42004,1.00,1.00
2018.04.25 14:38:09.703,10.41836,10.42004,1.00,1.00
2018.04.25 14:38:09.992,10.41836,10.41996,1.00,1.00
2018.04.25 14:38:10.302,10.41849,10.42004,1.00,1.00
2018.04.25 14:38:10.856,10.41846,10.42004,1.00,1.00
2018.04.25 14:38:12.152,10.41858,10.42004,1.00,1.00
2018.04.25 14:38:13.267,10.4185,10.42004,1.00,1.00
2018.04.25 14:38:13.319,10.41846,10.42004,1.00,1.00
2018.04.25 14:38:14.176,10.41844,10.42004,1.00,1.00
2018.04.25 14:38:14.329,10.41829,10.42,1.00,1.00
2018.04.25 14:38:14.380,10.41836,10.42,1.00,1.00
2018.04.25 14:38:14.635,10.41836,10.42004,1.00,1.00
2018.04.25 14:38:14.762,10.41836,10.41991,1.00,1.00
2018.04.25 14:38:15.142,10.41829,10.41996,1.00,1.00
2018.04.25 14:38:15.352,10.41836,10.41996,1.00,1.00
2018.04.25 14:38:15.676,10.41829,10.41994,1.00,1.00
2018.04.25 14:38:15.966,10.41829,10.41982,1.00,1.00
2018.04.25 14:38:16.179,10.41836,10.41994,1.00,1.00
2018.04.25 14:38:16.721,10.41836,10.41996,1.00,1.00
2018.04.25 14:38:16.845,10.41829,10.41982,1.00,1.00
2018.04.25 14:38:17.167,10.41836,10.41996,1.00,1.00
2018.04.25 14:38:17.615,10.41829,10.41982,1.00,1.00
2018.04.25 14:38:17.717,10.41836,10.41995,1.00,1.00
2018.04.25 14:38:17.903,10.41829,10.41982,1.00,1.00
2018.04.25 14:38:18.276,10.41836,10.41994,1.00,1.00
2018.04.25 14:38:18.686,10.41836,10.41997,1.00,1.00
2018.04.25 14:38:18.840,10.41829,10.41982,1.00,1.00
2018.04.25 14:38:20.660,10.41821,10.41982,1.00,1.00
2018.04.25 14:38:21.169,10.4182,10.41982,1.00,1.00
2018.04.25 14:38:22.831,10.4182,10.41974,1.00,1.00
2018.04.25 14:38:23.199,10.4182,10.41982,1.00,1.00
2018.04.25 14:38:23.402,10.41814,10.41975,1.00,1.00
2018.04.25 14:38:23.714,10.41812,10.41973,1.00,1.00
2018.04.25 14:38:24.024,10.41812,10.41959,1.00,1.00
2018.04.25 14:38:24.315,10.41814,10.41973,1.00,1.00
2018.04.25 14:38:26.179,10.41814,10.41978,1.00,1.00
2018.04.25 14:38:32.562,10.41814,10.41977,1.00,1.00
2018.04.25 14:38:33.695,10.41812,10.41977,1.00,1.00
2018.04.25 14:38:33.913,10.41812,10.41959,1.00,1.00
2018.04.25 14:38:35.673,10.41803,10.41959,1.00,1.00
2018.04.25 14:38:39.641,10.418,10.41959,1.00,1.00
2018.04.25 14:38:43.604,10.41805,10.41959,1.00,1.00
2018.04.25 14:38:46.179,10.41801,10.41959,1.00,1.00
2018.04.25 14:38:46.231,10.41808,10.41959,1.00,1.00
2018.04.25 14:38:46.677,10.41805,10.41959,1.00,1.00
2018.04.25 14:38:47.797,10.41805,10.41972,1.00,1.00
2018.04.25 14:38:48.190,10.41814,10.41982,1.00,1.50
2018.04.25 14:38:48.771,10.41816,10.41982,1.00,1.50
2018.04.25 14:38:50.324,10.41829,10.41982,1.00,1.50
2018.04.25 14:38:51.661,10.41829,10.41976,1.00,1.00
2018.04.25 14:38:51.712,10.41818,10.41976,1.00,1.00
2018.04.25 14:38:53.542,10.41818,10.41982,1.00,1.00
2018.04.25 14:38:59.683,10.41812,10.41969,1.00,1.00
2018.04.25 14:38:59.880,10.41804,10.41969,1.00,1.00
2018.04.25 14:38:59.994,10.41804,10.41959,1.00,1.00
2018.04.25 14:39:01.217,10.41812,10.41959,1.00,1.00
2018.04.25 14:39:08.289,10.41812,10.41974,1.00,1.00
2018.04.25 14:39:08.576,10.41814,10.41974,1.00,1.00
2018.04.25 14:39:08.889,10.41812,10.41959,1.00,1.00
2018.04.25 14:39:12.026,10.41812,10.41974,1.00,1.00
2018.04.25 14:39:12.299,10.41814,10.41974,1.00,1.00
2018.04.25 14:39:14.897,10.4182,10.41974,1.00,1.00
2018.04.25 14:39:15.368,10.4182,10.41982,1.00,1.00
2018.04.25 14:39:17.161,10.41816,10.41976,1.00,1.00
2018.04.25 14:39:17.678,10.41816,10.41975,1.00,1.00
2018.04.25 14:39:18.060,10.41821,10.41975,1.00,1.00
2018.04.25 14:39:20.183,10.41821,10.41974,1.00,1.00
2018.04.25 14:39:20.399,10.41821,10.41982,1.00,1.00
2018.04.25 14:39:21.148,10.4182,10.41982,1.00,1.50
2018.04.25 14:39:21.200,10.41818,10.41982,1.00,1.50
2018.04.25 14:39:21.256,10.41822,10.41982,1.00,1.50
2018.04.25 14:39:21.684,10.41821,10.41966,1.00,1.00
2018.04.25 14:39:21.736,10.41821,10.41977,1.00,1.00
2018.04.25 14:39:21.989,10.41813,10.41977,1.00,1.00
2018.04.25 14:39:22.091,10.41813,10.4196,1.00,1.00
2018.04.25 14:39:23.203,10.41814,10.41977,1.00,1.00
2018.04.25 14:39:23.633,10.41827,10.41977,1.00,1.00
2018.04.25 14:39:23.736,10.41827,10.41982,1.00,1.00
2018.04.25 14:39:24.237,10.41827,10.41978,1.00,1.00
2018.04.25 14:39:24.391,10.41827,10.41982,1.00,1.00
2018.04.25 14:39:26.184,10.41827,10.41978,1.00,1.00
2018.04.25 14:39:26.652,10.41817,10.41978,1.00,1.00
2018.04.25 14:39:27.388,10.41817,10.41982,1.00,1.00
2018.04.25 14:39:27.490,10.41817,10.41979,1.00,1.00
2018.04.25 14:39:30.031,10.41777,10.41935,1.00,1.00
2018.04.25 14:39:30.372,10.41697,10.4185,1.00,1.00
2018.04.25 14:39:30.424,10.41676,10.41835,1.00,1.00
2018.04.25 14:39:30.476,10.41676,10.41846,1.00,1.00
2018.04.25 14:39:30.528,10.41692,10.41857,1.00,1.00
2018.04.25 14:39:30.579,10.41694,10.4187,1.00,1.00
2018.04.25 14:39:30.631,10.41698,10.4187,1.00,1.00
2018.04.25 14:39:31.217,10.41697,10.4187,1.00,1.00
2018.04.25 14:39:31.783,10.41701,10.4187,1.00,1.00
2018.04.25 14:39:32.563,10.41701,10.41876,1.00,1.00
2018.04.25 14:39:32.666,10.41707,10.41876,1.00,1.00
2018.04.25 14:39:33.068,10.41707,10.41864,1.00,1.00
2018.04.25 14:39:33.120,10.41718,10.41881,1.00,1.00
2018.04.25 14:39:33.611,10.41718,10.41888,1.00,1.00
2018.04.25 14:39:33.665,10.41723,10.41888,1.50,1.00
2018.04.25 14:39:34.677,10.41723,10.41887,1.00,1.00
2018.04.25 14:39:35.158,10.41718,10.41888,1.50,1.50
2018.04.25 14:39:35.417,10.41728,10.41888,1.00,1.00
2018.04.25 14:39:35.521,10.41718,10.41888,1.00,1.00
2018.04.25 14:39:36.001,10.41721,10.41892,1.00,1.00
2018.04.25 14:39:36.052,10.41723,10.41899,1.00,1.00
2018.04.25 14:39:36.154,10.41741,10.41909,1.00,1.00
2018.04.25 14:39:36.256,10.41742,10.41918,1.00,1.00
2018.04.25 14:39:36.308,10.41749,10.41925,1.00,1.37
2018.04.25 14:39:36.668,10.41766,10.41942,1.00,1.00
2018.04.25 14:39:36.812,10.4177,10.41946,1.00,1.00
2018.04.25 14:39:37.560,10.4177,10.41934,1.00,1.00
2018.04.25 14:39:38.504,10.41777,10.41953,1.00,1.00
2018.04.25 14:39:38.556,10.41765,10.41935,1.00,1.00
2018.04.25 14:39:38.661,10.4178,10.41958,1.00,1.00
2018.04.25 14:39:39.399,10.41789,10.41957,1.00,1.00
2018.04.25 14:39:43.709,10.4178,10.41955,1.00,1.00
2018.04.25 14:39:43.760,10.41763,10.41939,1.00,1.00
2018.04.25 14:39:43.937,10.41766,10.41934,1.00,1.00
2018.04.25 14:39:45.686,10.41766,10.41932,1.00,1.00
2018.04.25 14:39:47.566,10.41766,10.41934,1.00,1.00
2018.04.25 14:39:48.083,10.4176,10.41914,1.00,1.00
2018.04.25 14:39:48.642,10.41749,10.41914,1.00,1.00
2018.04.25 14:39:49.184,10.41752,10.41914,1.00,1.00
2018.04.25 14:39:49.668,10.41763,10.41914,1.00,1.00
2018.04.25 14:39:51.029,10.41757,10.41914,1.00,1.00
2018.04.25 14:39:51.291,10.41765,10.41914,1.00,1.00
2018.04.25 14:39:53.334,10.41751,10.41914,1.00,1.00
2018.04.25 14:39:54.178,10.41766,10.41914,1.00,1.00
2018.04.25 14:39:55.225,10.41747,10.41914,1.00,1.00
2018.04.25 14:39:55.669,10.41756,10.41914,1.00,1.00
2018.04.25 14:39:56.152,10.41751,10.41914,1.00,1.00
2018.04.25 14:39:56.203,10.41756,10.41914,1.00,1.00
2018.04.25 14:39:57.653,10.41747,10.41914,1.00,1.00
2018.04.25 14:40:02.595,10.41753,10.41914,1.00,1.00
2018.04.25 14:40:06.026,10.41752,10.41914,1.00,1.00
2018.04.25 14:40:07.759,10.41764,10.41914,1.00,1.00
2018.04.25 14:40:17.562,10.41759,10.41914,1.00,1.00
2018.04.25 14:40:18.215,10.41769,10.41914,1.00,1.00
2018.04.25 14:40:18.267,10.41757,10.41914,1.00,1.00
2018.04.25 14:40:18.679,10.41752,10.41914,1.00,1.00
2018.04.25 14:40:19.176,10.41746,10.41919,1.00,1.00
2018.04.25 14:40:19.227,10.41754,10.41922,1.00,1.50
2018.04.25 14:40:19.279,10.41744,10.41918,1.00,1.00
2018.04.25 14:40:19.458,10.41753,10.41922,1.00,1.00
2018.04.25 14:40:19.673,10.41744,10.41916,1.00,1.00
2018.04.25 14:40:19.776,10.41744,10.419,1.00,1.00
2018.04.25 14:40:20.140,10.41765,10.419,1.00,1.00
2018.04.25 14:40:20.484,10.41786,10.419,1.00,1.00
2018.04.25 14:40:20.693,10.4174,10.419,1.00,1.00
2018.04.25 14:40:21.006,10.41735,10.419,1.00,1.00
2018.04.25 14:40:23.644,10.41746,10.419,1.00,1.00
2018.04.25 14:40:23.695,10.41734,10.419,1.00,1.00
2018.04.25 14:40:23.974,10.41732,10.419,1.00,1.00
2018.04.25 14:40:25.723,10.41737,10.419,1.00,1.00
2018.04.25 14:40:26.030,10.41743,10.419,1.50,1.00
2018.04.25 14:40:26.679,10.41732,10.419,1.00,1.00
2018.04.25 14:40:27.801,10.41736,10.419,1.00,1.00
2018.04.25 14:40:28.208,10.41756,10.419,1.00,1.00
2018.04.25 14:40:28.650,10.41746,10.419,1.00,1.00
2018.04.25 14:40:31.178,10.41756,10.419,1.00,1.00
2018.04.25 14:40:33.611,10.41746,10.419,1.00,1.00
2018.04.25 14:40:39.882,10.41756,10.419,1.00,1.00
2018.04.25 14:40:40.685,10.41746,10.419,1.00,1.00
2018.04.25 14:40:41.431,10.41742,10.419,1.00,1.00
2018.04.25 14:40:42.830,10.41746,10.419,1.00,1.00
2018.04.25 14:40:46.163,10.41736,10.41895,1.00,1.00
2018.04.25 14:40:46.557,10.41736,10.41875,1.00,1.00
2018.04.25 14:40:47.342,10.41736,10.41895,1.00,1.00
2018.04.25 14:40:47.394,10.41737,10.41897,1.00,1.00
2018.04.25 14:40:47.496,10.41742,10.41897,1.00,1.00
2018.04.25 14:40:48.001,10.41749,10.41897,1.00,1.00
2018.04.25 14:40:48.206,10.41762,10.41929,1.00,1.00
2018.04.25 14:40:48.257,10.41756,10.41928,1.00,1.00
2018.04.25 14:40:48.386,10.41764,10.41932,1.50,1.00
2018.04.25 14:40:48.693,10.41756,10.41924,1.00,1.50
2018.04.25 14:40:49.006,10.41756,10.4192,1.00,1.00
2018.04.25 14:40:49.656,10.41752,10.4192,1.00,1.00
2018.04.25 14:40:51.042,10.41748,10.41897,1.00,1.00
2018.04.25 14:40:51.642,10.41738,10.41897,1.00,1.00
2018.04.25 14:40:51.694,10.41756,10.41897,1.00,1.00
2018.04.25 14:40:52.740,10.41745,10.41897,1.00,1.00
2018.04.25 14:40:53.838,10.41738,10.41897,1.00,1.00
2018.04.25 14:40:54.643,10.41737,10.41897,1.00,1.00
2018.04.25 14:40:55.169,10.41731,10.41897,1.00,1.00
2018.04.25 14:40:55.801,10.41736,10.41897,1.00,1.00
2018.04.25 14:40:55.910,10.41731,10.41897,1.00,1.00
2018.04.25 14:40:56.116,10.41731,10.41895,1.00,1.00
2018.04.25 14:40:56.438,10.41731,10.41875,1.00,1.00
2018.04.25 14:40:57.411,10.41731,10.41897,1.00,1.00
2018.04.25 14:40:57.798,10.41726,10.41875,1.00,1.00
2018.04.25 14:40:57.850,10.41729,10.41897,1.00,1.00
2018.04.25 14:40:58.055,10.41726,10.41875,1.00,1.00
2018.04.25 14:40:58.893,10.41729,10.41897,1.00,1.00
2018.04.25 14:40:58.945,10.41726,10.41876,1.00,1.00
2018.04.25 14:40:59.248,10.41744,10.41897,1.00,1.00
2018.04.25 14:40:59.787,10.41745,10.41897,1.00,1.00
2018.04.25 14:41:02.544,10.41743,10.41897,1.00,1.00
2018.04.25 14:41:03.150,10.41739,10.41897,1.00,1.00
2018.04.25 14:41:05.657,10.41736,10.41897,1.00,1.00
2018.04.25 14:41:06.029,10.41739,10.41897,1.00,1.00
2018.04.25 14:41:07.179,10.41745,10.41897,1.50,1.00
2018.04.25 14:41:11.633,10.41749,10.41897,1.00,1.00
2018.04.25 14:41:11.684,10.4174,10.419,1.00,1.00
2018.04.25 14:41:12.187,10.4174,10.41916,1.00,1.00
2018.04.25 14:41:12.240,10.41751,10.41927,1.50,1.00
2018.04.25 14:41:12.545,10.41754,10.41922,1.00,1.00
2018.04.25 14:41:15.152,10.41769,10.41945,1.00,1.50
2018.04.25 14:41:15.310,10.41769,10.41922,1.00,1.00
2018.04.25 14:41:15.505,10.41769,10.41945,1.00,1.50
2018.04.25 14:41:15.761,10.41757,10.41922,1.00,1.00
2018.04.25 14:41:16.736,10.41772,10.41948,1.00,1.00
2018.04.25 14:41:16.940,10.41777,10.41945,1.00,1.00
2018.04.25 14:41:17.243,10.41767,10.41923,1.00,1.00
2018.04.25 14:41:25.199,10.41745,10.41919,1.00,1.00
2018.04.25 14:41:25.303,10.41745,10.41914,1.00,1.00
2018.04.25 14:41:25.354,10.4173,10.41908,1.00,1.00
2018.04.25 14:41:25.406,10.4173,10.41912,1.00,1.00
2018.04.25 14:41:25.561,10.41726,10.41883,1.00,1.50
2018.04.25 14:41:26.671,10.41733,10.41897,1.00,1.00
2018.04.25 14:41:26.773,10.41739,10.41897,1.00,1.00
2018.04.25 14:41:27.216,10.41746,10.41897,1.00,1.00
2018.04.25 14:41:27.891,10.41743,10.41897,1.00,1.00
2018.04.25 14:41:30.006,10.41746,10.41897,1.00,1.00
2018.04.25 14:41:30.058,10.41743,10.41897,1.00,1.00
2018.04.25 14:41:30.988,10.41729,10.41897,1.50,1.00
2018.04.25 14:41:31.186,10.41743,10.41897,1.00,1.00
2018.04.25 14:41:31.546,10.41731,10.41897,1.00,1.00
2018.04.25 14:41:32.559,10.41739,10.41897,1.00,1.00
2018.04.25 14:41:33.763,10.41729,10.41897,1.00,1.00
2018.04.25 14:41:34.307,10.41738,10.41897,1.00,1.00
2018.04.25 14:41:36.022,10.41736,10.41897,1.00,1.00
2018.04.25 14:41:39.150,10.41746,10.41897,1.00,1.00
2018.04.25 14:41:39.406,10.41733,10.41897,1.00,1.00
2018.04.25 14:41:42.890,10.41746,10.41897,1.00,1.00
2018.04.25 14:41:42.993,10.41733,10.41897,1.00,1.00
2018.04.25 14:41:43.146,10.41744,10.41897,1.00,1.00
2018.04.25 14:41:43.544,10.41752,10.41897,1.00,1.00
2018.04.25 14:41:43.596,10.41738,10.41897,1.00,1.00
2018.04.25 14:41:43.648,10.41731,10.41897,1.00,1.00
2018.04.25 14:41:44.243,10.41729,10.41897,1.00,1.00
2018.04.25 14:41:44.833,10.41736,10.41897,1.00,1.00
2018.04.25 14:41:46.078,10.41746,10.41897,1.00,1.00
2018.04.25 14:41:48.492,10.4174,10.41897,1.00,1.00
2018.04.25 14:41:49.914,10.41746,10.41897,1.00,1.00
2018.04.25 14:41:50.224,10.4174,10.41897,1.00,1.00
2018.04.25 14:41:51.057,10.41738,10.41897,1.00,1.00
2018.04.25 14:41:52.053,10.41729,10.41897,1.00,1.00
2018.04.25 14:41:52.104,10.41726,10.41895,1.00,1.00
2018.04.25 14:41:52.156,10.41746,10.41897,1.00,1.00
2018.04.25 14:41:52.595,10.41756,10.41897,1.00,1.00
2018.04.25 14:41:53.028,10.41731,10.41897,1.00,1.00
2018.04.25 14:41:53.440,10.41736,10.41897,1.00,1.00
2018.04.25 14:41:53.865,10.41742,10.41897,1.00,1.00
2018.04.25 14:41:54.171,10.41746,10.41897,1.00,1.00
2018.04.25 14:41:55.577,10.41742,10.41897,1.00,1.00
2018.04.25 14:41:58.154,10.41731,10.41897,1.00,1.00
2018.04.25 14:41:59.093,10.41736,10.41897,1.00,1.00
2018.04.25 14:42:02.544,10.41741,10.41897,1.00,1.00
2018.04.25 14:42:04.242,10.41744,10.41897,1.00,1.00
2018.04.25 14:42:06.052,10.41741,10.41897,1.50,1.00
2018.04.25 14:42:17.595,10.41746,10.41897,1.00,1.00
2018.04.25 14:42:18.500,10.41754,10.41897,1.00,1.00
2018.04.25 14:42:20.162,10.41755,10.41929,1.00,1.00
2018.04.25 14:42:20.572,10.41755,10.41922,1.00,1.00
2018.04.25 14:42:20.897,10.4176,10.41922,1.00,1.00
2018.04.25 14:42:26.622,10.41762,10.41922,1.00,1.00
2018.04.25 14:42:27.172,10.41765,10.41922,1.00,1.00
2018.04.25 14:42:27.643,10.4178,10.41922,1.00,1.00
2018.04.25 14:42:27.694,10.41765,10.41922,1.00,1.00
2018.04.25 14:42:28.177,10.41754,10.41922,1.00,1.50
2018.04.25 14:42:28.228,10.41746,10.41913,1.00,1.00
2018.04.25 14:42:28.280,10.41749,10.41917,1.00,1.00
2018.04.25 14:42:28.512,10.41746,10.41913,1.00,1.00
2018.04.25 14:42:28.826,10.41759,10.41917,1.00,1.00
2018.04.25 14:42:29.237,10.41749,10.41917,1.50,1.00
2018.04.25 14:42:32.561,10.41752,10.41917,1.00,1.00
2018.04.25 14:42:32.685,10.41742,10.41911,1.00,1.00
2018.04.25 14:42:32.897,10.41742,10.41894,1.00,1.00
2018.04.25 14:42:33.271,10.41746,10.41894,1.00,1.00
2018.04.25 14:42:36.011,10.41739,10.41894,1.00,1.00
2018.04.25 14:42:41.177,10.41734,10.41894,1.00,1.00
2018.04.25 14:42:46.193,10.41719,10.4189,1.00,1.00
2018.04.25 14:42:46.244,10.41716,10.41891,1.00,1.00
2018.04.25 14:42:46.398,10.41713,10.41891,1.00,1.50
2018.04.25 14:42:46.574,10.41723,10.41872,1.00,1.00
2018.04.25 14:42:47.315,10.41711,10.41872,1.00,1.00
2018.04.25 14:42:51.038,10.41713,10.41872,1.00,1.00
2018.04.25 14:42:53.680,10.41716,10.41872,1.00,1.00
2018.04.25 14:42:53.733,10.41724,10.419,1.00,1.50
2018.04.25 14:42:53.998,10.41726,10.41894,1.00,1.00
2018.04.25 14:42:54.499,10.41724,10.41872,1.00,1.00
2018.04.25 14:42:55.129,10.41716,10.41872,1.00,1.00
2018.04.25 14:42:55.598,10.41726,10.41894,1.00,1.00
2018.04.25 14:42:55.651,10.4174,10.41894,1.00,1.00
2018.04.25 14:42:55.970,10.41743,10.41894,1.50,1.00
2018.04.25 14:43:02.594,10.41744,10.41894,1.00,1.00
2018.04.25 14:43:06.005,10.41747,10.41894,1.00,1.00
2018.04.25 14:43:09.238,10.41741,10.41894,1.00,1.00
2018.04.25 14:43:12.371,10.41733,10.41894,1.00,1.00
2018.04.25 14:43:12.422,10.41727,10.41894,1.00,1.50
2018.04.25 14:43:12.524,10.41719,10.4188,1.00,1.00
2018.04.25 14:43:12.977,10.41719,10.41869,1.00,1.00
2018.04.25 14:43:14.990,10.41686,10.41843,1.00,1.00
2018.04.25 14:43:15.428,10.41673,10.41836,1.00,1.00
2018.04.25 14:43:16.098,10.41673,10.41835,1.00,1.00
2018.04.25 14:43:16.543,10.41673,10.41824,1.00,1.00
2018.04.25 14:43:18.121,10.41688,10.41847,1.00,1.00
2018.04.25 14:43:18.173,10.41707,10.41847,1.00,1.00
2018.04.25 14:43:21.006,10.41709,10.41847,1.00,1.00
2018.04.25 14:43:21.639,10.41709,10.41864,1.00,1.00
2018.04.25 14:43:21.853,10.41711,10.41864,1.00,1.00
2018.04.25 14:43:22.195,10.41724,10.41866,1.00,1.00
2018.04.25 14:43:22.451,10.41736,10.41911,1.50,1.00
2018.04.25 14:43:22.503,10.41751,10.41914,1.35,1.00
2018.04.25 14:43:22.814,10.41771,10.41934,1.00,1.00
2018.04.25 14:43:23.018,10.41766,10.41934,1.00,1.00
2018.04.25 14:43:23.893,10.41766,10.41939,1.00,1.00
2018.04.25 14:43:24.200,10.41766,10.41916,1.00,1.00
2018.04.25 14:43:25.125,10.41779,10.41916,1.00,1.00
2018.04.25 14:43:27.642,10.41766,10.41916,1.00,1.00
2018.04.25 14:43:30.165,10.41756,10.41916,1.00,1.00
2018.04.25 14:43:30.415,10.4177,10.41916,1.00,1.00
2018.04.25 14:43:32.615,10.41768,10.41916,1.00,1.00
2018.04.25 14:43:33.553,10.41778,10.41916,1.00,1.00
2018.04.25 14:43:36.205,10.4178,10.41916,1.00,1.00
2018.04.25 14:43:37.072,10.41784,10.41916,1.00,1.00
2018.04.25 14:43:43.171,10.41766,10.41916,1.00,1.00
2018.04.25 14:43:43.224,10.41761,10.41916,1.00,1.00
2018.04.25 14:43:47.567,10.4177,10.41916,1.00,1.00
2018.04.25 14:43:49.596,10.41773,10.41916,1.00,1.00
2018.04.25 14:43:50.377,10.41799,10.41916,1.00,1.00
2018.04.25 14:43:50.430,10.41809,10.41957,1.00,1.00
2018.04.25 14:43:50.639,10.41819,10.41977,1.00,1.00
2018.04.25 14:43:50.691,10.41804,10.41979,1.00,1.00
2018.04.25 14:43:50.796,10.41829,10.41993,1.00,1.00
2018.04.25 14:43:51.104,10.41845,10.42003,1.00,1.00
2018.04.25 14:43:51.482,10.41845,10.42014,1.00,1.50
2018.04.25 14:43:52.002,10.41845,10.42013,1.00,1.00
2018.04.25 14:43:52.667,10.41828,10.41966,1.00,1.00
2018.04.25 14:43:57.130,10.41817,10.41966,1.00,1.00
2018.04.25 14:43:57.501,10.41805,10.41966,1.00,1.00
2018.04.25 14:43:57.657,10.41816,10.41966,1.00,1.00
2018.04.25 14:43:58.180,10.41819,10.41966,1.00,1.00
2018.04.25 14:44:03.175,10.41823,10.41966,1.00,1.00
2018.04.25 14:44:03.226,10.41819,10.41966,1.00,1.00
2018.04.25 14:44:03.332,10.41796,10.41957,1.00,1.00
2018.04.25 14:44:03.384,10.41787,10.41957,1.00,1.00
2018.04.25 14:44:03.435,10.41793,10.41962,1.00,1.00
2018.04.25 14:44:04.010,10.41793,10.41939,1.00,1.00
2018.04.25 14:44:06.026,10.41788,10.41939,1.00,1.00
2018.04.25 14:44:06.272,10.41782,10.41939,1.00,1.00
2018.04.25 14:44:10.778,10.41782,10.41935,1.00,1.00
2018.04.25 14:44:11.154,10.41782,10.41917,1.00,1.00
2018.04.25 14:44:11.259,10.41777,10.41917,1.00,1.00
2018.04.25 14:44:11.610,10.41771,10.41917,1.00,1.00
2018.04.25 14:44:12.131,10.41767,10.41917,1.00,1.00
2018.04.25 14:44:12.182,10.41759,10.41917,1.00,1.00
2018.04.25 14:44:12.653,10.41754,10.41918,1.00,1.00
2018.04.25 14:44:13.272,10.41754,10.41894,1.00,1.00
2018.04.25 14:44:13.608,10.41739,10.41894,1.00,1.00
2018.04.25 14:44:13.660,10.41737,10.41898,1.00,1.00
2018.04.25 14:44:13.713,10.41737,10.41881,1.00,1.00
2018.04.25 14:44:13.818,10.41701,10.41867,1.00,1.00
2018.04.25 14:44:13.871,10.41697,10.41866,1.00,1.00
2018.04.25 14:44:13.975,10.41691,10.41862,1.00,1.00
2018.04.25 14:44:14.137,10.41706,10.41867,1.00,1.00
2018.04.25 14:44:14.347,10.41706,10.41871,1.00,1.00
2018.04.25 14:44:14.398,10.41706,10.4188,1.00,1.50
2018.04.25 14:44:15.091,10.41706,10.41867,1.00,1.00
2018.04.25 14:44:15.197,10.41706,10.41871,1.00,1.00
2018.04.25 14:44:16.341,10.41714,10.41871,1.00,1.00
2018.04.25 14:44:17.544,10.41722,10.41871,1.00,1.00
2018.04.25 14:44:18.920,10.41722,10.41898,1.00,1.00
2018.04.25 14:44:18.975,10.41726,10.41909,1.50,1.00
2018.04.25 14:44:19.232,10.41726,10.41895,1.50,1.00
2018.04.25 14:44:19.698,10.41738,10.41895,1.00,1.00
2018.04.25 14:44:21.025,10.41746,10.41895,1.00,1.00
2018.04.25 14:44:21.469,10.41751,10.41895,1.00,1.00
2018.04.25 14:44:23.181,10.41751,10.41928,1.00,1.00
2018.04.25 14:44:23.515,10.41751,10.41916,1.00,1.00
2018.04.25 14:44:24.909,10.41748,10.41916,1.00,1.00
2018.04.25 14:44:24.961,10.41747,10.41907,1.00,1.00
2018.04.25 14:44:25.262,10.41747,10.41891,1.00,1.00
2018.04.25 14:44:28.180,10.41713,10.41881,1.00,1.00
2018.04.25 14:44:28.379,10.41672,10.41843,1.00,1.00
2018.04.25 14:44:28.928,10.41703,10.4187,1.00,1.00
2018.04.25 14:44:29.198,10.41708,10.4187,1.00,1.00
2018.04.25 14:44:29.683,10.41703,10.4187,1.50,1.00
2018.04.25 14:44:30.146,10.41705,10.4187,1.00,1.00
2018.04.25 14:44:30.667,10.41703,10.4187,1.00,1.00
2018.04.25 14:44:31.195,10.41706,10.4187,1.00,1.00
2018.04.25 14:44:31.658,10.41703,10.4187,1.00,1.00
2018.04.25 14:44:31.710,10.41706,10.4187,1.00,1.00
2018.04.25 14:44:33.684,10.41696,10.41863,1.00,1.00
2018.04.25 14:44:34.181,10.41695,10.41844,1.00,1.00
2018.04.25 14:44:35.012,10.41694,10.41844,1.50,1.00
2018.04.25 14:44:36.008,10.41697,10.41844,1.00,1.00
2018.04.25 14:44:36.175,10.4169,10.41844,1.00,1.00
2018.04.25 14:44:38.383,10.41694,10.41844,1.00,1.00
2018.04.25 14:44:38.725,10.41697,10.41844,1.00,1.00
2018.04.25 14:44:39.678,10.4169,10.41844,1.00,1.00
2018.04.25 14:44:41.295,10.41691,10.41844,1.00,1.00
2018.04.25 14:44:41.397,10.41696,10.41844,1.00,1.00
2018.04.25 14:44:41.972,10.41695,10.41844,1.00,1.00
2018.04.25 14:44:42.024,10.41693,10.41844,1.00,1.00
2018.04.25 14:44:44.307,10.41692,10.41844,1.00,1.00
2018.04.25 14:44:44.973,10.41691,10.41844,1.00,1.00
2018.04.25 14:44:45.508,10.4169,10.41844,1.00,1.00
2018.04.25 14:44:46.645,10.41687,10.41844,1.50,1.00
2018.04.25 14:44:47.126,10.41691,10.41844,1.00,1.00
2018.04.25 14:44:49.583,10.41687,10.41844,1.00,1.00
2018.04.25 14:44:52.136,10.41685,10.4184,1.00,1.00
2018.04.25 14:44:52.377,10.41705,10.41882,1.00,1.00
2018.04.25 14:44:52.686,10.41727,10.41866,1.00,1.00
2018.04.25 14:44:52.737,10.41725,10.41866,1.00,1.00
2018.04.25 14:44:56.171,10.41715,10.41866,1.00,1.00
2018.04.25 14:44:56.620,10.41728,10.41866,1.00,1.00
2018.04.25 14:44:56.672,10.41736,10.41909,1.00,1.00
2018.04.25 14:44:56.878,10.4174,10.41938,1.35,1.00
2018.04.25 14:44:56.930,10.4174,10.41938,1.60,1.00
2018.04.25 14:44:57.033,10.4174,10.41938,1.60,1.00
2018.04.25 14:44:57.178,10.41768,10.41894,1.00,1.00
2018.04.25 14:44:57.230,10.4174,10.41938,1.60,1.00
2018.04.25 14:44:57.282,10.4174,10.41938,1.60,1.00
2018.04.25 14:44:57.334,10.41752,10.41936,1.00,1.00
2018.04.25 14:44:57.643,10.41748,10.41938,1.00,1.00
2018.04.25 14:44:57.811,10.41769,10.41938,1.00,1.00
2018.04.25 14:44:57.998,10.41748,10.41936,1.00,1.00
2018.04.25 14:44:58.152,10.41746,10.41924,1.00,1.50
2018.04.25 14:44:58.482,10.41748,10.41916,1.00,1.00
2018.04.25 14:44:58.812,10.41754,10.41916,1.00,1.00
2018.04.25 14:44:59.179,10.41748,10.41916,1.00,1.00
2018.04.25 14:44:59.282,10.41729,10.41889,1.00,1.00
2018.04.25 14:44:59.334,10.41733,10.41899,1.00,1.00
2018.04.25 14:44:59.386,10.41738,10.41889,1.00,1.00
2018.04.25 14:44:59.437,10.41738,10.41898,1.00,1.00
2018.04.25 14:44:59.550,10.41738,10.41889,1.00,1.00
2018.04.25 14:44:59.853,10.41725,10.41893,1.00,1.00
2018.04.25 14:45:00.430,10.41719,10.41893,1.00,1.00
2018.04.25 14:45:00.689,10.41719,10.41866,1.00,1.00
2018.04.25 14:45:01.236,10.41699,10.41867,1.00,1.00
2018.04.25 14:45:01.879,10.41699,10.41866,1.00,1.00
2018.04.25 14:45:02.191,10.41699,10.41863,1.00,1.00
2018.04.25 14:45:02.242,10.41699,10.41866,1.00,1.00
2018.04.25 14:45:02.778,10.41698,10.41866,1.50,1.50
2018.04.25 14:45:03.169,10.41698,10.41861,1.00,1.00
2018.04.25 14:45:03.220,10.41698,10.41866,1.50,1.00
2018.04.25 14:45:03.688,10.41698,10.41861,1.00,1.00
2018.04.25 14:45:03.997,10.41698,10.41844,1.00,1.00
2018.04.25 14:45:06.025,10.417,10.41844,1.00,1.00
2018.04.25 14:45:11.172,10.41696,10.41844,1.00,1.00
2018.04.25 14:45:17.546,10.41694,10.41844,1.00,1.00
2018.04.25 14:45:21.041,10.41695,10.41844,1.00,1.00
2018.04.25 14:45:22.284,10.41697,10.41844,1.00,1.00
2018.04.25 14:45:23.644,10.41688,10.41844,1.00,1.00
2018.04.25 14:45:23.798,10.41696,10.41844,1.00,1.00
2018.04.25 14:45:24.187,10.4169,10.41844,1.00,1.00
2018.04.25 14:45:24.391,10.41696,10.41844,1.00,1.00
2018.04.25 14:45:25.166,10.41689,10.41844,1.00,1.00
2018.04.25 14:45:25.468,10.41696,10.41844,1.00,1.00
2018.04.25 14:45:30.088,10.41694,10.41844,1.00,1.00
2018.04.25 14:45:32.579,10.41697,10.41844,1.00,1.00
2018.04.25 14:45:47.573,10.41695,10.41844,1.00,1.00
2018.04.25 14:45:50.600,10.41708,10.41844,1.00,1.00
2018.04.25 14:45:50.652,10.41696,10.41844,1.00,1.00
2018.04.25 14:45:50.937,10.41693,10.41844,1.00,1.00
2018.04.25 14:45:51.039,10.41695,10.41844,1.00,1.00
2018.04.25 14:45:58.932,10.41717,10.41879,1.00,1.00
2018.04.25 14:45:58.983,10.4172,10.41884,1.00,1.00
2018.04.25 14:45:59.257,10.41731,10.41884,1.00,1.00
2018.04.25 14:45:59.413,10.41731,10.41896,1.00,1.00
2018.04.25 14:45:59.952,10.41731,10.41897,1.00,1.00
2018.04.25 14:46:00.648,10.41731,10.41894,1.00,1.00
2018.04.25 14:46:01.231,10.41731,10.41871,1.00,1.00
2018.04.25 14:46:02.547,10.41722,10.41871,1.00,1.00
2018.04.25 14:46:03.144,10.4172,10.41871,1.00,1.00
2018.04.25 14:46:06.006,10.41721,10.41871,1.00,1.00
2018.04.25 14:46:08.235,10.41739,10.41907,1.00,1.00
2018.04.25 14:46:08.536,10.41739,10.41894,1.00,1.00
2018.04.25 14:46:08.849,10.41753,10.41894,1.00,1.00
2018.04.25 14:46:09.049,10.41763,10.41928,1.00,1.00
2018.04.25 14:46:09.101,10.41773,10.41928,1.00,1.00
2018.04.25 14:46:09.154,10.41762,10.41928,1.00,1.00
2018.04.25 14:46:09.466,10.41774,10.41941,1.00,1.00
2018.04.25 14:46:09.598,10.41794,10.41951,1.00,1.00
2018.04.25 14:46:09.649,10.41794,10.4196,1.00,1.00
2018.04.25 14:46:09.701,10.41794,10.41954,1.00,1.00
2018.04.25 14:46:11.041,10.41794,10.41944,1.00,1.00
2018.04.25 14:46:17.594,10.41788,10.41944,1.00,1.00
2018.04.25 14:46:19.401,10.4179,10.41944,1.00,1.00
2018.04.25 14:46:19.947,10.41791,10.41944,1.00,1.00
2018.04.25 14:46:29.667,10.41792,10.41944,1.00,1.00
2018.04.25 14:46:30.173,10.41791,10.41944,1.00,1.00
2018.04.25 14:46:36.316,10.41782,10.41944,1.00,1.00
2018.04.25 14:46:37.323,10.41807,10.41944,1.00,1.00
2018.04.25 14:46:37.585,10.41784,10.41944,1.00,1.00
2018.04.25 14:46:38.554,10.418,10.41944,1.00,1.00
2018.04.25 14:46:38.606,10.41795,10.41944,1.00,1.00
2018.04.25 14:46:38.715,10.41812,10.41979,1.00,1.00
2018.04.25 14:46:38.941,10.41817,10.41983,1.00,1.00
2018.04.25 14:46:39.271,10.41817,10.41964,1.00,1.00
2018.04.25 14:46:39.579,10.41831,10.41964,1.00,1.00
2018.04.25 14:46:42.482,10.41839,10.41964,1.00,1.00
2018.04.25 14:46:47.455,10.41831,10.41984,1.00,1.00
2018.04.25 14:46:47.557,10.41831,10.41964,1.00,1.00
2018.04.25 14:46:47.712,10.41817,10.41964,1.00,1.50
2018.04.25 14:46:48.227,10.4182,10.41964,1.00,1.50
2018.04.25 14:46:49.409,10.41816,10.41964,1.00,1.00
2018.04.25 14:46:50.154,10.41816,10.41961,1.00,1.00
2018.04.25 14:46:50.229,10.41816,10.41964,1.00,1.00
2018.04.25 14:46:50.933,10.41816,10.4196,1.00,1.00
2018.04.25 14:46:51.237,10.41816,10.41942,1.00,1.00
2018.04.25 14:46:51.395,10.41816,10.41964,1.00,1.00
2018.04.25 14:46:52.103,10.41831,10.41964,1.00,1.00
2018.04.25 14:46:52.619,10.41832,10.41964,1.00,1.00
2018.04.25 14:46:53.954,10.41819,10.41964,1.00,1.50
2018.04.25 14:46:54.006,10.41819,10.4196,1.00,1.00
2018.04.25 14:46:54.057,10.41817,10.41964,1.00,1.00
2018.04.25 14:46:54.108,10.41817,10.4196,1.00,1.00
2018.04.25 14:46:54.421,10.41817,10.41942,1.00,1.00
2018.04.25 14:46:55.600,10.41803,10.41942,1.00,1.00
2018.04.25 14:46:56.297,10.41803,10.41954,1.00,1.00
2018.04.25 14:46:56.457,10.41803,10.41964,1.00,1.50
2018.04.25 14:46:57.139,10.41803,10.41942,1.00,1.00
2018.04.25 14:46:57.846,10.41805,10.41942,1.00,1.00
2018.04.25 14:47:00.443,10.41827,10.41942,1.00,1.00
2018.04.25 14:47:01.639,10.41813,10.41942,1.00,1.00
2018.04.25 14:47:01.828,10.41813,10.41974,1.00,1.00
2018.04.25 14:47:01.880,10.41813,10.41964,1.00,1.50
2018.04.25 14:47:01.983,10.41806,10.41964,1.00,1.50
2018.04.25 14:47:02.196,10.41806,10.41954,1.00,1.00
2018.04.25 14:47:02.541,10.41806,10.41942,1.00,1.00
2018.04.25 14:47:02.715,10.41798,10.41942,1.00,1.00
2018.04.25 14:47:12.967,10.4181,10.41942,1.00,1.00
2018.04.25 14:47:15.387,10.41797,10.41942,1.00,1.00
2018.04.25 14:47:15.956,10.41809,10.41942,1.00,1.00
2018.04.25 14:47:16.643,10.41795,10.41942,1.00,1.00
2018.04.25 14:47:16.854,10.41838,10.41954,1.00,1.00
2018.04.25 14:47:16.905,10.41838,10.41966,1.00,1.00
2018.04.25 14:47:17.024,10.41834,10.41966,1.00,1.00
2018.04.25 14:47:17.076,10.41834,10.41996,1.00,1.00
2018.04.25 14:47:17.128,10.4185,10.41996,1.00,1.00
2018.04.25 14:47:17.442,10.4186,10.41996,1.00,1.00
2018.04.25 14:47:17.544,10.41857,10.41996,1.00,1.00
2018.04.25 14:47:17.596,10.41857,10.41988,1.00,1.00
2018.04.25 14:47:17.749,10.41857,10.42009,1.00,1.00
2018.04.25 14:47:17.801,10.41857,10.42011,1.00,1.00
2018.04.25 14:47:18.057,10.41857,10.42014,1.00,1.00
2018.04.25 14:47:18.109,10.41866,10.42024,1.00,1.00
2018.04.25 14:47:18.504,10.41879,10.42024,1.00,1.00
2018.04.25 14:47:18.555,10.41879,10.42035,1.00,1.00
2018.04.25 14:47:19.038,10.41872,10.42035,1.00,1.00
2018.04.25 14:47:19.143,10.41879,10.42041,1.00,1.00
2018.04.25 14:47:19.195,10.4188,10.42044,1.00,1.00
2018.04.25 14:47:19.399,10.41886,10.42044,1.00,1.00
2018.04.25 14:47:19.854,10.41894,10.42044,1.00,1.00
2018.04.25 14:47:20.225,10.419,10.42044,1.00,1.00
2018.04.25 14:47:20.557,10.419,10.42054,1.00,1.00
2018.04.25 14:47:20.659,10.41917,10.42054,1.00,1.00
2018.04.25 14:47:21.561,10.41917,10.42064,1.00,1.00
2018.04.25 14:47:23.054,10.41917,10.42065,1.00,1.00
2018.04.25 14:47:23.158,10.41917,10.42074,1.00,1.50
2018.04.25 14:47:25.814,10.41917,10.42063,1.00,1.00
2018.04.25 14:47:29.880,10.41917,10.42055,1.00,1.00
2018.04.25 14:47:31.087,10.41917,10.42063,1.00,1.00
2018.04.25 14:47:31.479,10.41923,10.42076,1.00,1.00
2018.04.25 14:47:31.853,10.41939,10.42074,1.00,1.00
2018.04.25 14:47:32.161,10.41939,10.42066,1.00,1.00
2018.04.25 14:47:32.388,10.41939,10.42074,1.00,1.50
2018.04.25 14:47:32.439,10.41939,10.42054,1.00,1.00
2018.04.25 14:47:32.590,10.41916,10.42054,1.00,1.00
2018.04.25 14:47:32.642,10.41916,10.42034,1.00,1.00
2018.04.25 14:47:34.036,10.41916,10.42054,1.00,1.00
2018.04.25 14:47:37.112,10.4193,10.42054,1.00,1.00
2018.04.25 14:47:37.163,10.4193,10.42064,1.00,1.00
2018.04.25 14:47:37.438,10.41945,10.42064,1.00,1.00
2018.04.25 14:47:40.951,10.41904,10.42054,1.00,1.00
2018.04.25 14:47:41.002,10.41943,10.42054,1.00,1.00
2018.04.25 14:47:41.055,10.41906,10.42054,1.00,1.00
2018.04.25 14:47:41.227,10.41943,10.42054,1.00,1.00
2018.04.25 14:47:41.334,10.41921,10.42034,1.00,1.00
2018.04.25 14:47:41.565,10.41921,10.42044,1.00,1.00
2018.04.25 14:47:41.862,10.41921,10.42054,1.00,1.00
2018.04.25 14:47:49.179,10.41921,10.42049,1.00,1.00
2018.04.25 14:47:50.415,10.41921,10.42045,1.00,1.00
2018.04.25 14:47:50.922,10.41921,10.42034,1.00,1.00
2018.04.25 14:47:51.602,10.41921,10.42044,1.00,1.00
2018.04.25 14:47:52.731,10.41921,10.42034,1.00,1.00
2018.04.25 14:47:54.789,10.41921,10.42024,1.00,1.00
2018.04.25 14:47:56.180,10.41921,10.42014,1.00,1.00
2018.04.25 14:47:58.306,10.41921,10.42004,1.00,1.00
2018.04.25 14:48:03.551,10.41921,10.42024,1.00,1.00
2018.04.25 14:48:04.707,10.41921,10.42014,1.00,1.00
2018.04.25 14:48:05.105,10.41921,10.42024,1.00,1.00
2018.04.25 14:48:05.582,10.41921,10.42015,1.00,1.00
2018.04.25 14:48:05.837,10.41921,10.42024,1.00,1.00
2018.04.25 14:48:09.177,10.41921,10.42034,1.00,1.00
2018.04.25 14:48:10.535,10.41921,10.42024,1.00,1.00
2018.04.25 14:48:11.179,10.41921,10.42034,1.00,1.00
2018.04.25 14:48:13.696,10.41921,10.42044,1.00,1.00
2018.04.25 14:48:15.053,10.41921,10.42034,1.00,1.00
2018.04.25 14:48:15.655,10.41921,10.42024,1.00,1.00
2018.04.25 14:48:16.170,10.41921,10.42014,1.00,1.00
2018.04.25 14:48:25.118,10.41921,10.42004,1.00,1.00
2018.04.25 14:48:26.924,10.41921,10.41994,1.00,1.00
2018.04.25 14:48:27.270,10.41903,10.41994,1.00,1.00
2018.04.25 14:48:27.373,10.41886,10.41994,1.00,1.00
2018.04.25 14:48:27.875,10.41878,10.41994,1.00,1.00
2018.04.25 14:48:27.927,10.41878,10.41984,1.00,1.00
2018.04.25 14:48:28.645,10.41878,10.41994,1.00,1.00
2018.04.25 14:48:28.748,10.4187,10.41994,1.00,1.00
2018.04.25 14:48:28.901,10.41858,10.41994,1.00,1.00
2018.04.25 14:48:29.104,10.41858,10.41974,1.00,1.00
2018.04.25 14:48:29.260,10.41858,10.41994,1.00,1.00
2018.04.25 14:48:30.030,10.41856,10.41994,1.00,1.00
2018.04.25 14:48:31.061,10.41881,10.41994,1.00,1.00
2018.04.25 14:48:31.114,10.41899,10.42025,1.00,1.00
2018.04.25 14:48:31.166,10.41913,10.42025,1.00,1.00
2018.04.25 14:48:31.218,10.41923,10.42045,1.00,1.00
2018.04.25 14:48:31.271,10.41932,10.42045,1.00,1.00
2018.04.25 14:48:31.582,10.41946,10.42045,1.00,1.00
2018.04.25 14:48:31.840,10.41939,10.42045,1.00,1.00
2018.04.25 14:48:32.208,10.41939,10.42054,1.00,1.00
2018.04.25 14:48:32.468,10.41942,10.42054,1.00,1.00
2018.04.25 14:48:32.776,10.41943,10.42045,1.00,1.00
2018.04.25 14:48:33.032,10.41946,10.42054,1.00,1.00
2018.04.25 14:48:33.755,10.41945,10.42054,1.00,1.00
2018.04.25 14:48:35.691,10.41934,10.42054,1.00,1.00
2018.04.25 14:48:35.836,10.41932,10.42054,1.00,1.00
2018.04.25 14:48:36.106,10.41935,10.42054,1.00,1.00
2018.04.25 14:48:36.412,10.41935,10.42044,1.00,1.00
2018.04.25 14:48:36.918,10.41928,10.42044,1.00,1.00
2018.04.25 14:48:37.527,10.41939,10.42044,1.00,1.00
2018.04.25 14:48:37.833,10.41939,10.42035,1.00,1.00
2018.04.25 14:48:38.147,10.41939,10.42044,1.00,1.00
2018.04.25 14:48:38.701,10.41939,10.42034,1.00,1.00
2018.04.25 14:48:39.210,10.41939,10.42044,1.00,1.00
2018.04.25 14:48:40.224,10.41924,10.42044,1.00,1.00
2018.04.25 14:48:40.326,10.41937,10.42034,1.00,1.00
2018.04.25 14:48:42.453,10.41937,10.42055,1.00,1.00
2018.04.25 14:48:42.951,10.41937,10.42071,1.00,1.00
2018.04.25 14:48:43.054,10.41947,10.42071,1.00,1.00
2018.04.25 14:48:43.158,10.4194,10.42074,1.00,1.00
2018.04.25 14:48:43.210,10.41972,10.42104,1.00,1.00
2018.04.25 14:48:43.314,10.41964,10.42104,1.00,1.00
2018.04.25 14:48:43.366,10.41994,10.42104,1.00,1.00
2018.04.25 14:48:43.669,10.42005,10.42094,1.00,1.00
2018.04.25 14:48:43.824,10.42005,10.42114,1.00,1.00
2018.04.25 14:48:43.928,10.41996,10.42114,1.00,1.00
2018.04.25 14:48:43.980,10.42008,10.42114,1.00,1.00
2018.04.25 14:48:44.501,10.42007,10.42114,1.00,1.00
2018.04.25 14:48:44.688,10.42004,10.42114,1.00,1.00
2018.04.25 14:48:47.100,10.42004,10.42095,1.00,1.00
2018.04.25 14:48:48.200,10.42004,10.42105,1.00,1.00
2018.04.25 14:48:48.405,10.42006,10.42105,1.00,1.00
2018.04.25 14:48:48.933,10.42008,10.42105,1.00,1.00
2018.04.25 14:48:49.242,10.42011,10.42105,1.00,1.00
2018.04.25 14:48:49.492,10.41991,10.42094,1.00,1.00
2018.04.25 14:48:49.543,10.42005,10.42094,1.00,1.00
2018.04.25 14:48:49.646,10.41996,10.42094,1.00,1.00
2018.04.25 14:48:49.698,10.42003,10.42094,1.00,1.00
2018.04.25 14:48:50.000,10.42009,10.42094,1.00,1.00
2018.04.25 14:48:50.052,10.4199,10.42094,1.00,1.00
2018.04.25 14:48:51.078,10.41991,10.42094,1.00,1.00
2018.04.25 14:48:51.838,10.42,10.42094,1.00,1.00
2018.04.25 14:48:52.856,10.42001,10.42094,1.00,1.00
2018.04.25 14:48:53.269,10.41999,10.42094,1.00,1.00
2018.04.25 14:48:53.321,10.41997,10.42094,1.00,1.00
2018.04.25 14:48:54.466,10.42001,10.42094,1.00,1.00
2018.04.25 14:48:57.132,10.42001,10.42104,1.00,1.00
2018.04.25 14:48:58.528,10.42001,10.42114,1.00,1.00
2018.04.25 14:49:00.686,10.42001,10.42105,1.00,1.00
2018.04.25 14:49:01.357,10.42001,10.42104,1.00,1.00
2018.04.25 14:49:01.661,10.42006,10.42114,1.00,1.00
2018.04.25 14:49:01.764,10.41993,10.42107,1.00,1.00
2018.04.25 14:49:01.867,10.41992,10.42114,1.00,1.00
2018.04.25 14:49:02.211,10.41981,10.42108,1.00,1.00
2018.04.25 14:49:02.902,10.41989,10.42108,1.00,1.00
2018.04.25 14:49:02.953,10.41983,10.42108,1.00,1.00
2018.04.25 14:49:03.172,10.41999,10.42108,1.00,1.00
2018.04.25 14:49:03.224,10.42001,10.42124,1.00,1.00
2018.04.25 14:49:03.379,10.42001,10.42094,1.00,1.00
2018.04.25 14:49:03.724,10.42015,10.42094,1.00,1.00
2018.04.25 14:49:03.775,10.42005,10.42094,1.00,1.00
2018.04.25 14:49:04.322,10.42004,10.42094,1.00,1.00
2018.04.25 14:49:04.987,10.42004,10.42084,1.00,1.00
2018.04.25 14:49:05.778,10.42004,10.42074,1.00,1.00
2018.04.25 14:49:06.077,10.42011,10.42167,1.00,1.00
2018.04.25 14:49:06.128,10.4204,10.42179,1.00,1.00
2018.04.25 14:49:06.179,10.42055,10.42195,1.00,1.00
2018.04.25 14:49:06.231,10.42076,10.4221,1.00,1.00
2018.04.25 14:49:06.332,10.42074,10.42227,1.00,1.00
2018.04.25 14:49:06.384,10.42095,10.42238,1.00,1.00
2018.04.25 14:49:06.589,10.4211,10.42257,1.00,1.00
2018.04.25 14:49:06.641,10.42129,10.42264,1.00,1.50
2018.04.25 14:49:06.746,10.42118,10.42264,1.00,1.00
2018.04.25 14:49:06.797,10.4214,10.42284,1.00,1.00
2018.04.25 14:49:07.103,10.42181,10.42314,1.00,1.00
2018.04.25 14:49:07.155,10.42187,10.42328,1.00,1.00
2018.04.25 14:49:07.207,10.4219,10.4233,1.00,1.00
2018.04.25 14:49:07.965,10.42197,10.4233,1.00,1.00
2018.04.25 14:49:08.275,10.42201,10.4233,1.00,1.00
2018.04.25 14:49:08.673,10.4219,10.42319,1.00,1.00
2018.04.25 14:49:08.879,10.42196,10.42329,1.00,1.00
2018.04.25 14:49:09.034,10.42192,10.42329,1.00,1.00
2018.04.25 14:49:09.292,10.42206,10.42342,1.00,1.00
2018.04.25 14:49:09.679,10.42193,10.42331,1.00,1.00
2018.04.25 14:49:09.731,10.42183,10.42331,1.00,1.00
2018.04.25 14:49:09.782,10.42195,10.42331,1.00,1.00
2018.04.25 14:49:10.296,10.42196,10.42331,1.00,1.00
2018.04.25 14:49:11.177,10.42193,10.42331,1.00,1.00
2018.04.25 14:49:11.230,10.42187,10.42331,1.00,1.00
2018.04.25 14:49:11.799,10.4218,10.42331,1.00,1.00
2018.04.25 14:49:12.281,10.4218,10.4232,1.00,1.00
2018.04.25 14:49:12.584,10.42189,10.4232,1.00,1.00
2018.04.25 14:49:12.686,10.42185,10.4232,1.00,1.00
2018.04.25 14:49:12.968,10.42185,10.42331,1.00,1.00
2018.04.25 14:49:13.174,10.42182,10.42331,1.00,1.00
2018.04.25 14:49:13.687,10.42182,10.42321,1.00,1.00
2018.04.25 14:49:13.997,10.42182,10.42331,1.00,1.00
2018.04.25 14:49:14.845,10.4218,10.42331,1.00,1.00
2018.04.25 14:49:15.001,10.42182,10.42331,1.00,1.00
2018.04.25 14:49:15.315,10.42191,10.42331,1.00,1.00
2018.04.25 14:49:15.408,10.42184,10.42331,1.00,1.00
2018.04.25 14:49:15.682,10.42191,10.42331,1.00,1.00
2018.04.25 14:49:16.092,10.42205,10.42342,1.00,1.00
2018.04.25 14:49:16.422,10.42201,10.42331,1.00,1.00
2018.04.25 14:49:17.175,10.42197,10.42331,1.00,1.00
2018.04.25 14:49:17.283,10.422,10.42331,1.00,1.00
2018.04.25 14:49:17.587,10.422,10.42339,1.00,1.00
2018.04.25 14:49:18.711,10.422,10.42342,1.00,1.00
2018.04.25 14:49:19.794,10.42219,10.42342,1.00,1.00
2018.04.25 14:49:20.165,10.42205,10.42342,1.00,1.00
2018.04.25 14:49:20.217,10.42202,10.42342,1.00,1.00
2018.04.25 14:49:20.734,10.42199,10.42342,1.00,1.00
2018.04.25 14:49:21.007,10.42199,10.42334,1.00,1.00
2018.04.25 14:49:22.184,10.42202,10.42334,1.00,1.00
2018.04.25 14:49:22.705,10.42201,10.42334,1.00,1.00
2018.04.25 14:49:23.228,10.422,10.42334,1.00,1.00
2018.04.25 14:49:24.195,10.42201,10.42334,1.00,1.00
2018.04.25 14:49:24.300,10.42201,10.42349,1.00,1.00
2018.04.25 14:49:24.610,10.42211,10.42359,1.00,1.00
2018.04.25 14:49:24.919,10.42222,10.42365,1.00,1.00
2018.04.25 14:49:24.971,10.42217,10.42365,1.00,1.00
2018.04.25 14:49:25.178,10.42235,10.42371,1.00,1.00
2018.04.25 14:49:25.230,10.42235,10.42377,1.00,1.00
2018.04.25 14:49:25.486,10.4225,10.42388,1.00,1.00
2018.04.25 14:49:25.762,10.4225,10.42392,1.00,1.00
2018.04.25 14:49:25.897,10.4225,10.42411,1.00,1.00
2018.04.25 14:49:26.310,10.4225,10.42408,1.00,1.00
2018.04.25 14:49:26.960,10.42259,10.42408,1.00,1.00
2018.04.25 14:49:27.710,10.4225,10.42408,1.00,1.00
2018.04.25 14:49:27.761,10.42247,10.42408,1.00,1.00
2018.04.25 14:49:27.944,10.42245,10.42398,1.00,1.00
2018.04.25 14:49:28.150,10.42246,10.42422,1.00,1.00
2018.04.25 14:49:28.837,10.42245,10.42404,1.00,1.00
2018.04.25 14:49:30.004,10.42245,10.42415,1.00,1.00
2018.04.25 14:49:30.158,10.42245,10.42403,1.00,1.00
2018.04.25 14:49:31.823,10.42245,10.42394,1.00,1.00
2018.04.25 14:49:32.677,10.42245,10.42384,1.00,1.00
2018.04.25 14:49:33.147,10.42245,10.42374,1.00,1.00
2018.04.25 14:49:33.291,10.42245,10.42395,1.00,1.00
2018.04.25 14:49:33.679,10.42238,10.42384,1.00,1.00
2018.04.25 14:49:33.889,10.42226,10.42377,1.00,1.00
2018.04.25 14:49:34.066,10.42226,10.42353,1.00,1.00
2018.04.25 14:49:34.117,10.42226,10.42368,1.00,1.00
2018.04.25 14:49:34.169,10.42226,10.42364,1.00,1.00
2018.04.25 14:49:35.519,10.42218,10.42354,1.00,1.00
2018.04.25 14:49:35.984,10.42218,10.42344,1.00,1.00
2018.04.25 14:49:36.177,10.42218,10.42354,1.00,1.00
2018.04.25 14:49:36.229,10.42212,10.42345,1.00,1.00
2018.04.25 14:49:36.728,10.42212,10.42348,1.00,1.00
2018.04.25 14:49:36.779,10.42212,10.42345,1.00,1.00
2018.04.25 14:49:37.188,10.42212,10.42348,1.00,1.00
2018.04.25 14:49:37.684,10.42215,10.4235,1.00,1.00
2018.04.25 14:49:38.289,10.42215,10.42344,1.00,1.00
2018.04.25 14:49:38.697,10.42215,10.4235,1.00,1.00
2018.04.25 14:49:38.748,10.42215,10.42344,1.00,1.00
2018.04.25 14:49:39.638,10.42197,10.42344,1.00,1.00
2018.04.25 14:49:39.772,10.42187,10.42349,1.00,1.00
2018.04.25 14:49:40.007,10.42187,10.42336,1.00,1.00
2018.04.25 14:49:40.162,10.42178,10.42336,1.00,1.00
2018.04.25 14:49:41.279,10.42204,10.42357,1.00,1.00
2018.04.25 14:49:41.524,10.42202,10.42357,1.00,1.00
2018.04.25 14:49:41.575,10.42202,10.42364,1.00,1.00
2018.04.25 14:49:41.781,10.42202,10.42367,1.00,1.00
2018.04.25 14:49:41.832,10.42202,10.42346,1.00,1.00
2018.04.25 14:49:41.886,10.42191,10.42357,1.00,1.00
2018.04.25 14:49:45.432,10.42173,10.42334,1.00,1.00
2018.04.25 14:49:47.551,10.42173,10.42342,1.00,1.00
2018.04.25 14:49:48.416,10.42191,10.42348,1.00,1.00
2018.04.25 14:49:48.726,10.42199,10.42348,1.00,1.00
2018.04.25 14:49:48.921,10.42184,10.42344,1.00,1.00
2018.04.25 14:49:48.973,10.42186,10.42334,1.00,1.00
2018.04.25 14:49:49.400,10.42173,10.42327,1.00,1.00
2018.04.25 14:49:50.182,10.42173,10.42317,1.00,1.00
2018.04.25 14:49:51.068,10.42173,10.42314,1.00,1.00
2018.04.25 14:49:51.735,10.42157,10.42306,1.00,1.00
2018.04.25 14:49:51.997,10.42157,10.42304,1.00,1.00
2018.04.25 14:49:52.561,10.42146,10.42304,1.00,1.00
2018.04.25 14:49:54.666,10.42146,10.42314,1.00,1.00
2018.04.25 14:49:54.717,10.42151,10.42317,1.00,1.00
2018.04.25 14:49:55.124,10.42159,10.42317,1.00,1.00
2018.04.25 14:49:56.371,10.42159,10.42324,1.00,1.00
2018.04.25 14:49:57.476,10.42159,10.42327,1.00,1.00
2018.04.25 14:49:57.579,10.42186,10.42352,1.00,1.00
2018.04.25 14:49:58.070,10.42191,10.42352,1.00,1.00
2018.04.25 14:49:59.147,10.42178,10.4234,1.00,1.00
2018.04.25 14:49:59.545,10.42197,10.42363,1.00,1.00
2018.04.25 14:49:59.597,10.42208,10.42374,1.00,1.00
2018.04.25 14:49:59.751,10.42217,10.42384,1.00,1.00
2018.04.25 14:49:59.855,10.42229,10.42384,1.00,1.00
2018.04.25 14:50:00.164,10.42249,10.42404,1.00,1.00
2018.04.25 14:50:00.369,10.42184,10.42354,1.00,1.00
2018.04.25 14:50:00.421,10.42153,10.42309,1.50,1.00
2018.04.25 14:50:00.472,10.42124,10.42282,1.00,1.00
2018.04.25 14:50:00.524,10.42121,10.4229,1.00,1.00
2018.04.25 14:50:00.576,10.42107,10.42283,1.00,1.00
2018.04.25 14:50:00.678,10.42084,10.4226,1.00,1.00
2018.04.25 14:50:00.832,10.42071,10.42249,1.00,1.00
2018.04.25 14:50:00.883,10.42031,10.42207,1.00,1.00
2018.04.25 14:50:01.196,10.42061,10.42237,1.00,1.00
2018.04.25 14:50:01.529,10.42036,10.42212,1.00,1.00
2018.04.25 14:50:01.840,10.42023,10.42202,1.00,1.00
2018.04.25 14:50:01.894,10.42046,10.42209,1.00,1.00
2018.04.25 14:50:01.946,10.42033,10.42209,1.00,1.50
2018.04.25 14:50:01.998,10.42023,10.42199,1.00,1.00
2018.04.25 14:50:02.338,10.42033,10.42209,1.00,1.50
2018.04.25 14:50:02.780,10.4201,10.42186,1.00,1.00
2018.04.25 14:50:03.117,10.42032,10.42208,1.00,1.00
2018.04.25 14:50:03.169,10.4203,10.42208,1.00,1.00
2018.04.25 14:50:03.677,10.42031,10.42207,1.00,1.00
2018.04.25 14:50:04.227,10.4203,10.42206,1.00,1.00
2018.04.25 14:50:06.035,10.42035,10.42211,1.00,1.00
2018.04.25 14:50:08.801,10.42056,10.42232,1.00,1.00
2018.04.25 14:50:09.143,10.42052,10.42228,1.00,1.00
2018.04.25 14:50:12.701,10.42046,10.42222,1.00,1.00
2018.04.25 14:50:13.503,10.42041,10.42217,1.00,1.00
2018.04.25 14:50:13.815,10.4199,10.42166,1.00,1.00
2018.04.25 14:50:14.127,10.41969,10.42142,1.00,1.00
2018.04.25 14:50:14.435,10.41968,10.42137,1.00,1.00
2018.04.25 14:50:14.660,10.41949,10.42125,1.00,1.00
2018.04.25 14:50:14.711,10.41961,10.42135,1.00,1.00
2018.04.25 14:50:14.865,10.41961,10.42137,1.00,1.00
2018.04.25 14:50:15.170,10.4195,10.42124,1.00,1.00
2018.04.25 14:50:15.348,10.4195,10.42126,1.00,1.00
2018.04.25 14:50:16.913,10.4196,10.42136,1.00,1.50
2018.04.25 14:50:17.563,10.41968,10.42136,1.00,1.00
2018.04.25 14:50:17.735,10.41971,10.42147,1.00,1.00
2018.04.25 14:50:21.121,10.41973,10.42149,1.00,1.00
2018.04.25 14:50:24.318,10.41921,10.42097,1.00,1.00
2018.04.25 14:50:24.526,10.4189,10.42068,1.00,1.00
2018.04.25 14:50:24.577,10.41878,10.42054,1.00,1.00
2018.04.25 14:50:24.992,10.41912,10.42088,1.00,1.00
2018.04.25 14:50:25.302,10.41911,10.42086,1.00,1.00
2018.04.25 14:50:25.662,10.41893,10.42071,1.00,1.00
2018.04.25 14:50:26.050,10.41907,10.42081,1.00,1.00
2018.04.25 14:50:26.152,10.41907,10.42083,1.00,1.00
2018.04.25 14:50:26.254,10.41892,10.42068,1.00,1.00
2018.04.25 14:50:26.637,10.41905,10.42081,1.00,1.00
2018.04.25 14:50:26.970,10.41895,10.42071,1.00,1.00
2018.04.25 14:50:27.280,10.41903,10.42079,1.00,1.00
2018.04.25 14:50:27.739,10.41885,10.42061,1.00,1.00
2018.04.25 14:50:28.048,10.41874,10.4205,1.00,1.00
2018.04.25 14:50:28.545,10.41889,10.42067,1.00,1.00
2018.04.25 14:50:29.785,10.41889,10.42067,1.60,1.00
2018.04.25 14:50:30.096,10.41968,10.42142,1.00,1.00
2018.04.25 14:50:30.149,10.41968,10.42144,1.00,1.00
2018.04.25 14:50:30.292,10.41978,10.42154,1.00,1.00
2018.04.25 14:50:30.396,10.41992,10.42181,1.60,1.00
2018.04.25 14:50:30.448,10.41992,10.42169,1.60,1.00
2018.04.25 14:50:30.500,10.41992,10.42181,1.60,1.00
2018.04.25 14:50:30.552,10.41992,10.42181,1.00,1.00
2018.04.25 14:50:30.707,10.42013,10.42205,1.00,1.00
2018.04.25 14:50:31.019,10.42013,10.42207,1.00,1.00
2018.04.25 14:50:32.655,10.42016,10.42192,1.00,1.00
2018.04.25 14:50:36.057,10.42022,10.42198,1.00,1.00
2018.04.25 14:50:36.692,10.41988,10.42171,1.00,1.00
2018.04.25 14:50:36.744,10.41982,10.42158,1.00,1.00
2018.04.25 14:50:39.391,10.41992,10.42168,1.00,1.00
2018.04.25 14:50:39.699,10.42003,10.42179,1.00,1.00
2018.04.25 14:50:40.080,10.42003,10.42176,1.00,1.00
2018.04.25 14:50:40.131,10.41992,10.42168,1.00,1.00
2018.04.25 14:50:40.743,10.42003,10.42179,1.00,1.00
2018.04.25 14:50:41.181,10.42026,10.42202,1.00,1.00
2018.04.25 14:50:41.504,10.42011,10.42187,1.00,1.00
2018.04.25 14:50:42.017,10.42027,10.42201,1.00,1.00
2018.04.25 14:50:42.069,10.42011,10.42187,1.00,1.00
2018.04.25 14:50:42.322,10.42021,10.42197,1.00,1.00
2018.04.25 14:50:42.673,10.42012,10.42188,1.00,1.00
2018.04.25 14:50:43.254,10.42001,10.42177,1.00,1.00
2018.04.25 14:50:43.564,10.4199,10.42166,1.00,1.00
2018.04.25 14:50:43.873,10.41939,10.42115,1.00,1.00
2018.04.25 14:50:44.227,10.41927,10.42105,1.00,1.00
2018.04.25 14:50:44.483,10.41938,10.42116,1.00,1.00
2018.04.25 14:50:44.790,10.41949,10.42125,1.00,1.00
2018.04.25 14:50:45.827,10.41949,10.42125,1.50,1.00
2018.04.25 14:50:47.183,10.41949,10.42125,1.75,1.00
2018.04.25 14:50:47.580,10.41956,10.42132,1.37,1.00
2018.04.25 14:50:48.170,10.41962,10.42138,1.37,1.00
2018.04.25 14:50:48.221,10.41972,10.42148,1.00,1.00
2018.04.25 14:50:48.325,10.41971,10.42149,1.37,1.00
2018.04.25 14:50:48.641,10.41983,10.42159,1.00,1.00
2018.04.25 14:50:50.986,10.41983,10.4215,1.00,1.00
2018.04.25 14:50:51.043,10.41981,10.42152,1.00,1.00
2018.04.25 14:50:52.180,10.41989,10.42165,1.00,1.00
2018.04.25 14:50:52.231,10.41993,10.42169,1.00,1.00
2018.04.25 14:50:52.553,10.41993,10.42169,1.37,1.00
2018.04.25 14:50:52.938,10.41983,10.42159,1.75,1.00
2018.04.25 14:50:53.742,10.41983,10.42159,1.00,1.00
2018.04.25 14:50:53.899,10.42007,10.42183,1.00,1.00
2018.04.25 14:50:54.211,10.42036,10.4221,1.00,1.00
2018.04.25 14:50:54.450,10.42036,10.42212,1.00,1.00
2018.04.25 14:50:55.446,10.42036,10.42212,1.75,1.00
2018.04.25 14:50:56.485,10.42033,10.42209,1.75,1.00
2018.04.25 14:50:56.538,10.42057,10.42233,1.37,1.00
2018.04.25 14:50:56.646,10.4207,10.42246,1.00,1.00
2018.04.25 14:50:56.775,10.42054,10.4223,1.75,1.00
2018.04.25 14:50:56.930,10.42064,10.4224,1.37,1.00
2018.04.25 14:50:57.240,10.42073,10.42249,1.00,1.00
2018.04.25 14:50:57.654,10.42073,10.42249,1.37,1.00
2018.04.25 14:50:59.008,10.42073,10.42249,1.37,1.00
2018.04.25 14:51:00.143,10.42073,10.42249,1.00,1.00
2018.04.25 14:51:00.311,10.42062,10.42238,1.23,1.00
2018.04.25 14:51:00.670,10.42051,10.42227,1.61,1.00
2018.04.25 14:51:01.084,10.42062,10.42238,1.23,1.00
2018.04.25 14:51:01.187,10.42062,10.42238,1.31,1.00
2018.04.25 14:51:01.238,10.42048,10.42224,1.75,1.00
2018.04.25 14:51:02.342,10.42059,10.42235,1.37,1.00
2018.04.25 14:51:02.467,10.421,10.42273,1.00,1.00
2018.04.25 14:51:02.518,10.42083,10.42259,1.00,1.00
2018.04.25 14:51:02.569,10.42098,10.42271,1.00,1.00
2018.04.25 14:51:02.773,10.42095,10.42271,1.00,1.00
2018.04.25 14:51:04.297,10.42084,10.4226,1.00,1.00
2018.04.25 14:51:04.608,10.421,10.42272,1.00,1.00
2018.04.25 14:51:05.156,10.421,10.42271,1.00,1.00
2018.04.25 14:51:05.554,10.421,10.42271,1.37,1.00
2018.04.25 14:51:05.605,10.421,10.42278,1.37,1.00
2018.04.25 14:51:06.009,10.42098,10.42274,1.37,1.00
2018.04.25 14:51:06.515,10.42098,10.42274,1.50,1.00
2018.04.25 14:51:07.635,10.42098,10.42274,1.37,1.00
2018.04.25 14:51:07.804,10.4209,10.42266,1.75,1.00
2018.04.25 14:51:07.874,10.4208,10.42256,1.00,1.00
2018.04.25 14:51:08.392,10.42074,10.4225,1.37,1.00
2018.04.25 14:51:08.704,10.42069,10.42245,1.37,1.00
2018.04.25 14:51:09.045,10.42063,10.42239,1.37,1.00
2018.04.25 14:51:09.676,10.4205,10.42226,1.75,1.00
2018.04.25 14:51:09.779,10.42061,10.42237,1.37,1.00
2018.04.25 14:51:10.189,10.42061,10.42237,1.37,1.00
2018.04.25 14:51:10.485,10.42069,10.42243,1.37,1.00
2018.04.25 14:51:10.688,10.42076,10.42252,1.37,1.00
2018.04.25 14:51:11.298,10.42079,10.42255,1.00,1.00
2018.04.25 14:51:11.644,10.42079,10.42255,1.37,1.00
2018.04.25 14:51:11.951,10.42106,10.42278,1.00,1.00
2018.04.25 14:51:12.301,10.42095,10.42271,1.37,1.00
2018.04.25 14:51:14.177,10.42095,10.42271,1.75,1.00
2018.04.25 14:51:14.510,10.42105,10.42281,1.37,1.00
2018.04.25 14:51:15.179,10.42105,10.42278,1.37,1.00
2018.04.25 14:51:15.497,10.42105,10.42281,1.50,1.00
2018.04.25 14:51:15.735,10.42098,10.42274,1.75,1.00
2018.04.25 14:51:16.042,10.42112,10.42288,1.37,1.00
2018.04.25 14:51:16.419,10.42112,10.42284,1.37,1.00
2018.04.25 14:51:17.066,10.42102,10.42278,1.37,1.00
2018.04.25 14:51:18.685,10.42102,10.42278,1.37,1.00
2018.04.25 14:51:20.378,10.42102,10.42278,1.37,1.00
2018.04.25 14:51:21.007,10.42097,10.42273,1.37,1.00
2018.04.25 14:51:21.653,10.42078,10.42254,1.37,1.00
2018.04.25 14:51:21.704,10.42076,10.42243,1.37,1.00
2018.04.25 14:51:22.227,10.42068,10.42244,1.75,1.00
2018.04.25 14:51:22.937,10.42068,10.42242,1.37,1.00
2018.04.25 14:51:23.142,10.42068,10.42244,1.37,1.00
2018.04.25 14:51:23.669,10.42054,10.42232,1.75,1.00
2018.04.25 14:51:23.878,10.42078,10.4224,1.00,1.00
2018.04.25 14:51:23.929,10.42078,10.42251,1.00,1.00
2018.04.25 14:51:23.981,10.42086,10.42262,1.00,1.00
2018.04.25 14:51:24.033,10.42104,10.42277,1.00,1.00
2018.04.25 14:51:24.343,10.42102,10.42277,1.75,1.00
2018.04.25 14:51:24.682,10.42102,10.42274,1.75,1.00
2018.04.25 14:51:25.706,10.42102,10.42274,1.00,1.00
2018.04.25 14:51:25.812,10.42093,10.42268,1.37,1.00
2018.04.25 14:51:26.120,10.42113,10.42268,1.00,1.00
2018.04.25 14:51:27.184,10.42113,10.4229,1.37,1.00
2018.04.25 14:51:27.882,10.42124,10.4229,1.00,1.00
2018.04.25 14:51:27.940,10.42124,10.42299,1.50,1.00
2018.04.25 14:51:28.045,10.42135,10.42311,1.00,1.50
2018.04.25 14:51:28.149,10.42135,10.42311,1.37,1.50
2018.04.25 14:51:28.539,10.42145,10.42311,1.37,1.00
2018.04.25 14:51:29.097,10.42156,10.42311,1.00,1.00
2018.04.25 14:51:29.401,10.42163,10.42311,1.00,1.00
2018.04.25 14:51:30.052,10.42163,10.42315,1.00,1.00
2018.04.25 14:51:30.104,10.42165,10.42315,1.00,1.00
2018.04.25 14:51:30.257,10.42163,10.42315,1.00,1.00
2018.04.25 14:51:30.993,10.42163,10.42322,1.00,1.00
2018.04.25 14:51:32.548,10.42163,10.42327,1.00,1.50
2018.04.25 14:51:32.600,10.42173,10.42327,1.00,1.50
2018.04.25 14:51:32.961,10.42187,10.42327,1.00,1.50
2018.04.25 14:51:33.236,10.42187,10.42333,1.00,1.00
2018.04.25 14:51:33.288,10.42187,10.42343,1.00,1.50
2018.04.25 14:51:33.430,10.42171,10.4234,1.00,1.00
2018.04.25 14:51:34.657,10.42171,10.4233,1.00,1.00
2018.04.25 14:51:35.406,10.42209,10.42333,1.75,1.00
2018.04.25 14:51:35.458,10.42211,10.42387,1.00,1.00
2018.04.25 14:51:35.510,10.42217,10.42388,1.75,1.00
2018.04.25 14:51:35.581,10.42212,10.42388,1.37,1.00
2018.04.25 14:51:35.633,10.42244,10.4242,1.75,1.00
2018.04.25 14:51:35.684,10.42256,10.42432,1.37,1.00
2018.04.25 14:51:35.736,10.42256,10.42432,1.37,1.00
2018.04.25 14:51:35.892,10.42273,10.42451,1.00,1.00
2018.04.25 14:51:36.419,10.42286,10.42462,1.00,1.00
2018.04.25 14:51:36.626,10.42287,10.42492,1.37,1.50
2018.04.25 14:51:36.935,10.42304,10.42482,1.37,1.00
2018.04.25 14:51:36.987,10.42301,10.42485,1.37,1.00
2018.04.25 14:51:37.091,10.42306,10.42511,1.37,1.00
2018.04.25 14:51:37.215,10.42324,10.42524,1.75,1.00
2018.04.25 14:51:37.318,10.42344,10.42549,1.37,1.00
2018.04.25 14:51:37.422,10.42329,10.42533,1.75,1.00
2018.04.25 14:51:37.474,10.42344,10.42549,1.87,1.00
2018.04.25 14:51:37.525,10.42355,10.42559,1.75,1.00
2018.04.25 14:51:37.831,10.42351,10.42548,1.75,1.00
2018.04.25 14:51:38.646,10.42342,10.42548,1.75,1.00
2018.04.25 14:51:39.916,10.42355,10.42548,1.75,1.00
2018.04.25 14:51:40.280,10.42355,10.42559,1.75,1.00
2018.04.25 14:51:40.332,10.42365,10.4257,1.37,1.00
2018.04.25 14:51:40.978,10.42365,10.4257,1.75,1.00
2018.04.25 14:51:41.682,10.42378,10.42556,1.37,1.00
2018.04.25 14:51:43.332,10.42395,10.4259,1.00,1.00
2018.04.25 14:51:43.383,10.42383,10.42588,1.00,1.00
2018.04.25 14:51:43.537,10.42383,10.42585,1.00,1.00
2018.04.25 14:51:43.840,10.42383,10.42582,1.00,1.00
2018.04.25 14:51:44.172,10.42367,10.42569,1.75,1.00
2018.04.25 14:51:45.288,10.42393,10.42569,1.00,1.50
2018.04.25 14:51:45.594,10.42381,10.42557,1.50,1.00
2018.04.25 14:51:45.921,10.42393,10.42569,1.00,1.50
2018.04.25 14:51:46.267,10.42381,10.42556,1.12,1.00
2018.04.25 14:51:46.573,10.42396,10.42568,1.00,1.00
2018.04.25 14:51:46.624,10.4238,10.42556,1.50,1.00
2018.04.25 14:51:46.675,10.4238,10.42554,1.50,1.00
2018.04.25 14:51:46.995,10.42398,10.42554,1.00,1.00
2018.04.25 14:51:47.219,10.42376,10.42554,1.75,1.50
2018.04.25 14:51:47.323,10.42399,10.42566,1.00,1.00
2018.04.25 14:51:47.478,10.42388,10.42564,1.00,1.00
2018.04.25 14:51:47.981,10.42375,10.42539,1.23,1.00
2018.04.25 14:51:48.033,10.42365,10.42539,1.00,1.00
2018.04.25 14:51:48.084,10.42327,10.42493,1.61,1.00
2018.04.25 14:51:48.135,10.42284,10.4246,1.23,1.00
2018.04.25 14:51:48.186,10.4228,10.42448,1.61,1.00
2018.04.25 14:51:48.237,10.42268,10.42438,1.00,1.00
2018.04.25 14:51:48.288,10.4225,10.42426,1.23,1.00
2018.04.25 14:51:48.727,10.4225,10.42426,1.00,1.00
2018.04.25 14:51:48.779,10.4225,10.42422,1.00,1.00
2018.04.25 14:51:49.087,10.42221,10.42403,1.75,1.00
2018.04.25 14:51:49.688,10.42221,10.42409,1.75,1.00
2018.04.25 14:51:50.155,10.42217,10.42396,1.75,1.00
2018.04.25 14:51:50.206,10.42217,10.42411,1.75,1.00
2018.04.25 14:51:50.258,10.42231,10.42425,1.75,1.00
2018.04.25 14:51:50.361,10.42231,10.42422,1.75,1.00
2018.04.25 14:51:51.030,10.42239,10.42415,1.37,1.00
2018.04.25 14:51:51.338,10.42228,10.42404,1.75,1.00
2018.04.25 14:51:51.675,10.42228,10.42404,1.75,1.00
2018.04.25 14:51:52.450,10.42228,10.42404,1.37,1.00
2018.04.25 14:51:52.656,10.42218,10.4239,1.75,1.00
2018.04.25 14:51:52.708,10.42218,10.42394,1.75,1.00
2018.04.25 14:51:53.066,10.42218,10.42394,1.37,1.00
2018.04.25 14:51:53.170,10.42218,10.42391,1.37,1.00
2018.04.25 14:51:53.323,10.42218,10.42394,1.37,1.00
2018.04.25 14:51:53.630,10.42218,10.42389,1.37,1.00
2018.04.25 14:51:53.682,10.42228,10.42404,1.37,1.00
2018.04.25 14:51:54.194,10.42228,10.42404,1.37,1.00
2018.04.25 14:51:54.505,10.42214,10.4239,1.75,1.00
2018.04.25 14:51:55.673,10.42224,10.424,1.37,1.00
2018.04.25 14:51:56.488,10.42221,10.42399,1.50,1.00
2018.04.25 14:51:56.991,10.42221,10.42399,1.75,1.00
2018.04.25 14:51:57.964,10.42221,10.42399,1.75,1.00
2018.04.25 14:51:59.155,10.42232,10.42408,1.50,1.00
2018.04.25 14:52:00.186,10.42213,10.42379,1.25,1.00
2018.04.25 14:52:00.238,10.42198,10.42374,1.25,1.00
2018.04.25 14:52:00.386,10.42179,10.42374,1.37,1.00
2018.04.25 14:52:00.451,10.42185,10.42361,1.00,1.00
2018.04.25 14:52:00.660,10.42134,10.42338,1.00,1.00
2018.04.25 14:52:00.712,10.42162,10.4234,1.00,1.00
2018.04.25 14:52:00.764,10.42132,10.42337,1.00,1.00
2018.04.25 14:52:01.136,10.42133,10.42315,1.00,1.00
2018.04.25 14:52:01.187,10.42098,10.42299,1.00,1.00
2018.04.25 14:52:01.240,10.42094,10.42298,1.00,1.00
2018.04.25 14:52:01.292,10.42105,10.4231,1.00,1.00
2018.04.25 14:52:01.346,10.42105,10.42307,1.00,1.00
2018.04.25 14:52:01.500,10.42093,10.42297,1.00,1.00
2018.04.25 14:52:01.655,10.42093,10.42291,1.00,1.00
2018.04.25 14:52:01.962,10.42081,10.42285,1.00,1.00
2018.04.25 14:52:02.167,10.42081,10.42276,1.00,1.00
2018.04.25 14:52:02.420,10.42062,10.42258,1.00,1.00
2018.04.25 14:52:02.471,10.42062,10.42256,1.00,1.00
2018.04.25 14:52:02.523,10.42047,10.42252,1.00,1.50
2018.04.25 14:52:02.629,10.42036,10.42241,1.00,1.00
2018.04.25 14:52:02.966,10.42014,10.42219,1.00,1.00
2018.04.25 14:52:03.273,10.42021,10.42214,1.00,1.00
2018.04.25 14:52:03.324,10.4201,10.42214,1.00,1.00
2018.04.25 14:52:03.683,10.42021,10.42214,1.00,1.00
2018.04.25 14:52:03.786,10.42008,10.42213,1.00,1.00
2018.04.25 14:52:05.083,10.42014,10.42218,1.00,1.50
2018.04.25 14:52:05.338,10.42011,10.42216,1.00,1.00
2018.04.25 14:52:05.714,10.42015,10.4222,1.00,1.00
2018.04.25 14:52:06.338,10.42005,10.42209,1.00,1.00
2018.04.25 14:52:07.684,10.42004,10.42209,1.00,1.00
2018.04.25 14:52:08.157,10.41993,10.42198,1.00,1.00
2018.04.25 14:52:08.754,10.41993,10.42196,1.00,1.00
2018.04.25 14:52:08.962,10.4198,10.42185,1.50,1.00
2018.04.25 14:52:10.372,10.4198,10.42179,1.00,1.00
2018.04.25 14:52:10.676,10.4198,10.42185,1.00,1.00
2018.04.25 14:52:10.730,10.41977,10.42182,1.00,1.00
2018.04.25 14:52:11.247,10.41977,10.42173,1.00,1.00
2018.04.25 14:52:11.301,10.41966,10.42171,1.00,1.00
2018.04.25 14:52:12.191,10.41953,10.42159,1.00,1.00
2018.04.25 14:52:13.849,10.41965,10.42169,1.00,1.00
2018.04.25 14:52:14.290,10.41951,10.42156,1.00,1.00
2018.04.25 14:52:14.669,10.41962,10.4216,1.00,1.00
2018.04.25 14:52:15.167,10.41947,10.42152,1.00,1.00
2018.04.25 14:52:17.570,10.41952,10.42157,1.00,1.00
2018.04.25 14:52:17.951,10.41957,10.4216,1.00,1.00
2018.04.25 14:52:18.052,10.41957,10.42164,1.00,1.00
2018.04.25 14:52:18.154,10.41965,10.4217,1.00,1.00
2018.04.25 14:52:19.173,10.41953,10.42157,1.00,1.00
2018.04.25 14:52:19.419,10.41964,10.42169,1.00,1.00
2018.04.25 14:52:19.727,10.41974,10.4215,1.00,1.00
2018.04.25 14:52:20.159,10.41977,10.42153,1.00,1.00
2018.04.25 14:52:21.019,10.41971,10.42147,1.00,1.00
2018.04.25 14:52:21.330,10.41967,10.42143,1.00,1.00
2018.04.25 14:52:21.707,10.41959,10.42137,1.00,1.00
2018.04.25 14:52:23.656,10.41973,10.42149,1.00,1.00
2018.04.25 14:52:24.176,10.4196,10.42136,1.00,1.00
2018.04.25 14:52:27.177,10.41977,10.42153,1.00,1.00
2018.04.25 14:52:27.640,10.41992,10.42168,1.00,1.00
2018.04.25 14:52:31.725,10.42,10.42176,1.00,1.00
2018.04.25 14:52:31.930,10.42043,10.4223,1.00,1.00
2018.04.25 14:52:32.034,10.42052,10.42228,1.00,1.00
2018.04.25 14:52:32.371,10.42093,10.42269,1.00,1.00
2018.04.25 14:52:33.145,10.42103,10.42279,1.00,1.00
2018.04.25 14:52:33.952,10.42092,10.42268,1.00,1.00
2018.04.25 14:52:34.214,10.42108,10.42286,1.00,1.00
2018.04.25 14:52:34.653,10.4212,10.42296,1.00,1.00
2018.04.25 14:52:34.976,10.42109,10.42285,1.00,1.00
2018.04.25 14:52:39.202,10.4212,10.42296,1.00,1.00
2018.04.25 14:52:40.634,10.42109,10.42285,1.00,1.00
2018.04.25 14:52:43.837,10.4212,10.42296,1.00,1.00
2018.04.25 14:52:44.177,10.4213,10.42306,1.00,1.00
2018.04.25 14:52:44.492,10.42114,10.4229,1.00,1.00
2018.04.25 14:52:46.127,10.42124,10.423,1.00,1.00
2018.04.25 14:52:46.180,10.4211,10.42288,1.00,1.00
2018.04.25 14:52:46.678,10.421,10.42276,1.00,1.00
2018.04.25 14:52:47.025,10.4211,10.42286,1.00,1.00
2018.04.25 14:52:47.335,10.42101,10.42277,1.00,1.00
2018.04.25 14:52:47.657,10.42078,10.42271,1.00,1.00
2018.04.25 14:52:47.709,10.421,10.42275,1.00,1.00
2018.04.25 14:52:47.862,10.42078,10.42274,1.00,1.00
2018.04.25 14:52:47.913,10.42091,10.42269,1.00,1.00
2018.04.25 14:52:56.381,10.42093,10.42269,1.00,1.00
2018.04.25 14:52:57.688,10.42087,10.42263,1.00,1.00
2018.04.25 14:52:58.669,10.42076,10.42252,1.00,1.00
2018.04.25 14:52:59.562,10.42094,10.42266,1.00,1.00
2018.04.25 14:52:59.810,10.42093,10.42269,1.00,1.00
2018.04.25 14:53:00.661,10.42088,10.42259,1.00,1.00
2018.04.25 14:53:01.176,10.42094,10.4227,1.00,1.00
2018.04.25 14:53:02.546,10.42088,10.42261,1.00,1.00
2018.04.25 14:53:03.071,10.42088,10.4226,1.00,1.00
2018.04.25 14:53:03.174,10.42106,10.4228,1.00,1.00
2018.04.25 14:53:03.227,10.42106,10.42282,1.00,1.50
2018.04.25 14:53:03.278,10.42088,10.42272,1.00,1.00
2018.04.25 14:53:05.199,10.42088,10.42254,1.00,1.00
2018.04.25 14:53:05.679,10.42066,10.42242,1.00,1.00
2018.04.25 14:53:05.880,10.42076,10.42254,1.00,1.50
2018.04.25 14:53:06.730,10.42066,10.42241,1.00,1.00
2018.04.25 14:53:07.053,10.4206,10.42231,1.00,1.00
2018.04.25 14:53:07.259,10.42031,10.42207,1.00,1.00
2018.04.25 14:53:07.416,10.42046,10.42222,1.00,1.00
2018.04.25 14:53:07.722,10.42049,10.42225,1.00,1.50
2018.04.25 14:53:08.124,10.42074,10.42248,1.00,1.00
2018.04.25 14:53:08.176,10.42086,10.42262,1.00,1.00
2018.04.25 14:53:09.111,10.42076,10.42252,1.00,1.00
2018.04.25 14:53:10.653,10.42063,10.42239,1.00,1.00
2018.04.25 14:53:10.989,10.42052,10.42228,1.00,1.00
2018.04.25 14:53:11.447,10.42042,10.42218,1.00,1.00
2018.04.25 14:53:11.753,10.42029,10.42205,1.00,1.00
2018.04.25 14:53:12.059,10.42006,10.42182,1.00,1.00
2018.04.25 14:53:12.646,10.42017,10.42194,1.00,1.00
2018.04.25 14:53:14.186,10.42017,10.42195,1.00,1.00
2018.04.25 14:53:16.693,10.42008,10.42184,1.00,1.00
2018.04.25 14:53:17.563,10.42011,10.42187,1.00,1.00
2018.04.25 14:53:17.666,10.42024,10.42201,1.00,1.00
2018.04.25 14:53:17.873,10.42014,10.4219,1.00,1.00
2018.04.25 14:53:18.844,10.42008,10.42184,1.00,1.00
2018.04.25 14:53:20.721,10.42019,10.42208,1.00,1.00
2018.04.25 14:53:20.823,10.42019,10.42219,1.00,1.00
2018.04.25 14:53:21.666,10.42022,10.4222,1.00,1.00
2018.04.25 14:53:22.003,10.42039,10.42233,1.00,1.00
2018.04.25 14:53:22.678,10.42039,10.42234,1.50,1.00
2018.04.25 14:53:23.428,10.42039,10.42217,1.50,1.00
2018.04.25 14:53:23.529,10.42039,10.42231,1.50,1.00
2018.04.25 14:53:23.746,10.42039,10.42212,1.50,1.00
2018.04.25 14:53:24.004,10.42039,10.42228,1.50,1.00
2018.04.25 14:53:24.808,10.42039,10.42232,1.50,1.00
2018.04.25 14:53:25.291,10.42045,10.42221,1.00,1.00
2018.04.25 14:53:25.546,10.42039,10.42232,1.00,1.00
2018.04.25 14:53:25.597,10.42039,10.42217,1.00,1.00
2018.04.25 14:53:30.298,10.42039,10.42236,1.00,1.00
2018.04.25 14:53:30.656,10.42041,10.42217,1.00,1.00
2018.04.25 14:53:32.562,10.42044,10.4222,1.00,1.00
2018.04.25 14:53:33.985,10.42039,10.4223,1.00,1.00
2018.04.25 14:53:34.961,10.42039,10.42215,1.50,1.00
2018.04.25 14:53:36.015,10.42045,10.42221,1.00,1.00
2018.04.25 14:53:40.657,10.42039,10.42215,1.50,1.00
2018.04.25 14:53:41.656,10.42039,10.42214,1.00,1.00
2018.04.25 14:53:48.714,10.42039,10.42209,1.00,1.00
2018.04.25 14:53:51.055,10.42039,10.42213,1.00,1.00
2018.04.25 14:53:51.726,10.42039,10.42205,1.00,1.00
2018.04.25 14:53:52.261,10.42039,10.42212,1.00,1.00
2018.04.25 14:54:02.557,10.42039,10.42208,1.00,1.00
2018.04.25 14:54:03.565,10.42042,10.42218,1.00,1.00
2018.04.25 14:54:03.858,10.42047,10.42223,1.00,1.00
2018.04.25 14:54:05.204,10.42053,10.42229,1.00,1.00
2018.04.25 14:54:05.568,10.42064,10.42229,1.00,1.00
2018.04.25 14:54:06.125,10.42064,10.42228,1.00,1.00
2018.04.25 14:54:06.706,10.42052,10.42228,1.00,1.00
2018.04.25 14:54:16.211,10.42063,10.42238,1.00,1.00
2018.04.25 14:54:16.517,10.42068,10.42236,1.00,1.00
2018.04.25 14:54:17.634,10.42068,10.42235,1.00,1.00
2018.04.25 14:54:18.704,10.42048,10.42224,1.00,1.00
2018.04.25 14:54:19.634,10.42068,10.42225,1.00,1.00
2018.04.25 14:54:19.685,10.42049,10.42225,1.00,1.00
2018.04.25 14:54:21.047,10.42057,10.42233,1.00,1.00
2018.04.25 14:54:21.376,10.42046,10.42215,1.00,1.00
2018.04.25 14:54:21.678,10.42047,10.42193,1.00,1.00
2018.04.25 14:54:21.730,10.42016,10.42173,1.00,1.00
2018.04.25 14:54:21.781,10.42016,10.42194,1.00,1.00
2018.04.25 14:54:22.292,10.42016,10.42195,1.00,1.00
2018.04.25 14:54:22.433,10.42038,10.42195,1.00,1.00
2018.04.25 14:54:26.323,10.42045,10.42201,1.00,1.00
2018.04.25 14:54:26.632,10.42064,10.42201,1.00,1.00
2018.04.25 14:54:26.915,10.42064,10.42205,1.00,1.00
2018.04.25 14:54:27.765,10.42064,10.42187,1.00,1.00
2018.04.25 14:54:27.921,10.4204,10.42174,1.00,1.00
2018.04.25 14:54:28.622,10.4204,10.42196,1.00,1.00
2018.04.25 14:54:31.758,10.4204,10.42174,1.00,1.00
2018.04.25 14:54:32.861,10.4204,10.4219,1.00,1.00
2018.04.25 14:54:33.328,10.4204,10.42197,1.00,1.00
2018.04.25 14:54:33.552,10.42057,10.42197,1.00,1.00
2018.04.25 14:54:34.865,10.42035,10.42177,1.00,1.00
2018.04.25 14:54:35.070,10.42035,10.42194,1.00,1.00
2018.04.25 14:54:36.568,10.42035,10.42177,1.00,1.00
2018.04.25 14:54:36.623,10.42035,10.42196,1.00,1.00
2018.04.25 14:54:36.951,10.42035,10.42205,1.00,1.50
2018.04.25 14:54:38.683,10.42035,10.42202,1.00,1.00
2018.04.25 14:54:38.734,10.4204,10.42213,1.00,1.00
2018.04.25 14:54:39.177,10.4206,10.42203,1.00,1.00
2018.04.25 14:54:39.228,10.4206,10.42214,1.00,1.00
2018.04.25 14:54:39.751,10.4206,10.4223,1.50,1.00
2018.04.25 14:54:39.803,10.42054,10.42225,1.00,1.00
2018.04.25 14:54:40.007,10.42059,10.42225,1.00,1.00
2018.04.25 14:54:45.298,10.42063,10.42225,1.00,1.00
2018.04.25 14:54:45.682,10.42081,10.42218,1.00,1.00
2018.04.25 14:54:45.733,10.4206,10.42219,1.00,1.00
2018.04.25 14:54:45.784,10.4206,10.42209,1.00,1.00
2018.04.25 14:54:45.887,10.4206,10.4222,1.00,1.00
2018.04.25 14:54:47.195,10.42064,10.42227,1.00,1.00
2018.04.25 14:54:47.399,10.42082,10.42227,1.00,1.00
2018.04.25 14:54:48.370,10.42082,10.42212,1.00,1.00
2018.04.25 14:54:48.577,10.4206,10.42212,1.00,1.00
2018.04.25 14:54:49.549,10.4206,10.42225,1.00,1.00
2018.04.25 14:54:49.601,10.4206,10.42228,1.00,1.00
2018.04.25 14:54:49.653,10.42082,10.42228,1.00,1.00
2018.04.25 14:54:49.704,10.42082,10.42237,1.00,1.00
2018.04.25 14:54:51.027,10.42082,10.42238,1.00,1.00
2018.04.25 14:54:52.098,10.42082,10.42232,1.00,1.00
2018.04.25 14:54:52.410,10.42082,10.42222,1.00,1.00
2018.04.25 14:54:56.587,10.42082,10.42227,1.00,1.00
2018.04.25 14:54:56.947,10.42082,10.42241,1.00,1.50
2018.04.25 14:54:57.911,10.42086,10.42253,1.00,1.00
2018.04.25 14:54:58.299,10.42105,10.42253,1.00,1.00
2018.04.25 14:54:58.544,10.42105,10.42262,1.00,1.00
2018.04.25 14:54:58.647,10.42094,10.42265,1.00,1.00
2018.04.25 14:54:58.765,10.4211,10.42265,1.00,1.00
2018.04.25 14:55:01.834,10.4211,10.4226,1.00,1.00
2018.04.25 14:55:02.546,10.4211,10.42261,1.00,1.00
2018.04.25 14:55:05.287,10.4211,10.4225,1.00,1.00
2018.04.25 14:55:10.628,10.4211,10.42248,1.00,1.00
2018.04.25 14:55:10.834,10.4211,10.4225,1.00,1.00
2018.04.25 14:55:11.936,10.42098,10.42257,1.00,1.00
2018.04.25 14:55:12.042,10.42098,10.42268,1.00,1.00
2018.04.25 14:55:16.106,10.42098,10.42269,1.00,1.00
2018.04.25 14:55:16.864,10.42108,10.42269,1.00,1.00
2018.04.25 14:55:16.916,10.42108,10.42277,1.50,1.00
2018.04.25 14:55:17.286,10.42127,10.42277,1.00,1.00
2018.04.25 14:55:17.338,10.42127,10.42284,1.00,1.00
2018.04.25 14:55:17.493,10.42127,10.42287,1.00,1.00
2018.04.25 14:55:17.697,10.42127,10.42297,1.00,1.00
2018.04.25 14:55:17.748,10.42121,10.42297,1.00,1.00
2018.04.25 14:55:17.801,10.42133,10.42302,1.00,1.00
2018.04.25 14:55:18.903,10.42139,10.42302,1.00,1.00
2018.04.25 14:55:31.920,10.42118,10.42301,1.00,1.00
2018.04.25 14:55:32.340,10.4213,10.42301,1.00,1.00
2018.04.25 14:55:32.652,10.42142,10.42306,1.00,1.00
2018.04.25 14:55:36.105,10.42139,10.42306,1.00,1.00
2018.04.25 14:55:39.268,10.42149,10.42306,1.00,1.00
2018.04.25 14:55:39.319,10.42139,10.42306,1.50,1.00
2018.04.25 14:55:39.474,10.42149,10.4232,1.00,1.00
2018.04.25 14:55:39.528,10.42152,10.4232,1.00,1.00
2018.04.25 14:55:39.972,10.42162,10.4232,1.00,1.00
2018.04.25 14:55:40.179,10.42152,10.4232,1.00,1.00
2018.04.25 14:55:40.924,10.42161,10.4232,1.00,1.00
2018.04.25 14:55:41.206,10.42161,10.42335,1.00,1.00
2018.04.25 14:55:41.674,10.42199,10.42355,1.00,1.00
2018.04.25 14:55:41.776,10.42186,10.42355,1.00,1.00
2018.04.25 14:55:41.980,10.42186,10.42351,1.00,1.00
2018.04.25 14:55:42.185,10.42175,10.42351,1.00,1.50
2018.04.25 14:55:42.614,10.42191,10.42359,1.00,1.00
2018.04.25 14:55:42.819,10.4218,10.42356,1.00,1.00
2018.04.25 14:55:43.436,10.42193,10.42364,1.00,1.00
2018.04.25 14:55:45.196,10.42191,10.42364,1.00,1.00
2018.04.25 14:55:45.697,10.4219,10.42364,1.00,1.00
2018.04.25 14:55:47.546,10.42187,10.42363,1.00,1.00
2018.04.25 14:55:48.238,10.42191,10.42363,1.00,1.00
2018.04.25 14:55:48.289,10.42197,10.42372,1.00,1.00
2018.04.25 14:55:48.341,10.42225,10.4238,1.00,1.00
2018.04.25 14:55:48.414,10.42213,10.4238,1.00,1.00
2018.04.25 14:55:48.469,10.42216,10.42386,1.00,1.00
2018.04.25 14:55:50.171,10.42216,10.42392,1.00,1.00
2018.04.25 14:55:52.345,10.42216,10.4238,1.00,1.00
2018.04.25 14:55:52.501,10.42211,10.42381,1.00,1.00
2018.04.25 14:55:52.552,10.42205,10.42381,1.00,1.00
2018.04.25 14:55:52.744,10.42211,10.42381,1.00,1.00
2018.04.25 14:55:52.795,10.42215,10.42391,1.00,1.00
2018.04.25 14:55:54.102,10.42227,10.42403,1.00,1.50
2018.04.25 14:55:54.439,10.42233,10.42403,1.00,1.50
2018.04.25 14:55:54.647,10.42227,10.42403,1.00,1.50
2018.04.25 14:55:57.052,10.42242,10.42403,1.00,1.50
2018.04.25 14:55:57.360,10.42248,10.42414,1.00,1.00
2018.04.25 14:55:57.565,10.42251,10.42414,1.00,1.00
2018.04.25 14:55:57.882,10.42251,10.42412,1.00,1.00
2018.04.25 14:55:58.192,10.4226,10.42412,1.00,1.00
2018.04.25 14:55:58.295,10.4226,10.42426,1.00,1.00
2018.04.25 14:55:58.502,10.4228,10.42426,1.00,1.00
2018.04.25 14:55:58.805,10.4228,10.42433,1.00,1.00
2018.04.25 14:55:58.857,10.4228,10.42435,1.00,1.00
2018.04.25 14:55:58.909,10.4228,10.42438,1.00,1.00
2018.04.25 14:55:59.252,10.4227,10.42438,1.00,1.00
2018.04.25 14:55:59.304,10.42261,10.42435,1.00,1.00
2018.04.25 14:55:59.461,10.42261,10.42435,1.37,1.00
2018.04.25 14:56:01.023,10.42261,10.42435,1.37,1.00
2018.04.25 14:56:02.279,10.42261,10.42435,1.37,1.00
2018.04.25 14:56:02.387,10.42274,10.4245,1.00,1.00
2018.04.25 14:56:02.683,10.42285,10.42461,1.00,1.00
2018.04.25 14:56:03.028,10.42345,10.42521,1.00,1.00
2018.04.25 14:56:03.234,10.42361,10.42539,1.00,1.00
2018.04.25 14:56:03.518,10.42373,10.42549,1.00,1.00
2018.04.25 14:56:03.882,10.42383,10.42559,1.00,1.00
2018.04.25 14:56:04.214,10.42372,10.42548,1.00,1.00
2018.04.25 14:56:04.984,10.42372,10.42548,1.37,1.00
2018.04.25 14:56:06.018,10.42374,10.4255,1.00,1.00
2018.04.25 14:56:07.532,10.42387,10.42563,1.00,1.00
2018.04.25 14:56:15.431,10.42387,10.42563,1.37,1.00
2018.04.25 14:56:15.679,10.42399,10.42575,1.00,1.00
2018.04.25 14:56:16.386,10.42401,10.42577,1.00,1.00
2018.04.25 14:56:16.696,10.42453,10.42626,1.00,1.00
2018.04.25 14:56:16.748,10.42453,10.42629,1.00,1.00
2018.04.25 14:56:16.849,10.42465,10.42641,1.12,1.00
2018.04.25 14:56:17.189,10.42467,10.42641,1.00,1.00
2018.04.25 14:56:17.683,10.42479,10.42655,1.00,1.00
2018.04.25 14:56:18.166,10.42492,10.42668,1.00,1.00
2018.04.25 14:56:21.020,10.42483,10.42661,1.00,1.00
2018.04.25 14:56:23.722,10.42482,10.42658,1.00,1.00
2018.04.25 14:56:24.034,10.42472,10.42648,1.37,1.00
2018.04.25 14:56:24.958,10.42472,10.42648,1.00,1.00
2018.04.25 14:56:25.405,10.4246,10.42636,1.00,1.00
2018.04.25 14:56:25.713,10.42439,10.42615,1.50,1.00
2018.04.25 14:56:27.196,10.42429,10.42605,1.12,1.00
2018.04.25 14:56:29.708,10.42429,10.42605,1.37,1.00
2018.04.25 14:56:31.133,10.42429,10.42605,1.23,1.00
2018.04.25 14:56:31.850,10.4244,10.42616,1.00,1.00
2018.04.25 14:56:32.553,10.42438,10.42614,1.00,1.00
2018.04.25 14:56:36.057,10.42441,10.42617,1.00,1.00
2018.04.25 14:56:39.299,10.42429,10.42605,1.37,1.00
2018.04.25 14:56:39.942,10.42429,10.42605,1.12,1.00
2018.04.25 14:56:40.366,10.42427,10.42603,1.37,1.00
2018.04.25 14:56:40.994,10.42419,10.42595,1.37,1.00
2018.04.25 14:56:41.302,10.42417,10.42593,1.37,1.00
2018.04.25 14:56:41.697,10.42408,10.42585,1.00,1.00
2018.04.25 14:56:41.749,10.42393,10.42576,1.50,1.00
2018.04.25 14:56:41.852,10.42386,10.4256,1.00,1.00
2018.04.25 14:56:41.903,10.42386,10.42545,1.00,1.00
2018.04.25 14:56:41.954,10.42361,10.42534,1.00,1.00
2018.04.25 14:56:42.006,10.42358,10.42534,1.50,1.00
2018.04.25 14:56:42.057,10.42358,10.42534,1.50,1.60
2018.04.25 14:56:42.109,10.42338,10.42533,1.37,1.60
2018.04.25 14:56:42.161,10.42338,10.42533,1.37,1.60
2018.04.25 14:56:42.213,10.42338,10.42533,1.37,1.60
2018.04.25 14:56:42.637,10.42338,10.42533,1.37,1.00
2018.04.25 14:56:42.915,10.42335,10.42511,1.75,1.00
2018.04.25 14:56:43.070,10.42335,10.42511,1.00,1.00
2018.04.25 14:56:43.121,10.42325,10.42501,1.12,1.00
2018.04.25 14:56:44.182,10.42312,10.42488,1.87,1.00
2018.04.25 14:56:44.390,10.42285,10.42461,1.50,1.00
2018.04.25 14:56:44.645,10.42277,10.42453,1.00,1.00
2018.04.25 14:56:46.915,10.42253,10.42429,1.00,1.00
2018.04.25 14:56:47.263,10.42243,10.42419,1.00,1.00
2018.04.25 14:56:47.573,10.42237,10.42413,1.00,1.00
2018.04.25 14:56:48.216,10.42225,10.42401,1.00,1.00
2018.04.25 14:56:48.319,10.42174,10.42379,1.00,1.00
2018.04.25 14:56:48.947,10.4218,10.42358,1.00,1.00
2018.04.25 14:56:49.921,10.42132,10.42336,1.00,1.00
2018.04.25 14:56:51.012,10.42129,10.42333,1.00,1.00
2018.04.25 14:56:51.304,10.4213,10.42335,1.00,1.00
2018.04.25 14:56:52.244,10.42142,10.42318,1.00,1.00
2018.04.25 14:56:52.734,10.42122,10.42325,1.00,1.00
2018.04.25 14:56:52.787,10.42127,10.42325,1.00,1.00
2018.04.25 14:56:53.099,10.42127,10.42327,1.00,1.00
2018.04.25 14:56:53.150,10.42135,10.4234,1.00,1.00
2018.04.25 14:56:53.432,10.4215,10.42326,1.00,1.00
2018.04.25 14:57:02.595,10.42151,10.42327,1.00,1.00
2018.04.25 14:57:02.647,10.42159,10.42337,1.00,1.00
2018.04.25 14:57:02.767,10.42154,10.4233,1.00,1.00
2018.04.25 14:57:06.048,10.42145,10.42321,1.00,1.00
2018.04.25 14:57:06.365,10.42076,10.42241,1.00,1.00
2018.04.25 14:57:06.418,10.42076,10.42252,1.50,1.00
2018.04.25 14:57:06.573,10.42076,10.42242,1.00,1.00
2018.04.25 14:57:06.883,10.42066,10.42242,1.00,1.00
2018.04.25 14:57:07.182,10.42052,10.42228,1.00,1.00
2018.04.25 14:57:07.496,10.42056,10.42228,1.00,1.00
2018.04.25 14:57:07.808,10.42056,10.42174,1.00,1.00
2018.04.25 14:57:08.026,10.42036,10.42174,1.00,1.00
2018.04.25 14:57:08.489,10.42016,10.42174,1.00,1.00
2018.04.25 14:57:08.541,10.42016,10.42184,1.00,1.00
2018.04.25 14:57:08.655,10.42001,10.42195,1.00,1.00
2018.04.25 14:57:08.707,10.42012,10.42204,1.00,1.00
2018.04.25 14:57:08.759,10.42012,10.42208,1.00,1.00
2018.04.25 14:57:08.967,10.42026,10.42209,1.00,1.00
2018.04.25 14:57:09.276,10.42046,10.42209,1.00,1.00
2018.04.25 14:57:09.380,10.42046,10.42212,1.00,1.00
2018.04.25 14:57:09.688,10.42036,10.42211,1.00,1.00
2018.04.25 14:57:10.234,10.42036,10.42202,1.00,1.00
2018.04.25 14:57:10.550,10.42046,10.42208,1.00,1.00
2018.04.25 14:57:10.860,10.42046,10.42202,1.00,1.00
2018.04.25 14:57:11.150,10.42026,10.42202,1.00,1.00
2018.04.25 14:57:11.673,10.42035,10.42202,1.00,1.00
2018.04.25 14:57:13.754,10.42035,10.42195,1.00,1.00
2018.04.25 14:57:14.286,10.42035,10.42191,1.00,1.00
2018.04.25 14:57:15.005,10.42046,10.42191,1.00,1.00
2018.04.25 14:57:15.562,10.42046,10.42195,1.00,1.00
2018.04.25 14:57:18.038,10.42024,10.42195,1.00,1.00
2018.04.25 14:57:18.089,10.42012,10.42188,1.00,1.00
2018.04.25 14:57:19.832,10.4203,10.42206,1.00,1.00
2018.04.25 14:57:20.524,10.42036,10.42206,1.00,1.00
2018.04.25 14:57:20.576,10.42046,10.42222,1.00,1.00
2018.04.25 14:57:20.627,10.42032,10.42208,1.00,1.00
2018.04.25 14:57:20.932,10.42045,10.42221,1.00,1.00
2018.04.25 14:57:21.239,10.42036,10.42211,1.00,1.00
2018.04.25 14:57:21.685,10.42036,10.42211,1.00,1.60
2018.04.25 14:57:21.839,10.42036,10.4221,1.00,1.35
2018.04.25 14:57:21.890,10.42036,10.42194,1.00,1.00
2018.04.25 14:57:22.110,10.42026,10.42194,1.00,1.00
2018.04.25 14:57:22.214,10.42033,10.42209,1.00,1.60
2018.04.25 14:57:22.266,10.42036,10.4221,1.00,1.00
2018.04.25 14:57:22.511,10.4202,10.42196,1.00,1.00
2018.04.25 14:57:22.716,10.42039,10.42214,1.00,1.00
2018.04.25 14:57:22.818,10.42024,10.422,1.00,1.00
2018.04.25 14:57:22.971,10.42016,10.42179,1.00,1.00
2018.04.25 14:57:23.022,10.42016,10.42187,1.00,1.00
2018.04.25 14:57:23.304,10.42016,10.4216,1.00,1.00
2018.04.25 14:57:23.663,10.42006,10.4216,1.00,1.00
2018.04.25 14:57:23.868,10.42006,10.42172,1.00,1.00
2018.04.25 14:57:24.163,10.42016,10.42172,1.00,1.00
2018.04.25 14:57:25.648,10.42006,10.42172,1.00,1.00
2018.04.25 14:57:25.862,10.42006,10.42174,1.50,1.00
2018.04.25 14:57:26.213,10.42006,10.42172,1.00,1.00
2018.04.25 14:57:26.837,10.42006,10.42148,1.00,1.00
2018.04.25 14:57:27.390,10.42006,10.42152,1.00,1.00
2018.04.25 14:57:27.441,10.42006,10.42162,1.00,1.00
2018.04.25 14:57:27.752,10.42006,10.42174,1.00,1.00
2018.04.25 14:57:27.855,10.42016,10.42174,1.00,1.00
2018.04.25 14:57:28.206,10.42016,10.42169,1.00,1.00
2018.04.25 14:57:28.428,10.42006,10.42161,1.00,1.00
2018.04.25 14:57:29.589,10.42006,10.42169,1.00,1.00
2018.04.25 14:57:29.641,10.42006,10.42164,1.00,1.00
2018.04.25 14:57:29.694,10.42006,10.42169,1.00,1.00
2018.04.25 14:57:30.075,10.42016,10.42169,1.00,1.00
2018.04.25 14:57:30.386,10.42046,10.42169,1.00,1.00
2018.04.25 14:57:30.580,10.42041,10.42178,1.00,1.00
2018.04.25 14:57:30.634,10.4208,10.42233,1.00,1.00
2018.04.25 14:57:30.687,10.42075,10.4225,1.00,1.00
2018.04.25 14:57:30.740,10.4207,10.42246,1.00,1.50
2018.04.25 14:57:30.792,10.42075,10.42246,1.00,1.00
2018.04.25 14:57:30.845,10.42079,10.42276,1.00,1.00
2018.04.25 14:57:30.897,10.42085,10.42289,1.00,1.00
2018.04.25 14:57:30.950,10.42121,10.42297,1.00,1.00
2018.04.25 14:57:31.245,10.4217,10.42357,1.00,1.00
2018.04.25 14:57:31.297,10.42182,10.42371,1.00,1.00
2018.04.25 14:57:31.350,10.42193,10.42382,1.00,1.00
2018.04.25 14:57:31.609,10.42208,10.42422,1.00,1.00
2018.04.25 14:57:31.661,10.42219,10.4243,1.00,1.00
2018.04.25 14:57:31.829,10.42219,10.42433,1.00,1.00
2018.04.25 14:57:31.933,10.42219,10.42425,1.00,1.00
2018.04.25 14:57:31.985,10.42226,10.42436,1.00,1.12
2018.04.25 14:57:32.191,10.42226,10.42428,1.00,1.00
2018.04.25 14:57:32.243,10.42211,10.42431,1.00,1.00
2018.04.25 14:57:32.345,10.42208,10.42407,1.00,1.00
2018.04.25 14:57:32.397,10.42199,10.42419,1.50,1.00
2018.04.25 14:57:32.610,10.42192,10.42403,1.00,1.00
2018.04.25 14:57:32.933,10.42181,10.42383,1.00,1.00
2018.04.25 14:57:33.149,10.42181,10.42394,1.00,1.35
2018.04.25 14:57:33.200,10.42176,10.4239,1.00,1.00
2018.04.25 14:57:33.252,10.42176,10.42385,1.00,1.00
2018.04.25 14:57:33.689,10.42178,10.42386,1.00,1.00
2018.04.25 14:57:34.301,10.42179,10.42387,1.00,1.00
2018.04.25 14:57:34.606,10.42137,10.4234,1.00,1.00
2018.04.25 14:57:35.010,10.4213,10.42333,1.00,1.00
2018.04.25 14:57:35.062,10.42129,10.42345,1.00,1.00
2018.04.25 14:57:35.113,10.42129,10.42338,1.00,1.00
2018.04.25 14:57:35.165,10.42127,10.42345,1.00,1.00
2018.04.25 14:57:35.216,10.42136,10.42356,1.00,1.00
2018.04.25 14:57:35.268,10.42135,10.42326,1.00,1.00
2018.04.25 14:57:35.319,10.42128,10.42326,1.00,1.00
2018.04.25 14:57:35.378,10.42122,10.42326,1.00,1.00
2018.04.25 14:57:35.587,10.42122,10.42315,1.00,1.00
2018.04.25 14:57:35.895,10.42118,10.42307,1.00,1.00
2018.04.25 14:57:36.303,10.42131,10.4232,1.00,1.00
2018.04.25 14:57:36.610,10.42136,10.42325,1.00,1.00
2018.04.25 14:57:36.933,10.42124,10.42312,1.00,1.00
2018.04.25 14:57:37.154,10.42107,10.4231,1.00,1.00
2018.04.25 14:57:37.257,10.42089,10.42314,1.00,1.00
2018.04.25 14:57:37.360,10.42075,10.42314,1.00,1.00
2018.04.25 14:57:37.656,10.42066,10.42295,1.00,1.00
2018.04.25 14:57:37.962,10.42081,10.42301,1.00,1.00
2018.04.25 14:57:38.116,10.4209,10.42312,1.00,1.00
2018.04.25 14:57:38.168,10.42083,10.42312,1.00,1.00
2018.04.25 14:57:38.322,10.42088,10.42312,1.00,1.00
2018.04.25 14:57:38.749,10.42089,10.42307,1.00,1.00
2018.04.25 14:57:39.322,10.42089,10.42263,1.00,1.00
2018.04.25 14:57:39.374,10.42089,10.42274,1.00,1.00
2018.04.25 14:57:39.426,10.42082,10.42274,1.00,1.00
2018.04.25 14:57:39.479,10.42079,10.4227,1.00,1.00
2018.04.25 14:57:39.531,10.42074,10.42296,1.00,1.00
2018.04.25 14:57:40.061,10.42075,10.42295,1.00,1.00
2018.04.25 14:57:40.789,10.42089,10.42292,1.00,1.00
2018.04.25 14:57:41.524,10.42089,10.42278,1.00,1.00
2018.04.25 14:57:42.690,10.42085,10.42296,1.00,1.00
2018.04.25 14:57:42.749,10.42087,10.42254,1.00,1.37
2018.04.25 14:57:43.057,10.42036,10.42185,1.00,1.00
2018.04.25 14:57:44.182,10.42036,10.42175,1.00,1.00
2018.04.25 14:57:44.393,10.42026,10.42175,1.00,1.00
2018.04.25 14:57:45.081,10.42006,10.42175,1.00,1.00
2018.04.25 14:57:47.141,10.41996,10.42175,1.00,1.00
2018.04.25 14:57:47.547,10.41996,10.42173,1.00,1.00
2018.04.25 14:57:49.417,10.41996,10.42158,1.00,1.00
2018.04.25 14:57:50.244,10.41986,10.42158,1.00,1.00
2018.04.25 14:57:50.508,10.41982,10.42158,1.00,1.00
2018.04.25 14:57:51.008,10.4198,10.42156,1.00,1.00
2018.04.25 14:57:51.676,10.41963,10.42138,1.00,1.00
2018.04.25 14:57:52.436,10.41974,10.42149,1.00,1.00
2018.04.25 14:57:52.538,10.41974,10.42159,1.00,1.00
2018.04.25 14:57:52.690,10.41978,10.42159,1.00,1.00
2018.04.25 14:57:52.904,10.41972,10.42159,1.00,1.00
2018.04.25 14:57:53.674,10.41966,10.42148,1.00,1.00
2018.04.25 14:57:53.992,10.41966,10.42125,1.00,1.00
2018.04.25 14:57:54.533,10.41977,10.42153,1.00,1.00
2018.04.25 14:57:54.584,10.41987,10.42163,1.00,1.00
2018.04.25 14:57:58.938,10.41976,10.42154,1.00,1.00
2018.04.25 14:57:59.041,10.41973,10.42141,1.00,1.00
2018.04.25 14:57:59.225,10.41963,10.42141,1.00,1.00
2018.04.25 14:57:59.283,10.41907,10.42099,1.00,1.00
2018.04.25 14:57:59.334,10.41873,10.42062,1.00,1.00
2018.04.25 14:57:59.386,10.41824,10.4203,1.00,1.00
2018.04.25 14:57:59.438,10.41806,10.41984,1.00,1.00
2018.04.25 14:57:59.490,10.4178,10.41979,1.00,1.00
2018.04.25 14:57:59.541,10.4178,10.41984,1.00,1.00
2018.04.25 14:57:59.643,10.4181,10.41999,1.00,1.00
2018.04.25 14:57:59.694,10.41799,10.42003,1.00,1.00
2018.04.25 14:58:00.025,10.41809,10.42009,1.00,1.00
2018.04.25 14:58:00.127,10.41795,10.42,1.00,1.00
2018.04.25 14:58:00.230,10.41807,10.42009,1.00,1.00
2018.04.25 14:58:01.246,10.41796,10.42,1.00,1.00
2018.04.25 14:58:02.588,10.41796,10.41998,1.00,1.00
2018.04.25 14:58:02.639,10.41805,10.4201,1.00,1.50
2018.04.25 14:58:02.743,10.41796,10.41995,1.00,1.00
2018.04.25 14:58:03.648,10.41796,10.42,1.00,1.00
2018.04.25 14:58:03.751,10.41794,10.42,1.00,1.00
2018.04.25 14:58:03.803,10.41793,10.41994,1.00,1.00
2018.04.25 14:58:03.854,10.41793,10.41997,1.00,1.00
2018.04.25 14:58:04.687,10.41796,10.41996,1.00,1.00
2018.04.25 14:58:05.206,10.41791,10.41996,1.00,1.00
2018.04.25 14:58:05.258,10.41798,10.42003,1.00,1.00
2018.04.25 14:58:05.730,10.41798,10.41998,1.00,1.00
2018.04.25 14:58:06.035,10.418,10.41998,1.00,1.00
2018.04.25 14:58:06.137,10.418,10.42004,1.00,1.00
2018.04.25 14:58:07.186,10.41801,10.42006,1.00,1.00
2018.04.25 14:58:07.289,10.4182,10.42012,1.00,1.00
2018.04.25 14:58:07.341,10.41808,10.42012,1.00,1.00
2018.04.25 14:58:07.701,10.41819,10.42012,1.00,1.00
2018.04.25 14:58:07.813,10.41808,10.42012,1.00,1.50
2018.04.25 14:58:08.230,10.41821,10.42025,1.00,1.00
2018.04.25 14:58:08.281,10.41821,10.42028,1.00,1.00
2018.04.25 14:58:08.417,10.41833,10.42037,1.00,1.00
2018.04.25 14:58:08.521,10.4182,10.42025,1.00,1.00
2018.04.25 14:58:08.572,10.41831,10.42036,1.00,1.00
2018.04.25 14:58:09.051,10.41821,10.42026,1.00,1.00
2018.04.25 14:58:09.902,10.41816,10.42021,1.00,1.00
2018.04.25 14:58:09.954,10.41802,10.42009,1.00,1.00
2018.04.25 14:58:10.681,10.41793,10.41998,1.00,1.00
2018.04.25 14:58:11.025,10.41824,10.42,1.00,1.00
2018.04.25 14:58:11.330,10.41813,10.41989,1.00,1.00
2018.04.25 14:58:11.669,10.41821,10.41997,1.00,1.00
2018.04.25 14:58:11.980,10.41799,10.41975,1.00,1.00
2018.04.25 14:58:12.325,10.41855,10.42031,1.00,1.00
2018.04.25 14:58:12.583,10.41829,10.42007,1.00,1.00
2018.04.25 14:58:12.837,10.4182,10.41996,1.00,1.00
2018.04.25 14:58:13.179,10.41827,10.42003,1.00,1.00
2018.04.25 14:58:13.530,10.41803,10.41979,1.00,1.00
2018.04.25 14:58:13.945,10.41788,10.41964,1.00,1.00
2018.04.25 14:58:14.679,10.41803,10.41979,1.00,1.00
2018.04.25 14:58:15.161,10.4178,10.41956,1.00,1.00
2018.04.25 14:58:15.489,10.41758,10.41934,1.00,1.00
2018.04.25 14:58:17.595,10.41748,10.41924,1.00,1.00
2018.04.25 14:58:18.102,10.41747,10.41923,1.00,1.00
2018.04.25 14:58:18.412,10.41741,10.41917,1.00,1.00
2018.04.25 14:58:18.850,10.41735,10.41935,1.00,1.00
2018.04.25 14:58:19.004,10.41726,10.419,1.00,1.00
2018.04.25 14:58:19.056,10.41726,10.41919,1.00,1.00
2018.04.25 14:58:19.107,10.41737,10.41931,1.00,1.00
2018.04.25 14:58:19.158,10.41726,10.41919,1.00,1.00
2018.04.25 14:58:19.209,10.41726,10.4193,1.00,1.50
2018.04.25 14:58:19.313,10.41726,10.41912,1.00,1.00
2018.04.25 14:58:19.364,10.41726,10.41922,1.00,1.00
2018.04.25 14:58:19.518,10.41736,10.41922,1.00,1.00
2018.04.25 14:58:19.620,10.41736,10.41924,1.00,1.50
2018.04.25 14:58:19.778,10.41736,10.41919,1.00,1.00
2018.04.25 14:58:20.129,10.41716,10.41919,1.00,1.00
2018.04.25 14:58:20.182,10.41721,10.41897,1.00,1.00
2018.04.25 14:58:20.694,10.4172,10.41896,1.00,1.00
2018.04.25 14:58:21.031,10.41716,10.41889,1.00,1.00
2018.04.25 14:58:21.186,10.41739,10.41915,1.00,1.00
2018.04.25 14:58:21.491,10.41725,10.41901,1.00,1.00
2018.04.25 14:58:21.830,10.41706,10.41866,1.00,1.00
2018.04.25 14:58:22.135,10.41686,10.41844,1.00,1.00
2018.04.25 14:58:22.288,10.41676,10.41844,1.00,1.00
2018.04.25 14:58:22.738,10.41659,10.41844,1.00,1.00
2018.04.25 14:58:22.790,10.41673,10.41857,1.00,1.00
2018.04.25 14:58:23.252,10.41676,10.41857,1.00,1.00
2018.04.25 14:58:23.566,10.41686,10.41867,1.00,1.00
2018.04.25 14:58:23.617,10.41686,10.41871,1.00,1.00
2018.04.25 14:58:25.301,10.4167,10.41849,1.00,1.00
2018.04.25 14:58:25.353,10.41652,10.41836,1.00,1.00
2018.04.25 14:58:25.502,10.41664,10.41846,1.00,1.00
2018.04.25 14:58:25.555,10.41671,10.41859,1.00,1.00
2018.04.25 14:58:25.607,10.41671,10.41871,1.00,1.00
2018.04.25 14:58:25.660,10.41676,10.41872,1.00,1.00
2018.04.25 14:58:25.764,10.41695,10.419,1.00,1.00
2018.04.25 14:58:26.168,10.41705,10.419,1.00,1.00
2018.04.25 14:58:26.219,10.41706,10.41911,1.00,1.00
2018.04.25 14:58:26.270,10.4173,10.41935,1.00,1.00
2018.04.25 14:58:26.578,10.41742,10.41947,1.00,1.00
2018.04.25 14:58:26.629,10.4173,10.41937,1.00,1.00
2018.04.25 14:58:27.287,10.41709,10.41914,1.50,1.00
2018.04.25 14:58:27.634,10.41723,10.41928,1.00,1.00
2018.04.25 14:58:29.114,10.41733,10.41909,1.00,1.00
2018.04.25 14:58:29.608,10.41743,10.41919,1.00,1.00
2018.04.25 14:58:29.986,10.41764,10.4194,1.00,1.00
2018.04.25 14:58:30.190,10.41748,10.41942,1.00,1.00
2018.04.25 14:58:32.594,10.4176,10.41936,1.00,1.00
2018.04.25 14:58:33.780,10.41755,10.41931,1.00,1.00
2018.04.25 14:58:36.044,10.41752,10.4193,1.00,1.00
2018.04.25 14:58:37.236,10.41775,10.41951,1.00,1.00
2018.04.25 14:58:37.543,10.41814,10.4199,1.00,1.00
2018.04.25 14:58:37.696,10.41793,10.41971,1.00,1.00
2018.04.25 14:58:38.175,10.41783,10.41959,1.00,1.00
2018.04.25 14:58:38.482,10.41772,10.4195,1.00,1.00
2018.04.25 14:58:38.534,10.41762,10.41938,1.00,1.00
2018.04.25 14:58:39.000,10.4175,10.41926,1.00,1.00
2018.04.25 14:58:39.570,10.41751,10.41927,1.00,1.00
2018.04.25 14:58:41.014,10.41735,10.41906,1.00,1.00
2018.04.25 14:58:41.277,10.41746,10.41922,1.00,1.00
2018.04.25 14:58:41.687,10.41763,10.41939,1.00,1.00
2018.04.25 14:58:42.020,10.41752,10.41928,1.00,1.00
2018.04.25 14:58:44.722,10.41751,10.41929,1.00,1.00
2018.04.25 14:58:45.219,10.41743,10.41921,1.00,1.00
2018.04.25 14:58:45.528,10.41736,10.41903,1.00,1.00
2018.04.25 14:58:46.179,10.41745,10.41921,1.00,1.00
2018.04.25 14:58:46.231,10.41764,10.4194,1.00,1.00
2018.04.25 14:58:46.333,10.41775,10.41959,1.00,1.00
2018.04.25 14:58:46.638,10.41779,10.41965,1.00,1.00
2018.04.25 14:58:46.689,10.41779,10.41967,1.00,1.00
2018.04.25 14:58:47.241,10.41779,10.41968,1.00,1.00
2018.04.25 14:58:47.637,10.41776,10.41968,1.00,1.00
2018.04.25 14:58:47.689,10.41776,10.41966,1.00,1.00
2018.04.25 14:58:48.834,10.41763,10.41939,1.00,1.00
2018.04.25 14:58:49.194,10.41749,10.41925,1.00,1.00
2018.04.25 14:58:49.664,10.41762,10.41938,1.00,1.00
2018.04.25 14:58:51.047,10.41758,10.41934,1.00,1.00
2018.04.25 14:58:52.675,10.41764,10.4195,1.00,1.00
2018.04.25 14:58:52.889,10.41771,10.41959,1.00,1.00
2018.04.25 14:58:53.143,10.41771,10.4197,1.00,1.00
2018.04.25 14:58:53.195,10.41792,10.41976,1.00,1.00
2018.04.25 14:58:54.815,10.41792,10.41968,1.00,1.00
2018.04.25 14:58:55.125,10.41768,10.41938,1.00,1.00
2018.04.25 14:58:56.209,10.41788,10.41958,1.00,1.00
2018.04.25 14:58:58.308,10.41788,10.41948,1.00,1.00
2018.04.25 14:58:58.784,10.41758,10.41948,1.00,1.00
2018.04.25 14:58:59.092,10.41765,10.41935,1.00,1.00
2018.04.25 14:59:00.870,10.41765,10.41929,1.00,1.00
2018.04.25 14:59:01.076,10.41765,10.41935,1.00,1.00
2018.04.25 14:59:01.579,10.41765,10.41928,1.00,1.00
2018.04.25 14:59:01.682,10.41765,10.41935,1.00,1.00
2018.04.25 14:59:02.160,10.41765,10.41928,1.00,1.00
2018.04.25 14:59:02.727,10.41765,10.41935,1.00,1.00
2018.04.25 14:59:03.171,10.41765,10.41926,1.00,1.00
2018.04.25 14:59:03.222,10.4175,10.41926,1.00,1.00
2018.04.25 14:59:03.274,10.41769,10.41937,1.00,1.00
2018.04.25 14:59:05.356,10.41769,10.41923,1.00,1.00
2018.04.25 14:59:05.458,10.41769,10.41937,1.00,1.00
2018.04.25 14:59:07.193,10.41745,10.41921,1.00,1.00
2018.04.25 14:59:07.245,10.41766,10.41934,1.00,1.00
2018.04.25 14:59:07.551,10.41766,10.41921,1.00,1.00
2018.04.25 14:59:07.603,10.41745,10.41921,1.00,1.00
2018.04.25 14:59:07.656,10.41768,10.41938,1.00,1.00
2018.04.25 14:59:10.723,10.41768,10.41936,1.00,1.00
2018.04.25 14:59:11.048,10.41756,10.41916,1.00,1.00
2018.04.25 14:59:11.356,10.41736,10.41884,1.00,1.00
2018.04.25 14:59:11.695,10.41725,10.41884,1.00,1.00
2018.04.25 14:59:12.129,10.41716,10.41884,1.00,1.00
2018.04.25 14:59:12.413,10.41721,10.41884,1.00,1.00
2018.04.25 14:59:12.885,10.41721,10.41889,1.00,1.00
2018.04.25 14:59:12.937,10.41744,10.41912,1.00,1.00
2018.04.25 14:59:12.989,10.41767,10.41952,1.00,1.00
2018.04.25 14:59:13.040,10.4177,10.41946,1.00,1.00
2018.04.25 14:59:13.092,10.41781,10.41959,1.00,1.00
2018.04.25 14:59:13.788,10.41799,10.41979,1.00,1.00
2018.04.25 14:59:14.149,10.41814,10.4199,1.00,1.00
2018.04.25 14:59:14.201,10.4183,10.42007,1.00,1.00
2018.04.25 14:59:14.253,10.41801,10.42004,1.00,1.00
2018.04.25 14:59:14.650,10.41814,10.42004,1.00,1.00
2018.04.25 14:59:15.385,10.41802,10.42004,1.00,1.00
2018.04.25 14:59:15.658,10.41819,10.41987,1.00,1.00
2018.04.25 14:59:17.641,10.41821,10.41987,1.00,1.00
2018.04.25 14:59:17.692,10.41819,10.41987,1.00,1.00
2018.04.25 14:59:18.466,10.41805,10.41981,1.00,1.00
2018.04.25 14:59:18.518,10.41793,10.41971,1.00,1.00
2018.04.25 14:59:18.891,10.41794,10.41962,1.00,1.00
2018.04.25 14:59:19.317,10.41794,10.4196,1.00,1.00
2018.04.25 14:59:20.821,10.41768,10.41937,1.00,1.00
2018.04.25 14:59:20.977,10.41755,10.4193,1.00,1.00
2018.04.25 14:59:21.145,10.41719,10.41888,1.00,1.00
2018.04.25 14:59:21.196,10.41719,10.41895,1.00,1.00
2018.04.25 14:59:21.349,10.41705,10.41883,1.00,1.00
2018.04.25 14:59:21.888,10.41706,10.41883,1.00,1.00
2018.04.25 14:59:22.246,10.41719,10.41895,1.00,1.00
2018.04.25 14:59:22.547,10.41746,10.41908,1.00,1.00
2018.04.25 14:59:22.598,10.41738,10.41908,1.50,1.00
2018.04.25 14:59:22.649,10.4174,10.41908,1.00,1.00
2018.04.25 14:59:22.954,10.41764,10.41932,1.00,1.00
2018.04.25 14:59:23.303,10.41773,10.41932,1.00,1.00
2018.04.25 14:59:25.697,10.41735,10.41911,1.00,1.00
2018.04.25 14:59:25.749,10.41744,10.41911,1.00,1.00
2018.04.25 14:59:25.852,10.41736,10.41922,1.00,1.00
2018.04.25 14:59:25.954,10.41741,10.41909,1.00,1.00
2018.04.25 14:59:26.698,10.41731,10.41907,1.00,1.00
2018.04.25 14:59:26.802,10.41718,10.41894,1.00,1.00
2018.04.25 14:59:27.106,10.41676,10.4185,1.00,1.00
2018.04.25 14:59:27.175,10.41662,10.41838,1.00,1.00
2018.04.25 14:59:27.226,10.41656,10.41832,1.00,1.00
2018.04.25 14:59:27.536,10.41675,10.41832,1.00,1.00
2018.04.25 14:59:27.700,10.41666,10.41832,1.00,1.00
2018.04.25 14:59:28.957,10.41689,10.41832,1.00,1.00
2018.04.25 14:59:29.563,10.41689,10.41843,1.00,1.00
2018.04.25 14:59:30.778,10.41711,10.41855,1.00,1.00
2018.04.25 14:59:30.830,10.41702,10.41865,1.35,1.00
2018.04.25 14:59:30.882,10.41725,10.41901,1.00,1.00
2018.04.25 14:59:30.933,10.41731,10.41907,1.00,1.00
2018.04.25 14:59:31.087,10.41729,10.41929,1.00,1.00
2018.04.25 14:59:31.139,10.41715,10.41891,1.60,1.00
2018.04.25 14:59:31.191,10.41715,10.41891,1.00,1.00
2018.04.25 14:59:31.242,10.4173,10.41927,1.00,1.00
2018.04.25 14:59:31.296,10.4173,10.41934,1.60,1.00
2018.04.25 14:59:31.348,10.41753,10.41929,1.60,1.00
2018.04.25 14:59:31.470,10.41764,10.4194,1.00,1.00
2018.04.25 14:59:32.162,10.41774,10.41952,1.00,1.00
2018.04.25 14:59:32.336,10.41783,10.41952,1.00,1.00
2018.04.25 14:59:32.643,10.4181,10.41964,1.00,1.00
2018.04.25 14:59:32.694,10.41796,10.41964,1.00,1.00
2018.04.25 14:59:32.904,10.41796,10.41952,1.00,1.00
2018.04.25 14:59:34.231,10.41801,10.41963,1.00,1.00
2018.04.25 14:59:34.384,10.41781,10.41946,1.00,1.00
2018.04.25 14:59:34.487,10.41779,10.41946,1.00,1.00
2018.04.25 14:59:34.590,10.41778,10.41934,1.00,1.00
2018.04.25 14:59:34.694,10.41758,10.41934,1.00,1.00
2018.04.25 14:59:34.796,10.41778,10.41934,1.00,1.00
2018.04.25 14:59:34.971,10.41758,10.41934,1.00,1.00
2018.04.25 14:59:35.358,10.41777,10.41934,1.00,1.00
2018.04.25 14:59:35.677,10.41781,10.41944,1.00,1.00
2018.04.25 14:59:35.730,10.41777,10.41944,1.00,1.00
2018.04.25 14:59:35.782,10.41786,10.41947,1.00,1.00
2018.04.25 14:59:35.884,10.41786,10.41954,1.00,1.00
2018.04.25 14:59:35.936,10.41786,10.41963,1.00,1.00
2018.04.25 14:59:35.987,10.41786,10.41946,1.00,1.00
2018.04.25 14:59:36.039,10.41782,10.41955,1.00,1.00
2018.04.25 14:59:36.180,10.41799,10.41953,1.00,1.00
2018.04.25 14:59:36.338,10.41734,10.41942,1.00,1.60
2018.04.25 14:59:36.389,10.41729,10.41896,1.00,1.00
2018.04.25 14:59:37.141,10.41729,10.41942,1.00,1.60
2018.04.25 14:59:37.244,10.41729,10.41895,1.00,1.00
2018.04.25 14:59:37.346,10.41729,10.41926,1.00,1.00
2018.04.25 14:59:37.828,10.41731,10.41899,1.00,1.00
2018.04.25 14:59:39.217,10.41731,10.41892,1.00,1.00
2018.04.25 14:59:39.372,10.41731,10.41899,1.00,1.00
2018.04.25 14:59:39.673,10.41743,10.41899,1.00,1.00
2018.04.25 14:59:47.765,10.41749,10.41919,1.00,1.00
2018.04.25 14:59:47.821,10.41761,10.41928,1.00,1.00
2018.04.25 14:59:48.155,10.41773,10.41929,1.00,1.00
2018.04.25 14:59:51.023,10.41773,10.41926,1.00,1.00
2018.04.25 14:59:51.762,10.41773,10.41914,1.00,1.00
2018.04.25 14:59:52.094,10.41778,10.41935,1.00,1.00
2018.04.25 14:59:52.145,10.41814,10.41954,1.00,1.00
2018.04.25 14:59:52.464,10.41826,10.41954,1.00,1.00
2018.04.25 14:59:52.766,10.41822,10.41944,1.00,1.00
2018.04.25 14:59:52.971,10.41797,10.41934,1.00,1.00
2018.04.25 14:59:53.175,10.41804,10.41934,1.00,1.00
2018.04.25 14:59:53.321,10.41804,10.41955,1.00,1.00
2018.04.25 14:59:53.423,10.4182,10.41955,1.00,1.00
2018.04.25 14:59:53.729,10.4182,10.41944,1.00,1.00
2018.04.25 14:59:53.973,10.4182,10.41954,1.00,1.00
2018.04.25 14:59:55.091,10.4182,10.41934,1.00,1.00
2018.04.25 14:59:55.390,10.4182,10.41944,1.00,1.00
2018.04.25 14:59:55.681,10.4182,10.41953,1.00,1.00
2018.04.25 14:59:56.228,10.4182,10.41954,1.00,1.00
2018.04.25 14:59:57.118,10.41802,10.41954,1.00,1.00
2018.04.25 14:59:57.355,10.41784,10.41934,1.00,1.00
2018.04.25 14:59:57.678,10.41782,10.41925,1.00,1.00
2018.04.25 14:59:57.906,10.41782,10.41944,1.00,1.00
2018.04.25 14:59:58.419,10.41781,10.41944,1.00,1.00
2018.04.25 14:59:58.721,10.41786,10.41944,1.00,1.00
2018.04.25 14:59:59.126,10.41803,10.41954,1.00,1.00
