2016.12.05 20:00:00.232,9.81635,9.81884,1.00,1.00
2016.12.05 20:00:01.160,9.81635,9.81874,1.00,1.00
2016.12.05 20:00:12.496,9.81636,9.8186,1.00,1.00
2016.12.05 20:00:14.236,9.81637,9.81861,1.00,1.00
2016.12.05 20:00:19.706,9.81645,9.81894,1.00,1.00
2016.12.05 20:00:19.757,9.81645,9.81904,1.00,1.00
2016.12.05 20:00:19.858,9.81764,9.81904,1.00,1.00
2016.12.05 20:00:19.909,9.81727,9.81904,1.00,1.00
2016.12.05 20:00:20.061,9.81727,9.81934,1.00,1.00
2016.12.05 20:00:20.884,9.81648,9.81919,1.00,1.00
2016.12.05 20:00:22.391,9.81648,9.81914,1.00,1.00
2016.12.05 20:00:23.451,9.81648,9.81919,1.00,1.00
2016.12.05 20:00:25.101,9.81649,9.81895,1.00,1.00
2016.12.05 20:00:25.628,9.8165,9.81914,1.00,1.00
2016.12.05 20:00:26.124,9.81656,9.81914,1.00,1.50
2016.12.05 20:00:26.626,9.8165,9.81914,1.00,1.50
2016.12.05 20:00:27.496,9.81649,9.81911,1.00,1.00
2016.12.05 20:00:29.129,9.8165,9.81887,1.00,1.00
2016.12.05 20:00:29.383,9.8165,9.81914,1.00,1.00
2016.12.05 20:00:29.918,9.81651,9.81914,1.00,1.00
2016.12.05 20:00:36.776,9.8165,9.81889,1.00,1.00
2016.12.05 20:00:36.827,9.8165,9.81914,1.00,1.00
2016.12.05 20:00:36.978,9.81656,9.81914,1.00,1.00
2016.12.05 20:00:40.819,9.81656,9.81917,1.00,1.00
2016.12.05 20:00:41.377,9.8165,9.81917,1.00,1.00
2016.12.05 20:00:42.575,9.81652,9.81914,1.00,1.00
2016.12.05 20:00:42.911,9.81652,9.81897,1.00,1.00
2016.12.05 20:00:43.570,9.81656,9.81897,1.00,1.00
2016.12.05 20:00:44.052,9.81652,9.81897,1.00,1.00
2016.12.05 20:00:44.305,9.81668,9.81899,1.00,1.00
2016.12.05 20:00:46.656,9.81668,9.81914,1.00,1.00
2016.12.05 20:00:52.196,9.81666,9.8189,1.00,1.00
2016.12.05 20:00:57.595,9.81671,9.81895,1.00,1.00
2016.12.05 20:01:03.038,9.81653,9.8189,1.00,1.00
2016.12.05 20:01:08.415,9.81631,9.81887,1.00,1.00
2016.12.05 20:01:09.051,9.81653,9.81887,1.00,1.00
2016.12.05 20:01:12.586,9.81651,9.81895,1.00,1.00
2016.12.05 20:01:21.129,9.81668,9.81915,1.00,1.00
2016.12.05 20:01:21.627,9.81668,9.81895,1.00,1.00
2016.12.05 20:01:22.629,9.81651,9.81882,1.00,1.00
2016.12.05 20:01:23.349,9.81667,9.81891,1.00,1.00
2016.12.05 20:01:23.841,9.81646,9.81901,1.00,1.00
2016.12.05 20:01:23.892,9.81668,9.81897,1.00,1.00
2016.12.05 20:01:27.639,9.81669,9.81893,1.00,1.00
2016.12.05 20:01:37.209,9.81666,9.8191,1.00,1.00
2016.12.05 20:01:38.197,9.8166,9.81892,1.00,1.00
2016.12.05 20:01:43.098,9.8166,9.81914,1.00,1.00
2016.12.05 20:01:48.370,9.8166,9.81889,1.00,1.00
2016.12.05 20:01:49.356,9.8167,9.81904,1.00,1.00
2016.12.05 20:01:51.284,9.81659,9.81893,1.00,1.00
2016.12.05 20:01:57.675,9.81661,9.8191,1.00,1.00
2016.12.05 20:02:00.624,9.81658,9.8189,1.00,1.00
2016.12.05 20:02:00.876,9.81655,9.81909,1.00,1.00
2016.12.05 20:02:01.774,9.81655,9.81904,1.00,1.00
2016.12.05 20:02:02.340,9.81657,9.81881,1.00,1.00
2016.12.05 20:02:05.865,9.81646,9.81872,1.00,1.00
2016.12.05 20:02:12.738,9.81648,9.81872,1.00,1.00
2016.12.05 20:02:14.447,9.81645,9.81872,1.00,1.00
2016.12.05 20:02:24.238,9.81643,9.81897,1.00,1.00
2016.12.05 20:02:24.340,9.81642,9.81866,1.00,1.00
2016.12.05 20:02:27.802,9.81639,9.81863,1.00,1.00
2016.12.05 20:02:29.492,9.81643,9.81867,1.00,1.00
2016.12.05 20:02:29.594,9.81636,9.81863,1.00,1.00
2016.12.05 20:02:30.330,9.81654,9.81894,1.00,1.00
2016.12.05 20:02:30.481,9.81635,9.81894,1.00,1.00
2016.12.05 20:02:32.202,9.81635,9.81865,1.00,1.00
2016.12.05 20:02:33.845,9.81609,9.81881,1.00,1.00
2016.12.05 20:02:42.789,9.81611,9.81862,1.00,1.00
2016.12.05 20:02:44.531,9.8161,9.81864,1.00,1.00
2016.12.05 20:02:52.909,9.81635,9.81864,1.00,1.00
2016.12.05 20:02:53.422,9.81643,9.81878,1.00,1.00
2016.12.05 20:02:53.473,9.81646,9.81882,1.00,1.00
2016.12.05 20:02:57.795,9.81647,9.81871,1.00,1.00
2016.12.05 20:02:59.361,9.8164,9.81864,1.00,1.00
2016.12.05 20:03:07.395,9.81637,9.81861,1.00,1.00
2016.12.05 20:03:12.875,9.81641,9.81892,1.00,1.00
2016.12.05 20:03:12.926,9.81641,9.81894,1.00,1.00
2016.12.05 20:03:12.976,9.81653,9.81894,1.00,1.00
2016.12.05 20:03:13.842,9.81636,9.81894,1.00,1.00
2016.12.05 20:03:14.567,9.81652,9.81894,1.00,1.00
2016.12.05 20:03:17.257,9.81647,9.81871,1.00,1.00
2016.12.05 20:03:20.389,9.8164,9.81894,1.00,1.00
2016.12.05 20:03:22.217,9.81646,9.8187,1.00,1.00
2016.12.05 20:03:27.855,9.81638,9.81878,1.00,1.00
2016.12.05 20:03:27.906,9.81649,9.81892,1.00,1.00
2016.12.05 20:03:28.007,9.8165,9.81878,1.00,1.00
2016.12.05 20:03:28.625,9.81638,9.81894,1.00,1.00
2016.12.05 20:03:28.726,9.81638,9.81884,1.00,1.00
2016.12.05 20:03:29.041,9.81649,9.81873,1.00,1.00
2016.12.05 20:03:29.691,9.81652,9.81884,1.00,1.00
2016.12.05 20:03:29.842,9.8165,9.81884,1.00,1.00
2016.12.05 20:03:29.944,9.8165,9.81889,1.00,1.00
2016.12.05 20:03:30.344,9.81634,9.81873,1.00,1.00
2016.12.05 20:03:30.395,9.81634,9.81894,1.00,1.00
2016.12.05 20:03:30.939,9.81635,9.81894,1.00,1.50
2016.12.05 20:03:30.990,9.81647,9.81871,1.00,1.00
2016.12.05 20:03:31.489,9.81654,9.81894,1.00,1.00
2016.12.05 20:03:31.847,9.81652,9.81877,1.00,1.00
2016.12.05 20:03:32.594,9.81638,9.81884,1.00,1.00
2016.12.05 20:03:32.979,9.8165,9.81876,1.00,1.00
2016.12.05 20:03:33.434,9.81653,9.81894,1.00,1.00
2016.12.05 20:03:33.840,9.81655,9.81894,1.00,1.50
2016.12.05 20:03:34.193,9.81652,9.81876,1.00,1.00
2016.12.05 20:03:34.791,9.8164,9.81884,1.00,1.00
2016.12.05 20:03:34.893,9.8164,9.81877,1.00,1.00
2016.12.05 20:03:35.431,9.81652,9.81884,1.00,1.00
2016.12.05 20:03:35.734,9.81653,9.81877,1.00,1.00
2016.12.05 20:03:42.891,9.81653,9.81894,1.00,1.00
2016.12.05 20:03:43.542,9.81646,9.8187,1.00,1.00
2016.12.05 20:03:44.434,9.81653,9.81894,1.00,1.00
2016.12.05 20:03:44.758,9.81647,9.81871,1.00,1.00
2016.12.05 20:03:44.810,9.81653,9.81894,1.00,1.00
2016.12.05 20:03:44.912,9.81647,9.81871,1.00,1.00
2016.12.05 20:03:45.762,9.8164,9.81864,1.00,1.00
2016.12.05 20:03:45.870,9.8164,9.81894,1.00,1.00
2016.12.05 20:03:45.975,9.8164,9.81865,1.00,1.00
2016.12.05 20:03:46.025,9.8164,9.81894,1.00,1.00
2016.12.05 20:03:46.766,9.81641,9.81865,1.00,1.00
2016.12.05 20:03:46.917,9.81641,9.81894,1.00,1.00
2016.12.05 20:03:46.980,9.81641,9.81865,1.00,1.00
2016.12.05 20:03:47.031,9.81641,9.81894,1.00,1.00
2016.12.05 20:03:47.091,9.8164,9.81865,1.00,1.00
2016.12.05 20:03:47.190,9.8164,9.81894,1.00,1.00
2016.12.05 20:03:48.093,9.81653,9.81894,1.00,1.50
2016.12.05 20:03:52.274,9.81646,9.8187,1.00,1.00
2016.12.05 20:03:57.935,9.8164,9.81887,1.00,1.00
2016.12.05 20:03:59.657,9.8164,9.81869,1.00,1.00
2016.12.05 20:04:02.830,9.81633,9.81884,1.00,1.50
2016.12.05 20:04:02.931,9.81635,9.81868,1.00,1.00
2016.12.05 20:04:12.960,9.81635,9.81862,1.00,1.00
2016.12.05 20:04:13.870,9.81608,9.81862,1.00,1.00
2016.12.05 20:04:13.932,9.81628,9.81882,1.00,1.00
2016.12.05 20:04:14.686,9.81627,9.81864,1.00,1.00
2016.12.05 20:04:16.013,9.81635,9.81862,1.00,1.00
2016.12.05 20:04:16.064,9.81635,9.81882,1.00,1.00
2016.12.05 20:04:16.115,9.81649,9.81884,1.00,1.00
2016.12.05 20:04:16.441,9.81652,9.81882,1.00,1.00
2016.12.05 20:04:17.037,9.81644,9.81868,1.00,1.00
2016.12.05 20:04:17.088,9.81647,9.81884,1.00,1.00
2016.12.05 20:04:17.232,9.81633,9.81884,1.00,1.00
2016.12.05 20:04:17.283,9.81603,9.81874,1.00,1.00
2016.12.05 20:04:17.333,9.81628,9.81874,1.00,1.00
2016.12.05 20:04:17.384,9.81603,9.81874,1.00,1.00
2016.12.05 20:04:17.435,9.81628,9.81874,1.00,1.00
2016.12.05 20:04:18.200,9.81628,9.81879,1.00,1.00
2016.12.05 20:04:18.301,9.8165,9.81894,1.00,1.00
2016.12.05 20:04:18.604,9.8165,9.81884,1.00,1.00
2016.12.05 20:04:19.142,9.81636,9.81894,1.00,1.50
2016.12.05 20:04:19.243,9.81641,9.81865,1.00,1.00
2016.12.05 20:04:19.294,9.81647,9.81884,1.00,1.00
2016.12.05 20:04:19.446,9.81603,9.81859,1.00,1.00
2016.12.05 20:04:19.497,9.81603,9.81884,1.00,1.50
2016.12.05 20:04:19.548,9.81603,9.81859,1.00,1.00
2016.12.05 20:04:19.936,9.81628,9.81884,1.00,1.00
2016.12.05 20:04:20.239,9.81627,9.81868,1.00,1.00
2016.12.05 20:04:28.024,9.81645,9.81882,1.00,1.00
2016.12.05 20:04:29.736,9.81642,9.81866,1.00,1.00
2016.12.05 20:04:29.838,9.81628,9.81882,1.00,1.00
2016.12.05 20:04:30.356,9.81603,9.81884,1.00,1.00
2016.12.05 20:04:30.407,9.81626,9.81884,1.00,1.50
2016.12.05 20:04:30.777,9.81603,9.81872,1.00,1.00
2016.12.05 20:04:30.880,9.81628,9.81884,1.00,1.00
2016.12.05 20:04:31.385,9.81605,9.81864,1.00,1.00
2016.12.05 20:04:31.436,9.81605,9.81884,1.00,1.00
2016.12.05 20:04:31.557,9.81605,9.81865,1.00,1.00
2016.12.05 20:04:31.608,9.81605,9.81884,1.00,1.00
2016.12.05 20:04:31.709,9.81604,9.81871,1.00,1.00
2016.12.05 20:04:43.077,9.81603,9.81858,1.00,1.00
2016.12.05 20:04:44.782,9.81603,9.81869,1.00,1.00
2016.12.05 20:04:46.638,9.81626,9.81874,1.00,1.00
2016.12.05 20:04:46.742,9.81626,9.81884,1.00,1.00
2016.12.05 20:04:46.843,9.81598,9.8186,1.00,1.00
2016.12.05 20:04:46.970,9.81598,9.81874,1.00,1.00
2016.12.05 20:04:47.334,9.81598,9.81884,1.00,1.50
2016.12.05 20:04:47.637,9.81603,9.81875,1.00,1.00
2016.12.05 20:04:55.537,9.81636,9.81875,1.00,1.00
2016.12.05 20:04:56.142,9.81629,9.81864,1.00,1.00
2016.12.05 20:04:58.066,9.81629,9.81863,1.00,1.00
2016.12.05 20:04:59.783,9.81629,9.81875,1.00,1.00
2016.12.05 20:04:59.885,9.81622,9.81875,1.00,1.00
2016.12.05 20:05:00.155,9.81638,9.81862,1.00,1.00
2016.12.05 20:05:00.885,9.81629,9.81875,1.00,1.00
2016.12.05 20:05:01.277,9.81629,9.8188,1.00,1.00
2016.12.05 20:05:01.479,9.81639,9.81863,1.00,1.00
2016.12.05 20:05:01.937,9.81629,9.81882,1.00,1.00
2016.12.05 20:05:02.271,9.81603,9.81863,1.00,1.00
2016.12.05 20:05:13.066,9.81603,9.81857,1.00,1.00
2016.12.05 20:05:13.116,9.81603,9.81874,1.00,1.00
2016.12.05 20:05:13.401,9.81628,9.8186,1.00,1.00
2016.12.05 20:05:14.847,9.81628,9.81874,1.00,1.00
2016.12.05 20:05:14.916,9.81634,9.81858,1.00,1.00
2016.12.05 20:05:14.967,9.81628,9.81874,1.00,1.00
2016.12.05 20:05:15.068,9.81633,9.81859,1.00,1.00
2016.12.05 20:05:15.810,9.81628,9.81874,1.00,1.00
2016.12.05 20:05:16.940,9.81628,9.81862,1.00,1.00
2016.12.05 20:05:24.290,9.81623,9.81874,1.00,1.00
2016.12.05 20:05:24.405,9.81623,9.81884,1.00,1.00
2016.12.05 20:05:25.257,9.81628,9.81871,1.00,1.00
2016.12.05 20:05:28.119,9.81629,9.81868,1.00,1.00
2016.12.05 20:05:29.837,9.81627,9.81882,1.00,1.00
2016.12.05 20:05:30.860,9.81644,9.81868,1.00,1.00
2016.12.05 20:05:31.282,9.81628,9.81884,1.00,1.00
2016.12.05 20:05:31.602,9.81636,9.81884,1.00,1.00
2016.12.05 20:05:31.905,9.81639,9.81874,1.00,1.00
2016.12.05 20:05:32.790,9.81639,9.81882,1.00,1.00
2016.12.05 20:05:33.401,9.81629,9.81884,1.00,1.00
2016.12.05 20:05:33.817,9.81645,9.81869,1.00,1.00
2016.12.05 20:05:33.868,9.81628,9.81884,1.00,1.00
2016.12.05 20:05:34.391,9.81629,9.81884,1.00,1.00
2016.12.05 20:05:34.933,9.81645,9.81869,1.00,1.00
2016.12.05 20:05:34.984,9.8163,9.81884,1.00,1.00
2016.12.05 20:05:35.054,9.81645,9.81869,1.00,1.00
2016.12.05 20:05:36.095,9.81643,9.81867,1.00,1.00
2016.12.05 20:05:36.267,9.8163,9.81884,1.00,1.00
2016.12.05 20:05:36.482,9.81645,9.81869,1.00,1.00
2016.12.05 20:05:36.533,9.81647,9.81884,1.00,1.00
2016.12.05 20:05:37.091,9.81646,9.8187,1.00,1.00
2016.12.05 20:05:37.319,9.81646,9.81884,1.00,1.00
2016.12.05 20:05:37.420,9.81647,9.81871,1.00,1.00
2016.12.05 20:05:38.273,9.81631,9.81882,1.00,1.00
2016.12.05 20:05:39.272,9.81643,9.81869,1.00,1.00
2016.12.05 20:05:39.606,9.81632,9.81884,1.00,1.00
2016.12.05 20:05:40.301,9.81645,9.81871,1.00,1.00
2016.12.05 20:05:41.043,9.81633,9.81884,1.00,1.00
2016.12.05 20:05:41.396,9.81647,9.81871,1.00,1.00
2016.12.05 20:05:43.143,9.81646,9.8187,1.00,1.00
2016.12.05 20:05:46.891,9.81605,9.81867,1.00,1.00
2016.12.05 20:05:51.112,9.81628,9.81884,1.00,1.00
2016.12.05 20:05:52.458,9.81627,9.81884,1.00,1.00
2016.12.05 20:05:53.117,9.81628,9.81884,1.00,1.00
2016.12.05 20:05:54.090,9.81628,9.81872,1.00,1.00
2016.12.05 20:05:54.140,9.81628,9.81884,1.00,1.00
2016.12.05 20:05:54.197,9.81628,9.81872,1.00,1.00
2016.12.05 20:05:54.248,9.81628,9.81884,1.00,1.00
2016.12.05 20:05:55.092,9.81628,9.81872,1.00,1.00
2016.12.05 20:05:55.143,9.81628,9.81884,1.00,1.00
2016.12.05 20:05:56.204,9.81628,9.81872,1.00,1.00
2016.12.05 20:05:56.255,9.81628,9.81884,1.00,1.00
2016.12.05 20:05:56.425,9.81628,9.81872,1.00,1.00
2016.12.05 20:05:56.476,9.81628,9.81884,1.00,1.00
2016.12.05 20:05:56.536,9.81628,9.81872,1.00,1.00
2016.12.05 20:05:56.587,9.81628,9.81884,1.00,1.00
2016.12.05 20:05:57.428,9.81627,9.81884,1.00,1.00
2016.12.05 20:05:57.535,9.81627,9.81873,1.00,1.00
2016.12.05 20:05:57.586,9.81628,9.81884,1.00,1.00
2016.12.05 20:05:58.319,9.81628,9.81872,1.00,1.00
2016.12.05 20:05:58.370,9.81628,9.81884,1.00,1.00
2016.12.05 20:05:58.430,9.81628,9.81872,1.00,1.00
2016.12.05 20:05:58.481,9.81628,9.81884,1.00,1.00
2016.12.05 20:05:58.541,9.81628,9.81872,1.00,1.00
2016.12.05 20:05:58.591,9.81628,9.81884,1.00,1.00
2016.12.05 20:05:58.652,9.81628,9.81872,1.00,1.00
2016.12.05 20:05:58.703,9.81628,9.81884,1.00,1.00
2016.12.05 20:05:59.432,9.81628,9.81872,1.00,1.00
2016.12.05 20:05:59.482,9.81628,9.81884,1.00,1.00
2016.12.05 20:06:00.456,9.81628,9.81874,1.00,1.00
2016.12.05 20:06:00.507,9.81603,9.81874,1.00,1.00
2016.12.05 20:06:01.718,9.81602,9.81874,1.00,1.00
2016.12.05 20:06:02.280,9.81603,9.81874,1.00,1.00
2016.12.05 20:06:03.393,9.81603,9.81872,1.00,1.00
2016.12.05 20:06:03.444,9.81603,9.81874,1.00,1.00
2016.12.05 20:06:03.849,9.81603,9.81868,1.00,1.00
2016.12.05 20:06:04.326,9.81603,9.81874,1.00,1.00
2016.12.05 20:06:05.634,9.81606,9.81874,1.00,1.00
2016.12.05 20:06:05.965,9.81631,9.81867,1.00,1.00
2016.12.05 20:06:06.116,9.81606,9.81882,1.00,1.00
2016.12.05 20:06:07.097,9.81603,9.81874,1.00,1.00
2016.12.05 20:06:08.088,9.81603,9.81862,1.00,1.00
2016.12.05 20:06:08.139,9.81603,9.81874,1.00,1.00
2016.12.05 20:06:09.510,9.81603,9.81862,1.00,1.00
2016.12.05 20:06:09.561,9.81603,9.81874,1.00,1.00
2016.12.05 20:06:09.662,9.81603,9.81862,1.00,1.00
2016.12.05 20:06:09.781,9.81603,9.81874,1.00,1.00
2016.12.05 20:06:10.727,9.81603,9.81862,1.00,1.00
2016.12.05 20:06:10.778,9.81603,9.81874,1.00,1.00
2016.12.05 20:06:10.948,9.81602,9.81863,1.00,1.00
2016.12.05 20:06:10.999,9.81603,9.81874,1.00,1.00
2016.12.05 20:06:11.100,9.81603,9.81863,1.00,1.00
2016.12.05 20:06:11.316,9.81603,9.81874,1.00,1.00
2016.12.05 20:06:12.173,9.81602,9.81874,1.00,1.00
2016.12.05 20:06:12.386,9.81603,9.81862,1.00,1.00
2016.12.05 20:06:12.437,9.81603,9.81874,1.00,1.00
2016.12.05 20:06:12.497,9.81603,9.81862,1.00,1.00
2016.12.05 20:06:12.548,9.81602,9.81874,1.00,1.00
2016.12.05 20:06:12.750,9.81603,9.81885,1.00,1.50
2016.12.05 20:06:13.344,9.81603,9.81875,1.00,1.00
2016.12.05 20:06:14.948,9.81603,9.81867,1.00,1.00
2016.12.05 20:06:15.986,9.81621,9.81874,1.00,1.00
2016.12.05 20:06:16.239,9.81636,9.81895,1.00,1.00
2016.12.05 20:06:16.652,9.81646,9.81895,1.00,1.00
2016.12.05 20:06:17.130,9.81646,9.81905,1.00,1.00
2016.12.05 20:06:17.360,9.81638,9.81885,1.00,1.00
2016.12.05 20:06:17.614,9.81633,9.81905,1.00,1.00
2016.12.05 20:06:17.665,9.81626,9.81877,1.00,1.00
2016.12.05 20:06:17.868,9.81626,9.81905,1.00,1.00
2016.12.05 20:06:17.970,9.81637,9.81884,1.00,1.00
2016.12.05 20:06:18.563,9.81626,9.81905,1.00,1.00
2016.12.05 20:06:22.994,9.81627,9.81905,1.00,1.00
2016.12.05 20:06:23.045,9.81636,9.81905,1.00,1.00
2016.12.05 20:06:23.147,9.81636,9.8191,1.00,1.00
2016.12.05 20:06:24.564,9.81627,9.8191,1.00,1.00
2016.12.05 20:06:24.827,9.81636,9.8191,1.00,1.00
2016.12.05 20:06:28.216,9.81636,9.81911,1.00,1.00
2016.12.05 20:06:38.290,9.81656,9.81914,1.00,1.00
2016.12.05 20:06:40.707,9.8164,9.81911,1.00,1.00
2016.12.05 20:06:43.245,9.81642,9.81911,1.00,1.00
2016.12.05 20:06:44.595,9.81646,9.81911,1.00,1.00
2016.12.05 20:06:44.898,9.81642,9.81911,1.00,1.00
2016.12.05 20:06:44.987,9.81643,9.81898,1.00,1.00
2016.12.05 20:06:47.357,9.81646,9.81898,1.00,1.00
2016.12.05 20:06:47.610,9.81655,9.81914,1.00,1.00
2016.12.05 20:06:47.661,9.81655,9.81917,1.00,1.00
2016.12.05 20:06:47.712,9.81655,9.81905,1.00,1.00
2016.12.05 20:06:47.876,9.81646,9.81905,1.00,1.00
2016.12.05 20:06:55.065,9.81667,9.81917,1.00,1.00
2016.12.05 20:06:55.116,9.81649,9.81913,1.00,1.00
2016.12.05 20:06:58.276,9.81652,9.81918,1.00,1.00
2016.12.05 20:07:00.017,9.81653,9.81918,1.00,1.00
2016.12.05 20:07:03.593,9.81673,9.81918,1.00,1.00
2016.12.05 20:07:06.304,9.8167,9.819,1.00,1.00
2016.12.05 20:07:06.444,9.81668,9.81914,1.00,1.00
2016.12.05 20:07:07.387,9.8167,9.81914,1.00,1.00
2016.12.05 20:07:07.539,9.8167,9.81921,1.00,1.00
2016.12.05 20:07:07.909,9.81668,9.81904,1.00,1.00
2016.12.05 20:07:11.946,9.81653,9.81914,1.00,1.50
2016.12.05 20:07:12.048,9.81653,9.81889,1.00,1.00
2016.12.05 20:07:12.941,9.81668,9.81899,1.00,1.00
2016.12.05 20:07:13.329,9.81673,9.81906,1.00,1.00
2016.12.05 20:07:15.086,9.81673,9.81918,1.00,1.00
2016.12.05 20:07:19.336,9.81671,9.81898,1.00,1.00
2016.12.05 20:07:21.234,9.81673,9.81917,1.00,1.00
2016.12.05 20:07:21.493,9.8167,9.81897,1.00,1.00
2016.12.05 20:07:22.016,9.81655,9.81894,1.00,1.00
2016.12.05 20:07:28.586,9.81671,9.81895,1.00,1.00
2016.12.05 20:07:29.132,9.81653,9.81892,1.00,1.00
2016.12.05 20:07:29.284,9.81653,9.81912,1.00,1.00
2016.12.05 20:07:30.283,9.81658,9.81906,1.00,1.00
2016.12.05 20:07:43.184,9.81672,9.81916,1.00,1.00
2016.12.05 20:07:45.106,9.81671,9.81902,1.00,1.00
2016.12.05 20:07:49.194,9.81671,9.81895,1.00,1.00
2016.12.05 20:07:52.772,9.8167,9.81915,1.00,1.00
2016.12.05 20:07:55.438,9.81653,9.81898,1.00,1.00
2016.12.05 20:07:57.732,9.81671,9.81905,1.00,1.00
2016.12.05 20:07:58.395,9.81671,9.8192,1.00,1.00
2016.12.05 20:08:03.693,9.81655,9.81915,1.00,1.00
2016.12.05 20:08:03.795,9.81669,9.81905,1.00,1.00
2016.12.05 20:08:05.346,9.81651,9.81903,1.00,1.00
2016.12.05 20:08:06.371,9.81668,9.8192,1.00,1.00
2016.12.05 20:08:06.675,9.81675,9.81908,1.00,1.00
2016.12.05 20:08:06.878,9.81666,9.81924,1.00,1.50
2016.12.05 20:08:12.178,9.8166,9.81906,1.00,1.00
2016.12.05 20:08:13.451,9.81636,9.81909,1.00,1.00
2016.12.05 20:08:14.407,9.81658,9.81905,1.00,1.00
2016.12.05 20:08:14.458,9.81664,9.81948,1.00,1.00
2016.12.05 20:08:14.509,9.81664,9.81948,1.22,1.00
2016.12.05 20:08:14.812,9.8165,9.8191,1.22,1.00
2016.12.05 20:08:14.914,9.81677,9.81937,1.22,1.00
2016.12.05 20:08:15.218,9.81677,9.81937,1.22,1.00
2016.12.05 20:08:15.525,9.81673,9.81917,1.22,1.00
2016.12.05 20:08:15.577,9.81674,9.81922,1.22,1.00
2016.12.05 20:08:15.846,9.81655,9.81917,1.22,1.00
2016.12.05 20:08:15.947,9.81655,9.81917,1.22,1.00
2016.12.05 20:08:16.150,9.81652,9.81915,1.22,1.00
2016.12.05 20:08:16.441,9.81671,9.81924,1.00,1.00
2016.12.05 20:08:16.542,9.81671,9.81924,1.22,1.00
2016.12.05 20:08:17.200,9.8167,9.81925,1.22,1.00
2016.12.05 20:08:17.553,9.8167,9.81925,1.00,1.00
2016.12.05 20:08:18.159,9.81676,9.81922,1.00,1.00
2016.12.05 20:08:18.513,9.81669,9.81922,1.00,1.00
2016.12.05 20:08:18.615,9.81669,9.81922,1.22,1.00
2016.12.05 20:08:18.918,9.81651,9.81918,1.22,1.00
2016.12.05 20:08:19.186,9.81651,9.81922,1.22,1.00
2016.12.05 20:08:19.520,9.81669,9.81927,1.22,1.00
2016.12.05 20:08:19.975,9.81655,9.81918,1.22,1.00
2016.12.05 20:08:20.025,9.8167,9.81936,1.22,1.00
2016.12.05 20:08:20.177,9.81662,9.8192,1.22,1.00
2016.12.05 20:08:20.228,9.81673,9.81937,1.22,1.00
2016.12.05 20:08:20.784,9.81657,9.81917,1.22,1.00
2016.12.05 20:08:21.087,9.81675,9.81922,1.22,1.00
2016.12.05 20:08:21.240,9.81675,9.81922,1.22,1.00
2016.12.05 20:08:22.041,9.81655,9.81925,1.22,1.00
2016.12.05 20:08:22.142,9.81675,9.81921,1.22,1.00
2016.12.05 20:08:24.423,9.81673,9.81923,1.22,1.00
2016.12.05 20:08:24.968,9.81674,9.81922,1.22,1.00
2016.12.05 20:08:25.423,9.81646,9.81919,1.22,1.00
2016.12.05 20:08:25.676,9.81658,9.81922,1.22,1.00
2016.12.05 20:08:26.283,9.81676,9.81919,1.22,1.00
2016.12.05 20:08:26.834,9.81663,9.81927,1.22,1.00
2016.12.05 20:08:27.087,9.81653,9.81921,1.22,1.00
2016.12.05 20:08:27.968,9.81653,9.81921,1.00,1.00
2016.12.05 20:08:28.069,9.81653,9.81921,1.22,1.00
2016.12.05 20:08:28.170,9.81653,9.81921,1.15,1.00
2016.12.05 20:08:28.271,9.81653,9.81921,1.22,1.00
2016.12.05 20:08:28.423,9.81653,9.81921,1.00,1.00
2016.12.05 20:08:29.088,9.81646,9.81915,1.00,1.00
2016.12.05 20:08:30.196,9.81646,9.81912,1.00,1.00
2016.12.05 20:08:33.533,9.81646,9.81907,1.00,1.00
2016.12.05 20:08:43.518,9.81646,9.81901,1.00,1.00
2016.12.05 20:08:43.892,9.81655,9.81919,1.00,1.00
2016.12.05 20:08:44.557,9.81656,9.81919,1.00,1.00
2016.12.05 20:08:45.242,9.81667,9.81921,1.00,1.00
2016.12.05 20:08:45.293,9.81656,9.81915,1.00,1.00
2016.12.05 20:08:50.675,9.81656,9.81914,1.50,1.00
2016.12.05 20:08:51.239,9.81656,9.81915,1.00,1.00
2016.12.05 20:08:51.642,9.81674,9.81914,1.00,1.00
2016.12.05 20:08:52.070,9.81657,9.81921,1.00,1.00
2016.12.05 20:08:52.654,9.81674,9.81915,1.00,1.00
2016.12.05 20:08:52.961,9.81657,9.81921,1.00,1.00
2016.12.05 20:08:53.013,9.81674,9.81915,1.00,1.00
2016.12.05 20:08:53.071,9.81658,9.8192,1.00,1.00
2016.12.05 20:08:53.686,9.81674,9.81914,1.00,1.00
2016.12.05 20:08:54.084,9.81675,9.81921,1.00,1.00
2016.12.05 20:08:54.688,9.81675,9.81915,1.00,1.00
2016.12.05 20:08:54.966,9.81659,9.8192,1.00,1.00
2016.12.05 20:08:55.651,9.81675,9.81914,1.00,1.00
2016.12.05 20:08:55.786,9.81659,9.8192,1.00,1.00
2016.12.05 20:08:55.969,9.81675,9.81914,1.00,1.00
2016.12.05 20:08:58.515,9.81677,9.8191,1.00,1.00
2016.12.05 20:08:59.602,9.81658,9.81909,1.00,1.00
2016.12.05 20:09:11.827,9.81656,9.81906,1.00,1.00
2016.12.05 20:09:11.878,9.81656,9.81913,1.00,1.00
2016.12.05 20:09:12.393,9.81656,9.81912,1.50,1.00
2016.12.05 20:09:13.544,9.81656,9.8192,1.50,1.00
2016.12.05 20:09:18.976,9.81674,9.81909,1.00,1.00
2016.12.05 20:09:20.158,9.81658,9.819,1.00,1.00
2016.12.05 20:09:28.587,9.81674,9.81899,1.00,1.00
2016.12.05 20:09:30.316,9.81675,9.81899,1.00,1.00
2016.12.05 20:09:30.958,9.81681,9.81925,1.00,1.00
2016.12.05 20:09:31.059,9.81659,9.81922,1.00,1.00
2016.12.05 20:09:31.312,9.81665,9.81922,1.00,1.00
2016.12.05 20:09:43.604,9.81665,9.81918,1.00,1.00
2016.12.05 20:09:44.500,9.81675,9.81918,1.00,1.00
2016.12.05 20:09:45.360,9.81675,9.8192,1.00,1.00
2016.12.05 20:09:51.164,9.81662,9.8192,1.00,1.00
2016.12.05 20:09:51.308,9.81663,9.81925,1.00,1.00
2016.12.05 20:09:51.359,9.81656,9.81925,1.00,1.00
2016.12.05 20:09:51.460,9.81675,9.81918,1.00,1.00
2016.12.05 20:09:58.653,9.81666,9.81924,1.00,1.00
2016.12.05 20:10:00.396,9.81666,9.81918,1.00,1.00
2016.12.05 20:10:00.505,9.81666,9.81924,1.00,1.00
2016.12.05 20:10:01.502,9.81666,9.81925,1.00,1.00
2016.12.05 20:10:04.147,9.81666,9.81924,1.00,1.00
2016.12.05 20:10:04.248,9.81678,9.81924,1.00,1.00
2016.12.05 20:10:04.518,9.81666,9.81925,1.00,1.00
2016.12.05 20:10:05.166,9.81666,9.81924,1.00,1.00
2016.12.05 20:10:05.240,9.81678,9.81925,1.00,1.00
2016.12.05 20:10:05.473,9.81666,9.81925,1.00,1.00
2016.12.05 20:10:06.276,9.81678,9.81918,1.00,1.00
2016.12.05 20:10:06.475,9.81666,9.81925,1.00,1.00
2016.12.05 20:10:06.805,9.81678,9.81925,1.00,1.00
2016.12.05 20:10:06.856,9.81666,9.81925,1.00,1.00
2016.12.05 20:10:07.488,9.81666,9.81924,1.00,1.00
2016.12.05 20:10:07.693,9.81678,9.81924,1.00,1.00
2016.12.05 20:10:07.744,9.81666,9.81924,1.00,1.00
2016.12.05 20:10:07.804,9.81678,9.81925,1.00,1.00
2016.12.05 20:10:07.855,9.81666,9.81926,1.00,1.00
2016.12.05 20:10:07.915,9.81678,9.81925,1.00,1.00
2016.12.05 20:10:07.966,9.81666,9.81925,1.00,1.00
2016.12.05 20:10:08.140,9.81678,9.81925,1.00,1.00
2016.12.05 20:10:08.191,9.81666,9.81925,1.00,1.00
2016.12.05 20:10:08.292,9.81678,9.81925,1.00,1.00
2016.12.05 20:10:08.480,9.81666,9.81925,1.00,1.00
2016.12.05 20:10:08.699,9.81678,9.81925,1.00,1.00
2016.12.05 20:10:08.750,9.81666,9.81925,1.00,1.00
2016.12.05 20:10:08.810,9.81678,9.81925,1.00,1.00
2016.12.05 20:10:08.861,9.81666,9.81925,1.00,1.00
2016.12.05 20:10:08.920,9.81678,9.81925,1.00,1.00
2016.12.05 20:10:08.971,9.81666,9.81925,1.00,1.00
2016.12.05 20:10:09.277,9.81678,9.81924,1.00,1.00
2016.12.05 20:10:09.482,9.81666,9.81924,1.00,1.00
2016.12.05 20:10:09.811,9.81678,9.81925,1.00,1.00
2016.12.05 20:10:09.863,9.81666,9.81926,1.00,1.00
2016.12.05 20:10:09.922,9.81678,9.81925,1.00,1.00
2016.12.05 20:10:09.973,9.81666,9.81925,1.00,1.00
2016.12.05 20:10:10.143,9.81677,9.81919,1.00,1.00
2016.12.05 20:10:10.195,9.81666,9.81924,1.00,1.00
2016.12.05 20:10:10.253,9.81678,9.81924,1.00,1.00
2016.12.05 20:10:10.483,9.81666,9.81924,1.00,1.00
2016.12.05 20:10:10.810,9.81678,9.81924,1.00,1.00
2016.12.05 20:10:10.861,9.81666,9.81924,1.00,1.00
2016.12.05 20:10:11.145,9.81678,9.81925,1.00,1.00
2016.12.05 20:10:11.196,9.81666,9.81925,1.00,1.00
2016.12.05 20:10:11.297,9.81678,9.81925,1.00,1.00
2016.12.05 20:10:11.524,9.81666,9.81925,1.00,1.00
2016.12.05 20:10:11.736,9.8168,9.81926,1.00,1.00
2016.12.05 20:10:12.119,9.81666,9.81918,1.00,1.00
2016.12.05 20:10:12.623,9.81666,9.81925,1.00,1.00
2016.12.05 20:10:13.209,9.8168,9.81918,1.00,1.00
2016.12.05 20:10:13.260,9.81666,9.81925,1.00,1.00
2016.12.05 20:10:13.361,9.81666,9.81919,1.00,1.00
2016.12.05 20:10:13.601,9.81666,9.81925,1.00,1.00
2016.12.05 20:10:13.721,9.81666,9.81918,1.00,1.00
2016.12.05 20:10:14.213,9.81666,9.81926,1.00,1.00
2016.12.05 20:10:14.320,9.81666,9.81918,1.00,1.00
2016.12.05 20:10:14.371,9.81666,9.81924,1.00,1.00
2016.12.05 20:10:14.602,9.81681,9.81924,1.00,1.00
2016.12.05 20:10:14.653,9.81666,9.81924,1.00,1.00
2016.12.05 20:10:14.712,9.81681,9.81918,1.00,1.00
2016.12.05 20:10:14.762,9.81666,9.81925,1.00,1.00
2016.12.05 20:10:15.818,9.81681,9.81918,1.00,1.00
2016.12.05 20:10:15.868,9.81666,9.81925,1.00,1.00
2016.12.05 20:10:16.759,9.81666,9.81924,1.00,1.00
2016.12.05 20:10:17.299,9.81681,9.81918,1.00,1.00
2016.12.05 20:10:23.591,9.81656,9.81925,1.00,1.00
2016.12.05 20:10:23.693,9.81656,9.81923,1.00,1.00
2016.12.05 20:10:23.996,9.81656,9.81917,1.00,1.00
2016.12.05 20:10:24.567,9.81663,9.81917,1.00,1.00
2016.12.05 20:10:25.566,9.81666,9.81917,1.00,1.00
2016.12.05 20:10:28.694,9.81666,9.81918,1.00,1.00
2016.12.05 20:10:29.019,9.81681,9.81917,1.00,1.00
2016.12.05 20:10:29.069,9.81666,9.81917,1.00,1.00
2016.12.05 20:10:30.289,9.81682,9.81917,1.00,1.00
2016.12.05 20:10:31.139,9.81666,9.81918,1.50,1.00
2016.12.05 20:10:31.296,9.81666,9.8192,1.00,1.00
2016.12.05 20:10:32.161,9.81656,9.8192,1.00,1.00
2016.12.05 20:10:32.450,9.81665,9.8192,1.00,1.00
2016.12.05 20:10:37.844,9.81656,9.8192,1.00,1.00
2016.12.05 20:10:38.503,9.81665,9.8192,1.00,1.00
2016.12.05 20:10:38.554,9.81665,9.81922,1.50,1.00
2016.12.05 20:10:40.609,9.81661,9.8192,1.00,1.00
2016.12.05 20:10:41.218,9.81664,9.8192,1.00,1.00
2016.12.05 20:10:52.184,9.81661,9.8192,1.00,1.00
2016.12.05 20:10:53.374,9.81665,9.8192,1.00,1.00
2016.12.05 20:10:53.940,9.81666,9.8192,1.00,1.00
2016.12.05 20:10:58.770,9.81666,9.81924,1.00,1.00
2016.12.05 20:11:13.784,9.81666,9.81922,1.50,1.00
2016.12.05 20:11:21.203,9.81676,9.81922,1.00,1.00
2016.12.05 20:11:28.255,9.81666,9.81922,1.00,1.00
2016.12.05 20:11:28.843,9.81669,9.81925,1.00,1.00
2016.12.05 20:11:29.359,9.81676,9.81925,1.00,1.00
2016.12.05 20:11:29.410,9.81676,9.81928,1.00,1.00
2016.12.05 20:11:30.555,9.81676,9.81925,1.00,1.00
2016.12.05 20:11:38.540,9.81674,9.81925,1.00,1.00
2016.12.05 20:11:40.207,9.81688,9.81924,1.00,1.00
2016.12.05 20:11:43.884,9.81674,9.81924,1.50,1.00
2016.12.05 20:11:45.585,9.81691,9.81924,1.00,1.00
2016.12.05 20:11:49.007,9.81695,9.81924,1.00,1.00
2016.12.05 20:11:49.058,9.81674,9.81924,1.00,1.00
2016.12.05 20:11:55.353,9.81666,9.81903,1.00,1.00
2016.12.05 20:11:55.404,9.81666,9.81914,1.00,1.00
2016.12.05 20:11:55.606,9.81656,9.81915,1.00,1.00
2016.12.05 20:11:56.023,9.81664,9.81915,1.00,1.00
2016.12.05 20:11:56.361,9.81664,9.81925,1.00,1.00
2016.12.05 20:11:58.910,9.81664,9.81926,1.00,1.00
2016.12.05 20:11:59.249,9.81673,9.81926,1.00,1.00
2016.12.05 20:12:00.615,9.81673,9.81927,1.00,1.00
2016.12.05 20:12:01.169,9.81656,9.81927,1.00,1.00
2016.12.05 20:12:07.773,9.81655,9.81927,1.00,1.00
2016.12.05 20:12:07.874,9.81652,9.81913,1.00,1.00
2016.12.05 20:12:08.026,9.81671,9.81954,1.00,1.00
2016.12.05 20:12:08.077,9.81649,9.81941,1.19,1.00
2016.12.05 20:12:08.381,9.81668,9.8192,1.16,1.00
2016.12.05 20:12:08.432,9.81668,9.8192,1.00,1.00
2016.12.05 20:12:08.869,9.81641,9.81911,1.00,1.00
2016.12.05 20:12:13.935,9.81626,9.81904,1.00,1.00
2016.12.05 20:12:14.118,9.81646,9.81904,1.00,1.00
2016.12.05 20:12:14.169,9.81626,9.81904,1.00,1.00
2016.12.05 20:12:14.229,9.81626,9.81902,1.00,1.00
2016.12.05 20:12:14.905,9.81647,9.81902,1.00,1.00
2016.12.05 20:12:14.956,9.81626,9.81902,1.00,1.00
2016.12.05 20:12:15.123,9.81647,9.81902,1.00,1.00
2016.12.05 20:12:15.174,9.81626,9.81902,1.00,1.00
2016.12.05 20:12:15.234,9.81647,9.81902,1.00,1.00
2016.12.05 20:12:15.357,9.81626,9.81902,1.00,1.00
2016.12.05 20:12:15.907,9.81646,9.81902,1.00,1.00
2016.12.05 20:12:15.957,9.81626,9.81902,1.00,1.00
2016.12.05 20:12:17.046,9.81647,9.81902,1.00,1.00
2016.12.05 20:12:30.690,9.81626,9.81903,1.00,1.00
2016.12.05 20:12:30.888,9.81649,9.81902,1.00,1.00
2016.12.05 20:12:30.939,9.81626,9.81902,1.00,1.00
2016.12.05 20:12:31.677,9.81649,9.81902,1.00,1.00
2016.12.05 20:12:43.964,9.81652,9.81895,1.00,1.00
2016.12.05 20:12:45.737,9.8164,9.81895,1.00,1.00
2016.12.05 20:12:45.839,9.81645,9.819,1.00,1.00
2016.12.05 20:12:51.415,9.81654,9.81913,1.00,1.00
2016.12.05 20:12:53.632,9.81693,9.81914,1.00,1.00
2016.12.05 20:12:53.684,9.81674,9.81929,1.00,1.00
2016.12.05 20:12:53.735,9.81674,9.81929,1.13,1.00
2016.12.05 20:12:54.078,9.81696,9.81929,1.00,1.00
2016.12.05 20:12:54.129,9.81696,9.81932,1.50,1.00
2016.12.05 20:12:54.331,9.81686,9.81932,1.00,1.00
2016.12.05 20:12:54.636,9.81681,9.81932,1.00,1.00
2016.12.05 20:12:55.322,9.81672,9.81932,1.00,1.00
2016.12.05 20:12:55.373,9.81656,9.81932,1.50,1.00
2016.12.05 20:12:57.852,9.81676,9.81918,1.00,1.00
2016.12.05 20:12:59.032,9.81677,9.81924,1.00,1.00
2016.12.05 20:12:59.133,9.81674,9.81911,1.00,1.00
2016.12.05 20:13:00.734,9.81674,9.81913,1.00,1.00
2016.12.05 20:13:13.667,9.81646,9.81922,1.00,1.00
2016.12.05 20:13:14.436,9.81658,9.81922,1.00,1.00
2016.12.05 20:13:14.869,9.81656,9.81924,1.00,1.00
2016.12.05 20:13:14.920,9.81667,9.81925,1.00,1.00
2016.12.05 20:13:15.849,9.81665,9.81924,1.00,1.00
2016.12.05 20:13:15.901,9.81676,9.81924,1.00,1.00
2016.12.05 20:13:29.060,9.81677,9.81914,1.00,1.00
2016.12.05 20:13:29.867,9.81669,9.81914,1.00,1.00
2016.12.05 20:13:32.808,9.81672,9.81914,1.00,1.00
2016.12.05 20:13:32.859,9.81656,9.81922,1.00,1.00
2016.12.05 20:13:32.960,9.81669,9.81922,1.00,1.00
2016.12.05 20:13:44.083,9.81657,9.81916,1.00,1.00
2016.12.05 20:13:45.870,9.81657,9.81925,1.00,1.00
2016.12.05 20:13:47.034,9.81674,9.81917,1.00,1.00
2016.12.05 20:13:59.113,9.81659,9.81916,1.00,1.00
2016.12.05 20:14:01.746,9.81646,9.81916,1.00,1.00
2016.12.05 20:14:01.797,9.81655,9.81916,1.00,1.00
2016.12.05 20:14:04.650,9.81659,9.81916,1.00,1.00
2016.12.05 20:14:14.168,9.81658,9.81924,1.00,1.00
2016.12.05 20:14:14.393,9.81646,9.81916,1.00,1.00
2016.12.05 20:14:18.194,9.81661,9.81916,1.00,1.00
2016.12.05 20:14:19.890,9.81657,9.81925,1.00,1.00
2016.12.05 20:14:20.044,9.81646,9.81916,1.00,1.00
2016.12.05 20:14:21.620,9.81665,9.81916,1.00,1.00
2016.12.05 20:14:24.560,9.81658,9.81925,1.00,1.00
2016.12.05 20:14:29.212,9.81646,9.81922,1.00,1.00
2016.12.05 20:14:29.313,9.81656,9.81923,1.00,1.00
2016.12.05 20:14:30.930,9.81651,9.8191,1.00,1.00
2016.12.05 20:14:33.792,9.81658,9.81922,1.00,1.00
2016.12.05 20:14:33.843,9.81646,9.81922,1.00,1.00
2016.12.05 20:14:34.045,9.81646,9.81919,1.00,1.00
2016.12.05 20:14:34.592,9.8166,9.81909,1.00,1.00
2016.12.05 20:14:34.693,9.81646,9.81922,1.00,1.00
2016.12.05 20:14:34.900,9.8166,9.81922,1.00,1.00
2016.12.05 20:14:34.951,9.81646,9.81923,1.00,1.00
2016.12.05 20:14:35.233,9.81659,9.81922,1.00,1.00
2016.12.05 20:14:35.284,9.81646,9.81922,1.00,1.00
2016.12.05 20:14:35.587,9.81659,9.81922,1.00,1.00
2016.12.05 20:14:35.688,9.81646,9.81922,1.00,1.00
2016.12.05 20:14:36.062,9.8165,9.81922,1.00,1.00
2016.12.05 20:14:36.980,9.81663,9.81912,1.00,1.00
2016.12.05 20:14:37.031,9.81651,9.81922,1.00,1.00
2016.12.05 20:14:37.879,9.81664,9.81912,1.00,1.00
2016.12.05 20:14:44.225,9.81656,9.81912,1.00,1.00
2016.12.05 20:14:55.142,9.81671,9.81917,1.00,1.00
2016.12.05 20:14:59.232,9.81677,9.81922,1.00,1.00
2016.12.05 20:15:00.544,9.81656,9.81922,1.00,1.00
2016.12.05 20:15:00.614,9.81676,9.8193,1.00,1.00
2016.12.05 20:15:13.989,9.81666,9.81917,1.00,1.00
2016.12.05 20:15:17.136,9.81666,9.81927,1.00,1.00
2016.12.05 20:15:17.237,9.81666,9.81927,1.13,1.00
2016.12.05 20:15:17.751,9.81657,9.81927,1.13,1.00
2016.12.05 20:15:19.838,9.81657,9.81927,1.13,1.00
2016.12.05 20:15:26.585,9.81656,9.81916,1.13,1.00
2016.12.05 20:15:26.636,9.81656,9.81916,1.00,1.00
2016.12.05 20:15:26.889,9.81646,9.81916,1.00,1.00
2016.12.05 20:15:29.302,9.81646,9.81925,1.00,1.00
2016.12.05 20:15:30.296,9.81658,9.81924,1.00,1.00
2016.12.05 20:15:30.349,9.81646,9.81924,1.00,1.00
2016.12.05 20:15:30.450,9.81656,9.81915,1.00,1.00
2016.12.05 20:15:31.351,9.81656,9.81924,1.00,1.00
2016.12.05 20:15:31.406,9.81663,9.81924,1.00,1.00
2016.12.05 20:15:31.457,9.81656,9.81924,1.00,1.00
2016.12.05 20:15:31.854,9.81663,9.81925,1.00,1.00
2016.12.05 20:15:32.323,9.81656,9.81924,1.00,1.00
2016.12.05 20:15:32.425,9.81662,9.81924,1.00,1.00
2016.12.05 20:15:32.901,9.81656,9.81915,1.00,1.00
2016.12.05 20:15:33.057,9.81651,9.81915,1.00,1.00
2016.12.05 20:15:44.325,9.81657,9.81916,1.00,1.00
2016.12.05 20:15:48.355,9.81676,9.81918,1.00,1.00
2016.12.05 20:16:02.697,9.81656,9.81917,1.00,1.00
2016.12.05 20:16:06.652,9.81676,9.81916,1.00,1.00
2016.12.05 20:16:14.385,9.81672,9.81922,1.00,1.00
2016.12.05 20:16:14.945,9.81656,9.81922,1.00,1.00
2016.12.05 20:16:17.505,9.81666,9.81922,1.00,1.00
2016.12.05 20:16:17.556,9.8166,9.81929,1.00,1.00
2016.12.05 20:16:17.606,9.81666,9.81929,1.00,1.00
2016.12.05 20:16:19.091,9.81678,9.8192,1.00,1.00
2016.12.05 20:16:29.415,9.81673,9.81917,1.00,1.00
2016.12.05 20:16:31.157,9.81673,9.81916,1.00,1.00
2016.12.05 20:16:44.445,9.81656,9.81916,1.50,1.00
2016.12.05 20:16:47.325,9.81656,9.81924,1.00,1.00
2016.12.05 20:16:48.523,9.81656,9.81928,1.00,1.00
2016.12.05 20:16:53.400,9.81656,9.81925,1.00,1.00
2016.12.05 20:16:53.727,9.81668,9.81916,1.00,1.00
2016.12.05 20:16:59.485,9.81671,9.81916,1.00,1.00
2016.12.05 20:17:14.505,9.81651,9.81915,1.00,1.00
2016.12.05 20:17:16.246,9.8165,9.81915,1.00,1.00
2016.12.05 20:17:44.565,9.8167,9.81915,1.00,1.00
2016.12.05 20:17:46.357,9.81671,9.81917,1.00,1.00
2016.12.05 20:17:49.827,9.81656,9.81917,1.00,1.00
2016.12.05 20:17:49.878,9.81656,9.81927,1.00,1.00
2016.12.05 20:17:51.035,9.81672,9.8192,1.00,1.00
2016.12.05 20:17:51.086,9.81656,9.81927,1.00,1.00
2016.12.05 20:17:56.589,9.81659,9.81927,1.00,1.00
2016.12.05 20:17:56.896,9.81676,9.81922,1.00,1.00
2016.12.05 20:17:56.946,9.81676,9.81929,1.00,1.00
2016.12.05 20:17:59.594,9.81676,9.81922,1.00,1.00
2016.12.05 20:17:59.696,9.81656,9.8193,1.00,1.00
2016.12.05 20:18:01.009,9.81656,9.8193,1.21,1.00
2016.12.05 20:18:02.485,9.81672,9.8193,1.21,1.00
2016.12.05 20:18:03.140,9.81672,9.8193,1.21,1.00
2016.12.05 20:18:14.640,9.81673,9.81929,1.28,1.00
2016.12.05 20:18:43.907,9.81656,9.81927,1.21,1.00
2016.12.05 20:18:44.009,9.8166,9.81929,1.00,1.00
2016.12.05 20:18:45.044,9.81673,9.81923,1.00,1.00
2016.12.05 20:18:46.472,9.8166,9.81929,1.00,1.00
2016.12.05 20:18:46.533,9.81674,9.81924,1.00,1.00
2016.12.05 20:18:46.584,9.8166,9.81929,1.00,1.00
2016.12.05 20:18:47.428,9.81675,9.81923,1.00,1.00
2016.12.05 20:19:01.455,9.81674,9.81923,1.00,1.00
2016.12.05 20:19:01.506,9.8166,9.81929,1.00,1.00
2016.12.05 20:19:03.645,9.81675,9.81923,1.00,1.00
2016.12.05 20:19:03.695,9.8166,9.81929,1.00,1.00
2016.12.05 20:19:04.221,9.81661,9.8193,1.00,1.00
2016.12.05 20:19:14.759,9.81658,9.8193,1.00,1.00
2016.12.05 20:19:14.846,9.81672,9.81923,1.00,1.00
2016.12.05 20:19:15.747,9.81658,9.8193,1.00,1.00
2016.12.05 20:19:15.852,9.81672,9.81923,1.00,1.00
2016.12.05 20:19:15.903,9.81658,9.8193,1.00,1.00
2016.12.05 20:19:16.891,9.81656,9.8193,1.00,1.00
2016.12.05 20:19:16.968,9.81671,9.81923,1.00,1.00
2016.12.05 20:19:17.019,9.81656,9.81929,1.00,1.00
2016.12.05 20:19:17.902,9.81656,9.8193,1.00,1.00
2016.12.05 20:19:18.074,9.81672,9.81923,1.00,1.00
2016.12.05 20:19:18.965,9.81656,9.8193,1.00,1.00
2016.12.05 20:19:19.016,9.81672,9.81923,1.00,1.00
2016.12.05 20:19:19.075,9.81656,9.8193,1.00,1.00
2016.12.05 20:19:19.883,9.81656,9.81929,1.00,1.00
2016.12.05 20:19:20.085,9.81671,9.81923,1.00,1.00
2016.12.05 20:19:20.875,9.81656,9.8193,1.00,1.00
2016.12.05 20:19:20.970,9.81671,9.81923,1.00,1.00
2016.12.05 20:19:21.021,9.81656,9.81929,1.00,1.00
2016.12.05 20:19:21.081,9.8167,9.81924,1.00,1.00
2016.12.05 20:19:21.756,9.81656,9.8193,1.00,1.00
2016.12.05 20:19:21.975,9.81672,9.81923,1.00,1.00
2016.12.05 20:19:22.026,9.81656,9.8193,1.00,1.00
2016.12.05 20:19:22.086,9.81671,9.81923,1.00,1.00
2016.12.05 20:19:22.773,9.81671,9.8192,1.00,1.00
2016.12.05 20:19:22.922,9.81656,9.81929,1.00,1.00
2016.12.05 20:19:25.232,9.81656,9.81927,1.00,1.00
2016.12.05 20:19:25.535,9.81659,9.81915,1.00,1.00
2016.12.05 20:19:29.789,9.81656,9.81927,1.00,1.00
2016.12.05 20:19:29.890,9.81663,9.81918,1.00,1.00
2016.12.05 20:19:44.804,9.81673,9.81918,1.00,1.00
2016.12.05 20:19:58.876,9.81656,9.8192,1.00,1.00
2016.12.05 20:19:58.977,9.8167,9.8193,1.00,1.00
2016.12.05 20:19:59.876,9.81673,9.81922,1.00,1.00
2016.12.05 20:20:03.483,9.81666,9.8193,1.00,1.00
2016.12.05 20:20:03.534,9.81677,9.81935,1.00,1.50
2016.12.05 20:20:14.871,9.81677,9.81928,1.00,1.00
2016.12.05 20:20:31.836,9.81666,9.81934,1.00,1.00
2016.12.05 20:20:44.967,9.81666,9.81927,1.00,1.00
2016.12.05 20:20:46.589,9.81674,9.81927,1.00,1.00
2016.12.05 20:20:59.955,9.81681,9.81929,1.00,1.00
2016.12.05 20:21:00.057,9.81666,9.81935,1.00,1.00
2016.12.05 20:21:01.745,9.81666,9.8193,1.00,1.00
2016.12.05 20:21:03.625,9.81674,9.81927,1.00,1.00
2016.12.05 20:21:14.989,9.81657,9.81924,1.00,1.00
2016.12.05 20:21:16.727,9.81656,9.81924,1.00,1.00
2016.12.05 20:21:22.850,9.81653,9.81924,1.00,1.00
2016.12.05 20:21:30.050,9.81665,9.81917,1.00,1.00
2016.12.05 20:21:31.765,9.81667,9.81915,1.00,1.00
2016.12.05 20:21:31.816,9.81654,9.81922,1.00,1.00
2016.12.05 20:21:31.929,9.81664,9.81912,1.00,1.00
2016.12.05 20:22:15.115,9.81662,9.81912,1.00,1.00
2016.12.05 20:22:16.858,9.81662,9.81911,1.00,1.00
2016.12.05 20:22:45.165,9.8166,9.81909,1.00,1.00
2016.12.05 20:22:46.937,9.8166,9.81908,1.00,1.00
2016.12.05 20:22:53.206,9.81645,9.81918,1.00,1.00
2016.12.05 20:22:55.018,9.81645,9.81919,1.00,1.00
2016.12.05 20:22:55.341,9.8166,9.81908,1.00,1.00
2016.12.05 20:23:01.961,9.8166,9.81911,1.00,1.00
2016.12.05 20:23:07.072,9.81643,9.81914,1.00,1.00
2016.12.05 20:23:08.134,9.81646,9.81925,1.00,1.00
2016.12.05 20:23:08.534,9.81663,9.81915,1.00,1.00
2016.12.05 20:23:15.268,9.81646,9.81915,1.00,1.00
2016.12.05 20:23:30.277,9.81661,9.81912,1.00,1.00
2016.12.05 20:23:32.044,9.81659,9.81912,1.00,1.00
2016.12.05 20:24:32.038,9.81636,9.81924,1.00,1.00
2016.12.05 20:24:34.994,9.8166,9.81911,1.00,1.00
2016.12.05 20:24:45.405,9.81663,9.81911,1.00,1.00
2016.12.05 20:25:00.456,9.81663,9.81914,1.00,1.00
2016.12.05 20:25:01.321,9.81643,9.81914,1.00,1.00
2016.12.05 20:25:03.985,9.81663,9.81915,1.00,1.00
2016.12.05 20:25:04.086,9.81645,9.81914,1.00,1.00
2016.12.05 20:25:04.288,9.81663,9.81914,1.00,1.00
2016.12.05 20:25:05.043,9.81645,9.81914,1.00,1.00
2016.12.05 20:25:06.398,9.81663,9.81914,1.00,1.00
2016.12.05 20:25:08.207,9.81663,9.81914,1.00,1.00
2016.12.05 20:25:08.432,9.81643,9.81915,1.00,1.00
2016.12.05 20:25:09.229,9.8166,9.81923,1.00,1.00
2016.12.05 20:25:09.396,9.81646,9.81915,1.00,1.00
2016.12.05 20:25:15.505,9.8166,9.81914,1.00,1.00
2016.12.05 20:25:30.495,9.81643,9.81914,1.00,1.00
2016.12.05 20:25:31.445,9.81663,9.81914,1.00,1.00
2016.12.05 20:25:31.496,9.81645,9.81924,1.00,1.50
2016.12.05 20:25:31.547,9.81645,9.81914,1.00,1.00
2016.12.05 20:25:41.339,9.81646,9.81914,1.00,1.00
2016.12.05 20:25:45.574,9.81646,9.81915,1.00,1.00
2016.12.05 20:25:46.817,9.81646,9.81925,1.00,1.00
2016.12.05 20:25:46.868,9.81666,9.81927,1.00,1.00
2016.12.05 20:25:49.787,9.81651,9.81918,1.00,1.00
2016.12.05 20:25:49.838,9.81668,9.81927,1.00,1.00
2016.12.05 20:25:49.891,9.81651,9.81919,1.00,1.00
2016.12.05 20:25:55.738,9.81668,9.81915,1.00,1.00
2016.12.05 20:25:59.949,9.8165,9.81922,1.00,1.00
2016.12.05 20:26:00.052,9.8167,9.8193,1.00,1.00
2016.12.05 20:26:00.948,9.8167,9.81922,1.00,1.00
2016.12.05 20:26:15.632,9.81652,9.81922,1.00,1.00
2016.12.05 20:26:28.340,9.81652,9.81922,1.67,1.00
2016.12.05 20:26:28.391,9.81656,9.81922,1.00,1.00
2016.12.05 20:26:28.749,9.8167,9.81929,1.00,1.00
2016.12.05 20:26:30.615,9.81656,9.8193,1.50,1.00
2016.12.05 20:26:50.241,9.81656,9.8193,1.67,1.00
2016.12.05 20:26:53.701,9.81666,9.8193,1.00,1.00
2016.12.05 20:27:02.440,9.81666,9.81928,1.00,1.00
2016.12.05 20:27:04.982,9.81678,9.8193,1.00,1.00
2016.12.05 20:27:05.032,9.81666,9.81935,1.00,1.00
2016.12.05 20:27:05.513,9.81678,9.8193,1.00,1.00
2016.12.05 20:27:07.351,9.81656,9.81927,1.00,1.00
2016.12.05 20:27:10.167,9.81656,9.8193,1.00,1.00
2016.12.05 20:27:10.268,9.81671,9.81923,1.00,1.00
2016.12.05 20:27:13.074,9.81656,9.81926,1.00,1.00
2016.12.05 20:27:13.287,9.81673,9.8193,1.00,1.00
2016.12.05 20:27:15.736,9.81677,9.8193,1.00,1.00
2016.12.05 20:27:19.024,9.81676,9.81934,1.00,1.00
2016.12.05 20:27:19.075,9.81656,9.81935,1.00,1.00
2016.12.05 20:27:23.752,9.81676,9.81929,1.00,1.00
2016.12.05 20:27:24.072,9.81656,9.81936,1.00,1.00
2016.12.05 20:27:25.135,9.81676,9.8193,1.00,1.00
2016.12.05 20:27:30.735,9.81682,9.81934,1.00,1.00
2016.12.05 20:27:31.168,9.81666,9.81929,1.00,1.00
2016.12.05 20:27:37.481,9.81656,9.81929,1.00,1.00
2016.12.05 20:27:40.395,9.81657,9.81934,1.00,1.00
2016.12.05 20:27:45.804,9.81657,9.8193,1.00,1.00
2016.12.05 20:27:48.484,9.81657,9.8193,1.67,1.00
2016.12.05 20:28:00.840,9.81665,9.81929,1.00,1.00
2016.12.05 20:28:15.825,9.81663,9.81929,1.00,1.00
2016.12.05 20:28:17.568,9.81668,9.81929,1.00,1.00
2016.12.05 20:28:26.244,9.81676,9.81929,1.00,1.00
2016.12.05 20:28:30.854,9.81676,9.81935,1.00,1.00
2016.12.05 20:28:32.605,9.81676,9.81936,1.00,1.00
2016.12.05 20:28:45.915,9.81676,9.81933,1.00,1.00
2016.12.05 20:28:47.823,9.81686,9.81933,1.00,1.00
2016.12.05 20:29:00.944,9.81686,9.81936,1.00,1.00
2016.12.05 20:29:02.656,9.81686,9.81934,1.00,1.00
2016.12.05 20:29:07.678,9.81703,9.81937,1.00,1.00
2016.12.05 20:29:07.729,9.81686,9.81942,1.00,1.00
2016.12.05 20:29:07.789,9.81704,9.81937,1.00,1.00
2016.12.05 20:29:07.840,9.81686,9.81942,1.50,1.00
2016.12.05 20:29:08.042,9.81704,9.81937,1.00,1.00
2016.12.05 20:29:08.679,9.81686,9.81943,1.00,1.00
2016.12.05 20:29:08.790,9.81703,9.81937,1.00,1.00
2016.12.05 20:29:08.841,9.81686,9.81942,1.50,1.00
2016.12.05 20:29:08.912,9.81704,9.81937,1.00,1.00
2016.12.05 20:29:13.904,9.81686,9.81937,1.00,1.00
2016.12.05 20:29:13.955,9.81708,9.8195,1.00,1.00
2016.12.05 20:29:14.006,9.81686,9.81952,1.00,1.00
2016.12.05 20:29:14.563,9.81686,9.8193,1.00,1.00
2016.12.05 20:29:15.826,9.81676,9.8193,1.00,1.00
2016.12.05 20:29:15.978,9.81676,9.81932,1.00,1.00
2016.12.05 20:29:16.029,9.8166,9.81932,1.00,1.00
2016.12.05 20:29:16.333,9.81656,9.81922,1.00,1.00
2016.12.05 20:29:17.686,9.81656,9.81926,1.42,1.00
2016.12.05 20:29:21.552,9.81666,9.81926,1.00,1.00
2016.12.05 20:29:30.990,9.81666,9.81929,1.00,1.00
2016.12.05 20:29:32.727,9.81666,9.8193,1.00,1.00
2016.12.05 20:29:33.288,9.81656,9.8193,1.42,1.00
2016.12.05 20:29:44.686,9.81655,9.8193,1.00,1.00
2016.12.05 20:29:46.004,9.81654,9.81927,1.00,1.00
2016.12.05 20:29:47.768,9.81652,9.81921,1.00,1.00
2016.12.05 20:30:01.041,9.81649,9.81915,1.00,1.00
2016.12.05 20:30:02.790,9.81648,9.81913,1.00,1.00
2016.12.05 20:30:04.946,9.81661,9.81944,1.67,1.00
2016.12.05 20:30:05.291,9.81661,9.81944,1.67,1.00
2016.12.05 20:30:05.944,9.8166,9.81943,1.67,1.00
2016.12.05 20:30:08.134,9.81667,9.81956,1.67,1.00
2016.12.05 20:30:08.185,9.81656,9.81944,2.17,1.00
2016.12.05 20:30:08.236,9.81656,9.81944,1.50,1.00
2016.12.05 20:30:08.309,9.81643,9.81927,1.67,1.00
2016.12.05 20:30:08.626,9.81664,9.81923,1.00,1.00
2016.12.05 20:30:09.954,9.81656,9.81925,1.67,1.00
2016.12.05 20:30:10.257,9.81656,9.81925,1.67,1.00
2016.12.05 20:30:10.936,9.81663,9.81939,1.67,1.00
2016.12.05 20:30:13.095,9.81663,9.81939,1.67,1.00
2016.12.05 20:30:13.147,9.81673,9.81958,1.67,1.00
2016.12.05 20:30:13.249,9.81665,9.8195,1.05,1.00
2016.12.05 20:30:13.372,9.8167,9.81935,1.00,1.00
2016.12.05 20:30:13.500,9.81654,9.81935,1.00,1.00
2016.12.05 20:30:14.132,9.81656,9.81935,1.00,1.00
2016.12.05 20:30:16.131,9.81656,9.81924,1.00,1.00
2016.12.05 20:30:17.845,9.81656,9.8195,1.50,1.00
2016.12.05 20:30:18.150,9.81656,9.81923,1.00,1.00
2016.12.05 20:30:26.529,9.81651,9.81923,1.00,1.00
2016.12.05 20:30:31.098,9.81649,9.81921,1.00,1.00
2016.12.05 20:30:32.837,9.81649,9.81919,1.00,1.00
2016.12.05 20:30:46.125,9.81653,9.8192,1.00,1.00
2016.12.05 20:30:47.887,9.81654,9.8192,1.00,1.00
2016.12.05 20:30:49.646,9.81656,9.8192,1.00,1.00
2016.12.05 20:31:00.114,9.81656,9.8192,1.67,1.00
2016.12.05 20:31:01.155,9.81666,9.81928,2.17,1.00
2016.12.05 20:31:02.897,9.81666,9.81957,1.42,1.00
2016.12.05 20:31:03.226,9.81666,9.81926,2.17,1.00
2016.12.05 20:31:03.277,9.81666,9.81958,1.42,1.00
2016.12.05 20:31:03.378,9.81666,9.81927,1.42,1.00
2016.12.05 20:31:03.899,9.81666,9.81957,2.17,1.00
2016.12.05 20:31:04.111,9.81666,9.81926,2.17,1.00
2016.12.05 20:31:04.162,9.81666,9.81955,1.42,1.00
2016.12.05 20:31:04.263,9.81666,9.81926,1.42,1.00
2016.12.05 20:31:15.141,9.81665,9.81926,1.00,1.00
2016.12.05 20:31:16.221,9.81661,9.81927,1.00,1.00
2016.12.05 20:31:17.926,9.8166,9.81925,1.00,1.00
2016.12.05 20:31:31.246,9.81656,9.81925,1.00,1.00
2016.12.05 20:31:32.956,9.81663,9.81925,1.00,1.00
2016.12.05 20:31:41.299,9.81656,9.81919,1.00,1.00
2016.12.05 20:31:41.400,9.81656,9.81927,1.00,1.00
2016.12.05 20:31:42.066,9.81646,9.81927,1.42,1.00
2016.12.05 20:31:42.370,9.8165,9.8192,1.00,1.00
2016.12.05 20:31:43.846,9.8165,9.8192,1.67,1.00
2016.12.05 20:31:43.948,9.8165,9.8192,1.00,1.00
2016.12.05 20:31:45.169,9.8165,9.8192,1.67,1.00
2016.12.05 20:31:45.320,9.8165,9.8192,1.00,1.00
2016.12.05 20:31:45.472,9.8165,9.8192,1.67,1.00
2016.12.05 20:31:45.573,9.8165,9.8192,1.00,1.00
2016.12.05 20:31:46.286,9.81654,9.8192,1.00,1.00
2016.12.05 20:31:47.997,9.81649,9.8192,1.00,1.00
2016.12.05 20:31:49.342,9.81671,9.8192,1.00,1.00
2016.12.05 20:32:01.307,9.81656,9.8192,1.50,1.00
2016.12.05 20:32:03.016,9.81656,9.81921,1.00,1.00
2016.12.05 20:32:05.553,9.81656,9.81921,1.67,1.00
2016.12.05 20:32:16.337,9.81662,9.81925,1.67,1.00
2016.12.05 20:32:18.094,9.81663,9.81926,1.67,1.00
2016.12.05 20:32:31.175,9.8166,9.81926,1.00,1.00
2016.12.05 20:32:33.103,9.8166,9.81923,1.00,1.00
2016.12.05 20:32:45.429,9.8167,9.81866,1.00,1.00
2016.12.05 20:32:45.480,9.81634,9.81866,1.00,1.00
2016.12.05 20:32:45.582,9.81634,9.81854,1.00,1.00
2016.12.05 20:32:45.734,9.81634,9.81867,1.00,1.00
2016.12.05 20:32:45.885,9.81634,9.81877,1.00,1.00
2016.12.05 20:32:46.423,9.81583,9.81877,1.07,1.00
2016.12.05 20:32:46.560,9.81603,9.81877,1.00,1.00
2016.12.05 20:32:47.747,9.81621,9.81877,1.00,1.00
2016.12.05 20:33:01.394,9.8162,9.81877,1.00,1.00
2016.12.05 20:33:05.941,9.81585,9.81877,1.00,1.00
2016.12.05 20:33:06.042,9.81607,9.81877,1.00,1.00
2016.12.05 20:33:11.423,9.81621,9.81877,1.00,1.00
2016.12.05 20:33:18.165,9.81619,9.81877,1.00,1.00
2016.12.05 20:33:22.986,9.81605,9.81869,1.00,1.00
2016.12.05 20:33:23.087,9.81582,9.81859,1.00,1.00
2016.12.05 20:33:23.340,9.81598,9.81875,1.00,1.00
2016.12.05 20:33:24.688,9.81598,9.81867,1.00,1.00
2016.12.05 20:33:31.472,9.81601,9.81867,1.00,1.00
2016.12.05 20:33:31.607,9.81581,9.81867,1.00,1.00
2016.12.05 20:33:33.196,9.81578,9.81867,1.00,1.00
2016.12.05 20:33:38.131,9.8159,9.81864,1.00,1.00
2016.12.05 20:33:39.850,9.81578,9.81843,1.00,1.00
2016.12.05 20:33:39.902,9.81592,9.81865,1.00,1.00
2016.12.05 20:33:40.165,9.81578,9.81864,1.00,1.00
2016.12.05 20:33:40.275,9.81593,9.81844,1.00,1.00
2016.12.05 20:33:40.326,9.81578,9.81864,1.00,1.00
2016.12.05 20:33:40.851,9.81578,9.81844,1.00,1.00
2016.12.05 20:33:40.902,9.81578,9.81865,1.00,1.00
2016.12.05 20:33:41.184,9.81593,9.81865,1.00,1.00
2016.12.05 20:33:41.402,9.81578,9.81865,1.00,1.00
2016.12.05 20:33:41.987,9.81578,9.81864,1.00,1.00
2016.12.05 20:33:42.536,9.81578,9.81865,1.00,1.00
2016.12.05 20:33:45.504,9.81578,9.81844,1.00,1.00
2016.12.05 20:33:45.906,9.81578,9.81865,1.00,1.00
2016.12.05 20:33:45.972,9.81578,9.81844,1.00,1.00
2016.12.05 20:33:46.212,9.81578,9.81865,1.00,1.00
2016.12.05 20:33:46.515,9.81578,9.81844,1.00,1.00
2016.12.05 20:33:46.922,9.81578,9.81865,1.00,1.00
2016.12.05 20:33:46.972,9.81578,9.81844,1.00,1.00
2016.12.05 20:33:47.180,9.81578,9.81864,1.00,1.00
2016.12.05 20:33:47.512,9.81578,9.81844,1.00,1.00
2016.12.05 20:33:47.868,9.81578,9.81865,1.00,1.00
2016.12.05 20:33:47.997,9.81578,9.81844,1.00,1.00
2016.12.05 20:33:48.183,9.81578,9.81865,1.00,1.00
2016.12.05 20:33:48.513,9.81578,9.81844,1.00,1.00
2016.12.05 20:33:48.989,9.81593,9.81857,1.00,1.00
2016.12.05 20:33:49.530,9.81578,9.81842,1.00,1.00
2016.12.05 20:33:50.198,9.8159,9.81854,1.00,1.00
2016.12.05 20:33:50.451,9.81576,9.8186,1.00,1.00
2016.12.05 20:33:50.602,9.81593,9.81857,1.00,1.00
2016.12.05 20:33:51.237,9.81578,9.81842,1.00,1.00
2016.12.05 20:33:51.602,9.81593,9.81857,1.00,1.00
2016.12.05 20:33:52.131,9.81592,9.81858,1.00,1.00
2016.12.05 20:33:52.513,9.81578,9.81842,1.00,1.00
2016.12.05 20:33:52.843,9.81593,9.81857,1.00,1.00
2016.12.05 20:33:53.192,9.81578,9.81842,1.00,1.00
2016.12.05 20:33:53.608,9.81593,9.81857,1.00,1.00
2016.12.05 20:33:54.197,9.81577,9.81843,1.00,1.00
2016.12.05 20:33:54.617,9.81593,9.81857,1.00,1.00
2016.12.05 20:33:55.224,9.81578,9.8184,1.00,1.00
2016.12.05 20:33:55.699,9.81575,9.81859,1.00,1.00
2016.12.05 20:33:55.836,9.81592,9.81856,1.00,1.00
2016.12.05 20:33:55.938,9.81592,9.81858,1.00,1.00
2016.12.05 20:33:56.263,9.81578,9.8184,1.00,1.00
2016.12.05 20:33:57.143,9.81593,9.81857,1.00,1.00
2016.12.05 20:33:57.468,9.81578,9.81842,1.00,1.00
2016.12.05 20:33:58.195,9.81593,9.81857,1.00,1.00
2016.12.05 20:33:58.514,9.81578,9.81842,1.00,1.00
2016.12.05 20:33:59.148,9.81593,9.81857,1.00,1.00
2016.12.05 20:33:59.518,9.81578,9.81842,1.00,1.00
2016.12.05 20:34:00.283,9.8159,9.81854,1.00,1.00
2016.12.05 20:34:00.592,9.81576,9.81838,1.00,1.00
2016.12.05 20:34:01.386,9.8159,9.81852,1.00,1.00
2016.12.05 20:34:03.386,9.81591,9.8185,1.00,1.00
2016.12.05 20:34:04.273,9.81575,9.81856,1.00,1.00
2016.12.05 20:34:05.861,9.81506,9.81828,1.00,1.00
2016.12.05 20:34:05.963,9.81492,9.81814,1.00,1.00
2016.12.05 20:34:06.014,9.81492,9.81835,1.00,1.00
2016.12.05 20:34:06.064,9.8148,9.81744,1.00,1.00
2016.12.05 20:34:06.115,9.81474,9.81744,1.00,1.00
2016.12.05 20:34:06.166,9.81459,9.81744,1.00,1.00
2016.12.05 20:34:06.308,9.81447,9.81744,1.00,1.00
2016.12.05 20:34:06.360,9.81444,9.81779,1.00,1.00
2016.12.05 20:34:06.562,9.81483,9.81779,1.00,1.00
2016.12.05 20:34:06.613,9.81483,9.81794,1.00,1.00
2016.12.05 20:34:07.014,9.81444,9.81794,1.00,1.00
2016.12.05 20:34:07.064,9.81444,9.8179,1.00,1.00
2016.12.05 20:34:07.419,9.81444,9.81782,1.00,1.00
2016.12.05 20:34:08.036,9.81507,9.81782,1.00,1.00
2016.12.05 20:34:08.087,9.81444,9.81782,1.00,1.00
2016.12.05 20:34:08.146,9.81507,9.81782,1.00,1.00
2016.12.05 20:34:08.197,9.81444,9.81782,1.00,1.00
2016.12.05 20:34:08.400,9.81444,9.81787,1.00,1.00
2016.12.05 20:34:08.816,9.81508,9.81774,1.00,1.00
2016.12.05 20:34:09.087,9.81444,9.81787,1.00,1.00
2016.12.05 20:34:09.542,9.8151,9.81787,1.00,1.00
2016.12.05 20:34:10.182,9.81492,9.81767,1.00,1.00
2016.12.05 20:34:11.035,9.81492,9.81792,1.00,1.00
2016.12.05 20:34:11.364,9.81492,9.8177,1.00,1.00
2016.12.05 20:34:12.134,9.81492,9.81792,1.00,1.00
2016.12.05 20:34:12.369,9.81492,9.8177,1.00,1.00
2016.12.05 20:34:13.088,9.81492,9.81792,1.00,1.00
2016.12.05 20:34:13.391,9.81492,9.81771,1.00,1.00
2016.12.05 20:34:13.442,9.81511,9.81794,1.00,1.00
2016.12.05 20:34:13.494,9.81492,9.81771,1.00,1.00
2016.12.05 20:34:14.175,9.81492,9.81797,1.00,1.00
2016.12.05 20:34:14.296,9.81492,9.81777,1.00,1.00
2016.12.05 20:34:15.265,9.81492,9.81774,1.00,1.00
2016.12.05 20:34:15.315,9.81492,9.81797,1.00,1.00
2016.12.05 20:34:16.544,9.81492,9.81777,1.00,1.00
2016.12.05 20:34:16.595,9.8151,9.81797,1.00,1.00
2016.12.05 20:34:16.652,9.81492,9.81777,1.00,1.00
2016.12.05 20:34:16.703,9.81511,9.81797,1.00,1.00
2016.12.05 20:34:16.874,9.81492,9.81777,1.00,1.00
2016.12.05 20:34:16.925,9.81511,9.81797,1.00,1.00
2016.12.05 20:34:16.984,9.81492,9.81777,1.00,1.00
2016.12.05 20:34:17.570,9.81509,9.81798,1.00,1.00
2016.12.05 20:34:17.688,9.81511,9.81797,1.00,1.00
2016.12.05 20:34:18.419,9.8151,9.81797,1.00,1.00
2016.12.05 20:34:18.985,9.81491,9.81778,1.00,1.00
2016.12.05 20:34:19.440,9.8153,9.81806,1.00,1.00
2016.12.05 20:34:19.850,9.81476,9.81789,1.00,1.00
2016.12.05 20:34:19.901,9.81498,9.81804,1.00,1.00
2016.12.05 20:34:20.261,9.81505,9.81786,1.00,1.00
2016.12.05 20:34:20.990,9.81505,9.81785,1.00,1.00
2016.12.05 20:34:21.040,9.81498,9.81804,1.00,1.00
2016.12.05 20:34:21.243,9.81505,9.81786,1.00,1.00
2016.12.05 20:34:21.993,9.81501,9.81802,1.00,1.00
2016.12.05 20:34:22.531,9.81471,9.8178,1.00,1.00
2016.12.05 20:34:23.005,9.81471,9.81774,1.00,1.00
2016.12.05 20:34:23.337,9.81423,9.81767,1.00,1.00
2016.12.05 20:34:23.439,9.81453,9.81739,1.00,1.00
2016.12.05 20:34:23.489,9.81423,9.81765,1.00,1.00
2016.12.05 20:34:23.591,9.81454,9.81739,1.00,1.00
2016.12.05 20:34:24.592,9.81459,9.81736,1.00,1.00
2016.12.05 20:34:24.693,9.81459,9.81759,1.00,1.00
2016.12.05 20:34:24.766,9.81458,9.81761,1.00,1.00
2016.12.05 20:34:25.036,9.81459,9.81757,1.00,1.00
2016.12.05 20:34:25.340,9.81421,9.81744,1.00,1.00
2016.12.05 20:34:25.391,9.8141,9.81745,1.00,1.00
2016.12.05 20:34:25.442,9.8141,9.81722,1.00,1.00
2016.12.05 20:34:25.571,9.81377,9.81722,1.00,1.00
2016.12.05 20:34:25.623,9.81501,9.81744,1.45,1.00
2016.12.05 20:34:25.927,9.81595,9.81814,1.00,1.00
2016.12.05 20:34:26.230,9.81638,9.81814,1.00,1.00
2016.12.05 20:34:26.331,9.81638,9.81824,1.00,1.00
2016.12.05 20:34:26.685,9.8162,9.81824,1.00,1.00
2016.12.05 20:34:26.942,9.81627,9.81824,1.00,1.00
2016.12.05 20:34:27.737,9.81628,9.81824,1.00,1.00
2016.12.05 20:34:28.282,9.81647,9.81824,1.00,1.00
2016.12.05 20:34:28.333,9.81619,9.81824,1.00,1.00
2016.12.05 20:34:28.843,9.81636,9.81824,1.00,1.00
2016.12.05 20:34:28.894,9.8162,9.81824,1.00,1.00
2016.12.05 20:34:29.974,9.81637,9.81824,1.00,1.00
2016.12.05 20:34:30.075,9.8162,9.81824,1.00,1.00
2016.12.05 20:34:30.179,9.81647,9.81824,1.00,1.00
2016.12.05 20:34:31.037,9.81578,9.81824,1.00,1.50
2016.12.05 20:34:31.088,9.81555,9.81824,1.00,1.50
2016.12.05 20:34:31.139,9.81523,9.81824,1.00,1.50
2016.12.05 20:34:31.291,9.81488,9.81824,1.75,1.50
2016.12.05 20:34:31.342,9.81543,9.81824,1.00,1.00
2016.12.05 20:34:31.596,9.81543,9.81834,1.00,1.00
2016.12.05 20:34:32.088,9.81569,9.81834,1.00,1.00
2016.12.05 20:34:32.352,9.81543,9.81834,1.00,1.00
2016.12.05 20:34:32.611,9.81572,9.81834,1.00,1.00
2016.12.05 20:34:32.712,9.81551,9.81834,1.00,1.00
2016.12.05 20:34:32.890,9.81572,9.81833,1.00,1.00
2016.12.05 20:34:33.462,9.81569,9.81834,1.00,1.00
2016.12.05 20:34:33.564,9.81569,9.81832,1.00,1.00
2016.12.05 20:34:33.867,9.81571,9.81844,1.00,1.00
2016.12.05 20:34:34.837,9.81551,9.81844,1.00,1.00
2016.12.05 20:34:35.374,9.8155,9.81844,1.00,1.00
2016.12.05 20:34:35.805,9.81571,9.81844,1.00,1.00
2016.12.05 20:34:36.190,9.81571,9.81834,1.00,1.00
2016.12.05 20:34:36.745,9.81551,9.81834,1.00,1.00
2016.12.05 20:34:37.048,9.81569,9.81834,1.00,1.50
2016.12.05 20:34:37.827,9.81574,9.81834,1.00,1.00
2016.12.05 20:34:38.030,9.8157,9.81834,1.00,1.00
2016.12.05 20:34:38.183,9.8157,9.81829,1.00,1.00
2016.12.05 20:34:38.285,9.81551,9.81834,1.00,1.00
2016.12.05 20:34:38.386,9.81572,9.81829,1.00,1.00
2016.12.05 20:34:38.740,9.81551,9.81834,1.00,1.00
2016.12.05 20:34:39.059,9.81551,9.81829,1.00,1.00
2016.12.05 20:34:39.365,9.81573,9.81835,1.00,1.00
2016.12.05 20:34:39.416,9.81551,9.81835,1.00,1.00
2016.12.05 20:34:39.769,9.81575,9.81824,1.00,1.00
2016.12.05 20:34:39.820,9.81551,9.81834,1.00,1.00
2016.12.05 20:34:40.312,9.81571,9.81826,1.00,1.00
2016.12.05 20:34:40.413,9.81571,9.81834,1.00,1.00
2016.12.05 20:34:40.583,9.81548,9.81826,1.00,1.00
2016.12.05 20:34:40.634,9.81572,9.81834,1.00,1.00
2016.12.05 20:34:41.140,9.81573,9.81834,1.00,1.00
2016.12.05 20:34:41.315,9.81548,9.81834,1.00,1.00
2016.12.05 20:34:41.417,9.81571,9.81829,1.00,1.00
2016.12.05 20:34:41.468,9.81547,9.81834,1.00,1.00
2016.12.05 20:34:41.859,9.8157,9.8183,1.00,1.00
2016.12.05 20:34:42.236,9.81547,9.81834,1.00,1.00
2016.12.05 20:34:42.567,9.81566,9.81829,1.00,1.00
2016.12.05 20:34:42.685,9.81566,9.81834,1.00,1.00
2016.12.05 20:34:42.744,9.81566,9.81829,1.00,1.00
2016.12.05 20:34:42.795,9.81566,9.81834,1.00,1.00
2016.12.05 20:34:42.896,9.81566,9.81829,1.00,1.00
2016.12.05 20:34:43.229,9.81564,9.81844,1.00,1.50
2016.12.05 20:34:43.440,9.81565,9.81829,1.00,1.00
2016.12.05 20:34:43.541,9.81565,9.81844,1.00,1.50
2016.12.05 20:34:43.885,9.81565,9.81829,1.00,1.00
2016.12.05 20:34:44.203,9.81565,9.81844,1.00,1.50
2016.12.05 20:34:44.533,9.81566,9.81829,1.00,1.00
2016.12.05 20:34:44.790,9.81564,9.8183,1.00,1.00
2016.12.05 20:34:44.862,9.81565,9.81844,1.00,1.50
2016.12.05 20:34:45.426,9.81566,9.81844,1.00,1.50
2016.12.05 20:34:45.890,9.81565,9.8183,1.00,1.00
2016.12.05 20:34:46.418,9.81566,9.81829,1.00,1.00
2016.12.05 20:34:46.559,9.81557,9.81829,1.00,1.00
2016.12.05 20:34:46.761,9.81557,9.81844,1.00,1.50
2016.12.05 20:34:46.866,9.81558,9.81829,1.00,1.00
2016.12.05 20:34:47.236,9.81558,9.81844,1.00,1.50
2016.12.05 20:34:47.782,9.81559,9.81829,1.00,1.00
2016.12.05 20:34:47.872,9.81559,9.81844,1.00,1.50
2016.12.05 20:34:48.090,9.81537,9.81826,1.00,1.00
2016.12.05 20:34:48.444,9.81482,9.81815,1.00,1.00
2016.12.05 20:34:48.545,9.81516,9.81815,1.00,1.00
2016.12.05 20:34:50.568,9.81513,9.81812,1.00,1.00
2016.12.05 20:34:51.610,9.81522,9.81797,1.00,1.00
2016.12.05 20:34:57.038,9.81507,9.81791,1.00,1.00
2016.12.05 20:34:57.089,9.81501,9.81805,1.00,1.00
2016.12.05 20:34:57.140,9.81513,9.81799,1.00,1.00
2016.12.05 20:34:57.494,9.8151,9.81809,1.00,1.00
2016.12.05 20:34:57.747,9.81479,9.81792,1.00,1.00
2016.12.05 20:34:58.086,9.81514,9.81792,1.00,1.00
2016.12.05 20:34:58.238,9.81479,9.81793,1.00,1.00
2016.12.05 20:34:58.501,9.81521,9.81794,1.00,1.00
2016.12.05 20:34:58.855,9.81508,9.81812,1.00,1.00
2016.12.05 20:34:59.359,9.81479,9.81812,1.00,1.00
2016.12.05 20:34:59.461,9.8152,9.81797,1.00,1.00
2016.12.05 20:35:00.169,9.81508,9.8181,1.00,1.00
2016.12.05 20:35:00.406,9.81514,9.81794,1.00,1.00
2016.12.05 20:35:00.911,9.81515,9.81795,1.00,1.00
2016.12.05 20:35:01.484,9.81505,9.81813,1.00,1.00
2016.12.05 20:35:01.585,9.81513,9.81794,1.00,1.00
2016.12.05 20:35:01.636,9.81506,9.8181,1.00,1.00
2016.12.05 20:35:01.801,9.8151,9.81791,1.00,1.00
2016.12.05 20:35:02.208,9.81523,9.81815,1.00,1.00
2016.12.05 20:35:02.302,9.81508,9.81812,1.00,1.00
2016.12.05 20:35:02.656,9.81513,9.81794,1.00,1.00
2016.12.05 20:35:02.707,9.81478,9.81812,1.00,1.00
2016.12.05 20:35:02.758,9.81513,9.81812,1.00,1.00
2016.12.05 20:35:03.714,9.81508,9.81812,1.00,1.00
2016.12.05 20:35:04.723,9.81521,9.81801,1.00,1.00
2016.12.05 20:35:04.774,9.81513,9.81814,1.00,1.50
2016.12.05 20:35:04.976,9.81515,9.81814,1.00,1.00
2016.12.05 20:35:05.229,9.81508,9.81814,1.00,1.50
2016.12.05 20:35:06.033,9.81507,9.81813,1.00,1.00
2016.12.05 20:35:08.241,9.8152,9.81798,1.00,1.00
2016.12.05 20:35:08.752,9.81508,9.81812,1.00,1.00
2016.12.05 20:35:08.853,9.81517,9.81798,1.00,1.00
2016.12.05 20:35:09.630,9.8151,9.81814,1.00,1.50
2016.12.05 20:35:09.883,9.81517,9.818,1.00,1.00
2016.12.05 20:35:10.136,9.8151,9.81814,1.00,1.50
2016.12.05 20:35:10.641,9.81517,9.818,1.00,1.00
2016.12.05 20:35:11.889,9.8152,9.81799,1.00,1.00
2016.12.05 20:35:12.181,9.81513,9.81814,1.00,1.50
2016.12.05 20:35:12.853,9.81525,9.81802,1.00,1.00
2016.12.05 20:35:13.288,9.81515,9.81814,1.00,1.00
2016.12.05 20:35:13.672,9.8152,9.81814,1.00,1.00
2016.12.05 20:35:13.723,9.81476,9.81804,1.00,1.00
2016.12.05 20:35:13.773,9.81485,9.81782,1.00,1.00
2016.12.05 20:35:16.681,9.81445,9.81788,1.00,1.00
2016.12.05 20:35:17.039,9.81476,9.81787,1.00,1.00
2016.12.05 20:35:17.141,9.81448,9.81769,1.00,1.00
2016.12.05 20:35:18.438,9.81446,9.81785,1.00,1.00
2016.12.05 20:35:18.641,9.81445,9.81764,1.50,1.00
2016.12.05 20:35:20.586,9.81471,9.8178,1.00,1.00
2016.12.05 20:35:20.789,9.81466,9.81777,1.00,1.00
2016.12.05 20:35:20.890,9.81461,9.81752,1.00,1.00
2016.12.05 20:35:21.042,9.81436,9.81765,1.00,1.00
2016.12.05 20:35:21.801,9.81438,9.81771,1.00,1.00
2016.12.05 20:35:21.852,9.81438,9.81781,1.00,1.00
2016.12.05 20:35:21.903,9.81438,9.81784,1.00,1.00
2016.12.05 20:35:22.055,9.81442,9.81759,1.00,1.00
2016.12.05 20:35:22.359,9.81441,9.81754,1.00,1.00
2016.12.05 20:35:23.332,9.81437,9.81773,1.00,1.00
2016.12.05 20:35:23.837,9.81438,9.81772,1.00,1.00
2016.12.05 20:35:24.299,9.8144,9.8175,1.00,1.00
2016.12.05 20:35:24.350,9.8144,9.81772,1.00,1.00
2016.12.05 20:35:24.891,9.81441,9.81772,1.00,1.00
2016.12.05 20:35:25.406,9.81441,9.81751,1.00,1.00
2016.12.05 20:35:25.519,9.81441,9.81772,1.00,1.00
2016.12.05 20:35:25.570,9.81601,9.81795,1.00,1.00
2016.12.05 20:35:25.621,9.81601,9.81833,1.00,1.00
2016.12.05 20:35:25.672,9.81573,9.81834,1.00,1.00
2016.12.05 20:35:25.723,9.8154,9.81834,1.00,1.00
2016.12.05 20:35:25.774,9.81534,9.81834,1.00,1.00
2016.12.05 20:35:26.128,9.81533,9.81844,1.00,1.00
2016.12.05 20:35:26.439,9.81508,9.81816,1.00,1.00
2016.12.05 20:35:26.744,9.81533,9.81835,1.00,1.00
2016.12.05 20:35:27.098,9.81533,9.81832,1.00,1.00
2016.12.05 20:35:27.497,9.81509,9.81814,1.00,1.00
2016.12.05 20:35:27.781,9.81533,9.81832,1.00,1.00
2016.12.05 20:35:28.061,9.81509,9.81813,1.00,1.00
2016.12.05 20:35:28.112,9.81533,9.81832,1.00,1.00
2016.12.05 20:35:28.170,9.81509,9.81813,1.00,1.00
2016.12.05 20:35:28.221,9.81533,9.81832,1.00,1.00
2016.12.05 20:35:28.545,9.8151,9.81813,1.00,1.00
2016.12.05 20:35:28.772,9.81533,9.81832,1.00,1.00
2016.12.05 20:35:28.955,9.8151,9.81813,1.00,1.00
2016.12.05 20:35:29.005,9.81533,9.81832,1.00,1.00
2016.12.05 20:35:29.787,9.8151,9.81813,1.00,1.00
2016.12.05 20:35:30.751,9.81526,9.81824,1.00,1.00
2016.12.05 20:35:30.953,9.81487,9.81788,1.00,1.00
2016.12.05 20:35:31.786,9.81451,9.8179,1.00,1.00
2016.12.05 20:35:32.086,9.81451,9.81763,1.00,1.00
2016.12.05 20:35:33.478,9.81451,9.81782,1.00,1.00
2016.12.05 20:35:33.651,9.81451,9.81761,1.00,1.00
2016.12.05 20:35:33.701,9.81451,9.81782,1.00,1.00
2016.12.05 20:35:34.545,9.8145,9.81762,1.00,1.00
2016.12.05 20:35:34.596,9.8145,9.81783,1.00,1.00
2016.12.05 20:35:35.457,9.8145,9.81782,1.00,1.00
2016.12.05 20:35:35.551,9.8145,9.8176,1.00,1.00
2016.12.05 20:35:35.602,9.8145,9.81782,1.00,1.00
2016.12.05 20:35:35.662,9.8145,9.8176,1.00,1.00
2016.12.05 20:35:35.713,9.8145,9.81782,1.00,1.00
2016.12.05 20:35:36.552,9.81451,9.81761,1.00,1.00
2016.12.05 20:35:36.603,9.81451,9.81782,1.00,1.00
2016.12.05 20:35:36.663,9.8145,9.81762,1.00,1.00
2016.12.05 20:35:36.714,9.81451,9.81782,1.00,1.00
2016.12.05 20:35:37.441,9.8145,9.8176,1.00,1.00
2016.12.05 20:35:37.492,9.81449,9.81783,1.00,1.00
2016.12.05 20:35:38.051,9.8145,9.81782,1.00,1.00
2016.12.05 20:35:38.445,9.8145,9.8176,1.00,1.00
2016.12.05 20:35:38.496,9.8145,9.81782,1.00,1.00
2016.12.05 20:35:39.040,9.81449,9.81783,1.00,1.00
2016.12.05 20:35:39.319,9.8148,9.81793,1.00,1.00
2016.12.05 20:35:43.595,9.81448,9.8178,1.00,1.00
2016.12.05 20:35:46.725,9.81449,9.81766,1.00,1.00
2016.12.05 20:35:46.775,9.8145,9.81787,1.00,1.00
2016.12.05 20:35:46.832,9.8145,9.81767,1.00,1.00
2016.12.05 20:35:46.882,9.8145,9.81787,1.00,1.00
2016.12.05 20:35:46.982,9.8145,9.81768,1.00,1.00
2016.12.05 20:35:47.945,9.81451,9.81765,1.00,1.00
2016.12.05 20:35:48.055,9.81451,9.81787,1.00,1.00
2016.12.05 20:35:48.269,9.81451,9.81767,1.00,1.00
2016.12.05 20:35:49.270,9.8145,9.81764,1.00,1.00
2016.12.05 20:35:49.422,9.81449,9.81788,1.00,1.00
2016.12.05 20:35:49.631,9.8145,9.81767,1.00,1.00
2016.12.05 20:35:50.722,9.81451,9.81765,1.00,1.00
2016.12.05 20:35:50.773,9.8145,9.81788,1.00,1.00
2016.12.05 20:35:50.925,9.81451,9.81767,1.00,1.00
2016.12.05 20:35:51.942,9.81451,9.81765,1.00,1.00
2016.12.05 20:35:52.043,9.81451,9.81787,1.00,1.00
2016.12.05 20:35:52.261,9.8145,9.81768,1.00,1.00
2016.12.05 20:35:53.291,9.81448,9.81764,1.00,1.00
2016.12.05 20:35:53.392,9.81448,9.81784,1.00,1.00
2016.12.05 20:35:53.496,9.81448,9.81763,1.00,1.00
2016.12.05 20:35:54.139,9.81447,9.81764,1.00,1.00
2016.12.05 20:36:01.761,9.81443,9.81759,1.00,1.00
2016.12.05 20:36:16.785,9.81443,9.81764,1.00,1.00
2016.12.05 20:36:29.148,9.81448,9.81803,1.00,1.00
2016.12.05 20:36:29.199,9.81481,9.81814,1.00,1.50
2016.12.05 20:36:29.325,9.81456,9.81802,1.00,1.00
2016.12.05 20:36:29.376,9.81456,9.81797,1.00,1.00
2016.12.05 20:36:29.691,9.81477,9.81768,1.00,1.00
2016.12.05 20:36:30.424,9.81476,9.81788,1.00,1.00
2016.12.05 20:36:30.527,9.81477,9.81764,1.00,1.00
2016.12.05 20:36:30.578,9.81477,9.81787,1.00,1.00
2016.12.05 20:36:30.629,9.81443,9.81792,1.00,1.00
2016.12.05 20:36:30.680,9.81436,9.8177,1.00,1.00
2016.12.05 20:36:31.631,9.8146,9.81757,1.00,1.00
2016.12.05 20:36:31.783,9.81462,9.81773,1.00,1.00
2016.12.05 20:36:32.584,9.81463,9.81784,1.00,1.00
2016.12.05 20:36:32.838,9.81463,9.8178,1.00,1.00
2016.12.05 20:36:33.575,9.81463,9.8176,1.00,1.00
2016.12.05 20:36:34.565,9.81465,9.81778,1.00,1.00
2016.12.05 20:36:46.870,9.81465,9.81758,1.00,1.00
2016.12.05 20:36:47.740,9.81435,9.81775,1.00,1.00
2016.12.05 20:36:47.791,9.81408,9.81771,1.37,1.00
2016.12.05 20:36:47.842,9.81443,9.81769,1.00,1.00
2016.12.05 20:36:47.893,9.81403,9.81767,1.37,1.00
2016.12.05 20:36:47.944,9.81403,9.81767,1.00,1.00
2016.12.05 20:36:48.096,9.81448,9.8175,1.00,1.00
2016.12.05 20:36:48.862,9.81402,9.8176,1.00,1.00
2016.12.05 20:36:49.079,9.81431,9.81765,1.00,1.00
2016.12.05 20:36:49.999,9.8144,9.81764,1.00,1.00
2016.12.05 20:36:51.788,9.81419,9.81747,1.00,1.00
2016.12.05 20:36:51.838,9.81448,9.81757,1.00,1.00
2016.12.05 20:36:52.208,9.81451,9.81757,1.00,1.50
2016.12.05 20:36:53.260,9.8143,9.81762,1.00,1.00
2016.12.05 20:36:53.361,9.81433,9.81772,1.00,1.00
2016.12.05 20:36:53.463,9.81461,9.81745,1.00,1.00
2016.12.05 20:36:54.380,9.81449,9.81775,1.00,1.00
2016.12.05 20:36:54.446,9.81449,9.81754,1.00,1.00
2016.12.05 20:36:54.546,9.81448,9.81776,1.00,1.00
2016.12.05 20:36:55.070,9.81449,9.81775,1.00,1.00
2016.12.05 20:36:55.493,9.81451,9.81776,1.00,1.00
2016.12.05 20:36:55.960,9.81452,9.81754,1.00,1.00
2016.12.05 20:36:56.484,9.81445,9.81774,1.00,1.00
2016.12.05 20:36:56.586,9.81445,9.81754,1.00,1.00
2016.12.05 20:36:56.687,9.81435,9.81764,1.00,1.00
2016.12.05 20:37:01.874,9.81439,9.81754,1.00,1.00
2016.12.05 20:37:01.925,9.81432,9.8177,1.00,1.00
2016.12.05 20:37:01.976,9.81439,9.81755,1.00,1.00
2016.12.05 20:37:02.027,9.81433,9.81769,1.00,1.00
2016.12.05 20:37:02.880,9.81439,9.81754,1.00,1.00
2016.12.05 20:37:10.717,9.8143,9.81764,1.00,1.00
2016.12.05 20:37:10.768,9.8147,9.81774,1.00,1.00
2016.12.05 20:37:11.703,9.81461,9.81761,1.00,1.00
2016.12.05 20:37:13.394,9.81451,9.81772,1.00,1.00
2016.12.05 20:37:13.938,9.8145,9.81772,1.00,1.00
2016.12.05 20:37:15.395,9.81461,9.81772,1.00,1.00
2016.12.05 20:37:16.383,9.81461,9.81755,1.00,1.00
2016.12.05 20:37:16.942,9.81461,9.81772,1.00,1.00
2016.12.05 20:37:17.938,9.81461,9.8176,1.00,1.00
2016.12.05 20:37:18.646,9.81461,9.81749,1.00,1.00
2016.12.05 20:37:18.697,9.81461,9.81772,1.00,1.00
2016.12.05 20:37:18.858,9.81461,9.8175,1.00,1.00
2016.12.05 20:37:18.909,9.81461,9.81772,1.00,1.00
2016.12.05 20:37:19.894,9.81461,9.8175,1.00,1.00
2016.12.05 20:37:19.945,9.81461,9.81772,1.00,1.00
2016.12.05 20:37:20.649,9.81461,9.81751,1.00,1.00
2016.12.05 20:37:20.700,9.81462,9.81772,1.00,1.00
2016.12.05 20:37:20.915,9.8146,9.81773,1.00,1.00
2016.12.05 20:37:21.865,9.81462,9.81757,1.00,1.00
2016.12.05 20:37:21.916,9.81462,9.81777,1.00,1.00
2016.12.05 20:37:21.975,9.81461,9.81758,1.00,1.00
2016.12.05 20:37:22.026,9.81462,9.81777,1.00,1.00
2016.12.05 20:37:22.127,9.81462,9.81757,1.00,1.00
2016.12.05 20:37:23.098,9.81462,9.81777,1.00,1.00
2016.12.05 20:37:23.302,9.81462,9.81757,1.00,1.00
2016.12.05 20:37:24.306,9.81462,9.81755,1.00,1.00
2016.12.05 20:37:24.457,9.81481,9.81777,1.00,1.00
2016.12.05 20:37:24.660,9.81481,9.81757,1.00,1.00
2016.12.05 20:37:25.037,9.81476,9.81777,1.00,1.00
2016.12.05 20:37:25.636,9.81478,9.81777,1.00,1.00
2016.12.05 20:37:26.019,9.81478,9.81757,1.00,1.00
2016.12.05 20:37:26.779,9.81478,9.81777,1.00,1.00
2016.12.05 20:37:26.962,9.81478,9.81757,1.00,1.00
2016.12.05 20:37:28.010,9.81478,9.81755,1.00,1.00
2016.12.05 20:37:28.077,9.81478,9.81777,1.00,1.00
2016.12.05 20:37:28.179,9.81478,9.81757,1.00,1.00
2016.12.05 20:37:28.230,9.81478,9.81777,1.00,1.00
2016.12.05 20:37:28.332,9.81478,9.81757,1.00,1.00
2016.12.05 20:37:29.220,9.81478,9.8175,1.00,1.00
2016.12.05 20:37:29.422,9.81478,9.81775,1.00,1.00
2016.12.05 20:37:29.690,9.81478,9.81777,1.00,1.00
2016.12.05 20:37:29.797,9.81477,9.81758,1.00,1.00
2016.12.05 20:37:30.437,9.81451,9.81775,1.00,1.00
2016.12.05 20:37:30.741,9.81447,9.8176,1.00,1.00
2016.12.05 20:37:31.044,9.81478,9.81779,1.00,1.00
2016.12.05 20:37:31.452,9.81478,9.81756,1.00,1.00
2016.12.05 20:37:31.705,9.81478,9.81777,1.00,1.00
2016.12.05 20:37:31.806,9.81478,9.81757,1.00,1.00
2016.12.05 20:37:31.982,9.81477,9.81778,1.00,1.00
2016.12.05 20:37:32.033,9.81478,9.81757,1.00,1.00
2016.12.05 20:37:32.084,9.81453,9.81777,1.00,1.00
2016.12.05 20:37:33.090,9.81451,9.81777,1.00,1.00
2016.12.05 20:37:33.692,9.81453,9.8178,1.00,1.50
2016.12.05 20:37:46.535,9.81452,9.81758,1.00,1.00
2016.12.05 20:37:48.731,9.81453,9.81759,1.00,1.00
2016.12.05 20:37:51.800,9.81441,9.8176,1.00,1.00
2016.12.05 20:37:51.851,9.8145,9.8178,1.00,1.00
2016.12.05 20:37:51.908,9.81453,9.8176,1.00,1.00
2016.12.05 20:37:51.959,9.81453,9.81779,1.00,1.00
2016.12.05 20:37:52.615,9.81455,9.81782,1.00,1.00
2016.12.05 20:37:52.868,9.81479,9.81764,1.00,1.00
2016.12.05 20:37:52.919,9.81483,9.81787,1.00,1.50
2016.12.05 20:37:52.970,9.81456,9.81782,1.00,1.00
2016.12.05 20:37:53.172,9.81478,9.81758,1.00,1.00
2016.12.05 20:37:53.589,9.81451,9.81772,1.00,1.00
2016.12.05 20:37:53.842,9.81443,9.81772,1.00,1.00
2016.12.05 20:37:53.994,9.81452,9.81754,1.00,1.00
2016.12.05 20:37:54.124,9.81456,9.8178,1.00,1.00
2016.12.05 20:37:54.589,9.81457,9.8176,1.00,1.00
2016.12.05 20:38:02.043,9.81454,9.81759,1.00,1.00
2016.12.05 20:38:02.285,9.8145,9.81779,1.00,1.00
2016.12.05 20:38:03.735,9.81452,9.81762,1.00,1.00
2016.12.05 20:38:04.754,9.81453,9.81762,1.00,1.00
2016.12.05 20:38:17.074,9.8145,9.8176,1.00,1.00
2016.12.05 20:38:18.765,9.8145,9.81759,1.00,1.00
2016.12.05 20:38:32.062,9.81453,9.8176,1.00,1.00
2016.12.05 20:38:38.633,9.8144,9.81772,1.00,1.00
2016.12.05 20:38:42.126,9.8145,9.81763,1.00,1.00
2016.12.05 20:38:43.129,9.81455,9.81763,1.00,1.00
2016.12.05 20:38:47.087,9.81459,9.81756,1.00,1.00
2016.12.05 20:38:48.873,9.81458,9.81762,1.00,1.00
2016.12.05 20:38:49.420,9.81454,9.81785,1.00,1.00
2016.12.05 20:38:49.470,9.81453,9.81761,1.00,1.00
2016.12.05 20:38:50.500,9.81453,9.81759,1.00,1.00
2016.12.05 20:39:02.114,9.81453,9.81757,1.00,1.00
2016.12.05 20:39:03.718,9.81459,9.81776,1.00,1.00
2016.12.05 20:39:04.270,9.81458,9.81757,1.00,1.00
2016.12.05 20:39:12.730,9.8146,9.81777,1.00,1.00
2016.12.05 20:39:14.668,9.8148,9.81759,1.00,1.00
2016.12.05 20:39:15.241,9.8146,9.81777,1.00,1.00
2016.12.05 20:39:15.685,9.8148,9.81759,1.00,1.00
2016.12.05 20:39:16.039,9.81451,9.81784,1.00,1.00
2016.12.05 20:39:16.588,9.8146,9.81757,1.00,1.00
2016.12.05 20:39:17.038,9.8145,9.8178,1.00,1.00
2016.12.05 20:39:17.577,9.8145,9.81758,1.00,1.00
2016.12.05 20:39:18.038,9.8145,9.8178,1.00,1.00
2016.12.05 20:39:18.619,9.8145,9.81757,1.00,1.00
2016.12.05 20:39:19.043,9.8145,9.8178,1.00,1.00
2016.12.05 20:39:19.583,9.8145,9.81757,1.00,1.00
2016.12.05 20:39:20.005,9.81449,9.81781,1.00,1.00
2016.12.05 20:39:20.157,9.8145,9.81779,1.00,1.00
2016.12.05 20:39:20.584,9.8145,9.81757,1.00,1.00
2016.12.05 20:39:21.044,9.8145,9.81779,1.00,1.00
2016.12.05 20:39:21.133,9.8145,9.81757,1.00,1.00
2016.12.05 20:39:28.863,9.81473,9.81758,1.00,1.00
2016.12.05 20:39:28.914,9.81478,9.8178,1.00,1.00
2016.12.05 20:39:29.865,9.81478,9.81758,1.00,1.00
2016.12.05 20:39:29.916,9.81478,9.8178,1.00,1.00
2016.12.05 20:39:30.025,9.81478,9.81777,1.00,1.00
2016.12.05 20:39:30.888,9.81451,9.81778,1.00,1.00
2016.12.05 20:39:30.990,9.81449,9.81778,1.00,1.00
2016.12.05 20:39:31.897,9.8145,9.81782,1.00,1.00
2016.12.05 20:39:32.099,9.8145,9.8178,1.00,1.00
2016.12.05 20:39:32.870,9.8145,9.81757,1.00,1.00
2016.12.05 20:39:32.921,9.8145,9.81779,1.00,1.00
2016.12.05 20:39:33.872,9.81449,9.81758,1.00,1.00
2016.12.05 20:39:33.922,9.8145,9.8178,1.00,1.00
2016.12.05 20:39:33.982,9.8145,9.81758,1.00,1.00
2016.12.05 20:39:34.033,9.8145,9.8178,1.00,1.00
2016.12.05 20:39:34.099,9.8145,9.81757,1.00,1.00
2016.12.05 20:39:34.149,9.8145,9.81779,1.00,1.00
2016.12.05 20:39:34.895,9.8145,9.81758,1.00,1.00
2016.12.05 20:39:47.244,9.8145,9.8178,1.00,1.00
2016.12.05 20:39:47.425,9.8145,9.81757,1.00,1.00
2016.12.05 20:39:47.476,9.8145,9.8178,1.00,1.00
2016.12.05 20:39:48.227,9.81453,9.81782,1.00,1.00
2016.12.05 20:39:48.837,9.81452,9.81783,1.00,1.00
2016.12.05 20:39:49.331,9.81457,9.81782,1.00,1.00
2016.12.05 20:39:57.989,9.81455,9.81779,1.00,1.00
2016.12.05 20:40:02.235,9.81455,9.81763,1.00,1.00
2016.12.05 20:40:02.325,9.81453,9.81784,1.00,1.00
2016.12.05 20:40:02.377,9.81453,9.81782,1.00,1.00
2016.12.05 20:40:02.722,9.8148,9.81789,1.00,1.00
2016.12.05 20:40:03.444,9.81459,9.81762,1.00,1.00
2016.12.05 20:40:03.495,9.81459,9.81782,1.00,1.00
2016.12.05 20:40:04.031,9.81458,9.81783,1.00,1.00
2016.12.05 20:40:04.574,9.81459,9.81782,1.00,1.00
2016.12.05 20:40:05.772,9.81459,9.81784,1.00,1.00
2016.12.05 20:40:06.753,9.8148,9.81784,1.00,1.00
2016.12.05 20:40:07.755,9.8146,9.81785,1.00,1.00
2016.12.05 20:40:07.806,9.8148,9.81785,1.00,1.00
2016.12.05 20:40:08.757,9.8146,9.81765,1.00,1.00
2016.12.05 20:40:09.118,9.8148,9.81785,1.00,1.00
2016.12.05 20:40:09.760,9.8146,9.81784,1.00,1.00
2016.12.05 20:40:09.978,9.8148,9.81764,1.00,1.00
2016.12.05 20:40:10.029,9.8146,9.81784,1.00,1.00
2016.12.05 20:40:10.089,9.8148,9.81764,1.00,1.00
2016.12.05 20:40:10.887,9.81483,9.81784,1.00,1.00
2016.12.05 20:40:17.394,9.81483,9.81767,1.00,1.00
2016.12.05 20:40:19.006,9.81482,9.8177,1.00,1.00
2016.12.05 20:40:19.253,9.81451,9.81789,1.00,1.00
2016.12.05 20:40:19.304,9.81473,9.81787,1.00,1.00
2016.12.05 20:40:19.679,9.81478,9.81767,1.00,1.00
2016.12.05 20:40:20.429,9.81478,9.81765,1.00,1.00
2016.12.05 20:40:20.480,9.81478,9.81787,1.00,1.00
2016.12.05 20:40:20.666,9.81478,9.81767,1.00,1.00
2016.12.05 20:40:21.709,9.81478,9.81765,1.00,1.00
2016.12.05 20:40:21.781,9.81478,9.81787,1.00,1.00
2016.12.05 20:40:21.882,9.81478,9.81767,1.00,1.00
2016.12.05 20:40:21.934,9.81478,9.81787,1.00,1.00
2016.12.05 20:40:22.037,9.81477,9.81768,1.00,1.00
2016.12.05 20:40:22.789,9.81478,9.81784,1.00,1.00
2016.12.05 20:40:22.890,9.81483,9.81784,1.00,1.00
2016.12.05 20:40:23.193,9.81483,9.81764,1.00,1.00
2016.12.05 20:40:24.043,9.81483,9.81762,1.00,1.00
2016.12.05 20:40:24.154,9.81482,9.81788,1.00,1.00
2016.12.05 20:40:25.128,9.81473,9.8179,1.00,1.00
2016.12.05 20:40:25.229,9.81478,9.8177,1.00,1.00
2016.12.05 20:40:31.789,9.81436,9.81784,1.00,1.00
2016.12.05 20:40:31.979,9.81446,9.8178,1.00,1.00
2016.12.05 20:40:32.787,9.81447,9.81779,1.00,1.00
2016.12.05 20:40:33.873,9.81447,9.81757,1.00,1.00
2016.12.05 20:40:33.924,9.81447,9.81779,1.00,1.00
2016.12.05 20:40:33.984,9.81447,9.81757,1.00,1.00
2016.12.05 20:40:34.035,9.81447,9.8178,1.00,1.00
2016.12.05 20:40:34.986,9.81447,9.81758,1.00,1.00
2016.12.05 20:40:35.037,9.81447,9.81779,1.00,1.00
2016.12.05 20:40:35.768,9.81447,9.81757,1.00,1.00
2016.12.05 20:40:35.819,9.81447,9.81779,1.00,1.00
2016.12.05 20:40:35.877,9.81447,9.81757,1.00,1.00
2016.12.05 20:40:35.928,9.81447,9.81779,1.00,1.00
2016.12.05 20:40:35.989,9.81446,9.81758,1.00,1.00
2016.12.05 20:40:36.040,9.81447,9.81779,1.00,1.00
2016.12.05 20:40:36.770,9.81447,9.81757,1.00,1.00
2016.12.05 20:40:36.820,9.81447,9.81779,1.00,1.00
2016.12.05 20:40:37.771,9.81446,9.81758,1.00,1.00
2016.12.05 20:40:37.822,9.81447,9.81779,1.00,1.00
2016.12.05 20:40:38.332,9.81447,9.8178,1.00,1.00
2016.12.05 20:40:38.884,9.81447,9.81758,1.00,1.00
2016.12.05 20:40:38.935,9.81447,9.8178,1.00,1.00
2016.12.05 20:40:39.909,9.81447,9.81758,1.00,1.00
2016.12.05 20:40:47.324,9.81447,9.81752,1.00,1.00
2016.12.05 20:40:47.375,9.81447,9.81777,1.00,1.00
2016.12.05 20:40:47.430,9.81447,9.81754,1.00,1.00
2016.12.05 20:40:47.481,9.81447,9.81777,1.00,1.00
2016.12.05 20:40:47.873,9.81446,9.81753,1.00,1.00
2016.12.05 20:40:48.793,9.81447,9.81779,1.00,1.00
2016.12.05 20:40:48.895,9.81447,9.81777,1.00,1.00
2016.12.05 20:40:49.200,9.81447,9.81754,1.00,1.00
2016.12.05 20:40:55.355,9.81415,9.81745,1.00,1.00
2016.12.05 20:40:55.456,9.81463,9.81742,1.00,1.00
2016.12.05 20:41:02.354,9.8146,9.81742,1.00,1.00
2016.12.05 20:41:02.405,9.8146,9.81764,1.00,1.00
2016.12.05 20:41:03.467,9.81461,9.81744,1.00,1.00
2016.12.05 20:41:03.518,9.81461,9.81765,1.00,1.00
2016.12.05 20:41:03.688,9.81461,9.81744,1.00,1.00
2016.12.05 20:41:03.739,9.81461,9.81765,1.00,1.00
2016.12.05 20:41:04.468,9.81461,9.81744,1.00,1.00
2016.12.05 20:41:04.519,9.81461,9.81765,1.00,1.00
2016.12.05 20:41:05.471,9.81461,9.81744,1.00,1.00
2016.12.05 20:41:05.521,9.81461,9.81765,1.00,1.00
2016.12.05 20:41:05.692,9.8146,9.81745,1.00,1.00
2016.12.05 20:41:05.743,9.81461,9.81765,1.00,1.00
2016.12.05 20:41:06.521,9.8146,9.81764,1.00,1.00
2016.12.05 20:41:07.046,9.81461,9.81765,1.00,1.00
2016.12.05 20:41:07.618,9.8146,9.81764,1.00,1.00
2016.12.05 20:41:08.519,9.81461,9.81765,1.00,1.00
2016.12.05 20:41:08.698,9.81461,9.81744,1.00,1.00
2016.12.05 20:41:08.749,9.81461,9.81765,1.00,1.00
2016.12.05 20:41:09.500,9.8146,9.81764,1.00,1.00
2016.12.05 20:41:09.701,9.8146,9.81743,1.00,1.00
2016.12.05 20:41:09.752,9.81461,9.81765,1.00,1.00
2016.12.05 20:41:10.592,9.81461,9.81744,1.00,1.00
2016.12.05 20:41:10.642,9.81461,9.81765,1.00,1.00
2016.12.05 20:41:10.702,9.81461,9.81744,1.00,1.00
2016.12.05 20:41:10.753,9.81461,9.81765,1.00,1.00
2016.12.05 20:41:11.483,9.8146,9.81743,1.00,1.00
2016.12.05 20:41:11.534,9.8146,9.81764,1.00,1.00
2016.12.05 20:41:11.594,9.81461,9.81744,1.00,1.00
2016.12.05 20:41:11.645,9.81461,9.81765,1.00,1.00
2016.12.05 20:41:11.701,9.81461,9.81744,1.00,1.00
2016.12.05 20:41:11.752,9.81461,9.81765,1.00,1.00
2016.12.05 20:41:12.707,9.81461,9.81744,1.00,1.00
2016.12.05 20:41:12.757,9.81461,9.81765,1.00,1.00
2016.12.05 20:41:13.633,9.8146,9.81766,1.00,1.00
2016.12.05 20:41:14.137,9.81461,9.81765,1.00,1.00
2016.12.05 20:41:14.600,9.8146,9.81743,1.00,1.00
2016.12.05 20:41:14.651,9.8146,9.81764,1.00,1.00
2016.12.05 20:41:15.526,9.81458,9.81762,1.00,1.00
2016.12.05 20:41:16.499,9.81458,9.8174,1.00,1.00
2016.12.05 20:41:17.428,9.81461,9.81765,1.00,1.00
2016.12.05 20:41:17.529,9.81458,9.81765,1.00,1.00
2016.12.05 20:41:17.759,9.81458,9.81744,1.00,1.00
2016.12.05 20:41:18.390,9.81458,9.81765,1.00,1.00
2016.12.05 20:41:18.552,9.81458,9.81744,1.00,1.00
2016.12.05 20:41:18.603,9.81458,9.81765,1.00,1.00
2016.12.05 20:41:18.806,9.81458,9.81744,1.00,1.00
2016.12.05 20:41:19.410,9.81458,9.81764,1.00,1.00
2016.12.05 20:41:19.894,9.81461,9.81744,1.00,1.00
2016.12.05 20:41:20.401,9.81461,9.81765,1.00,1.00
2016.12.05 20:41:20.666,9.81461,9.81744,1.00,1.00
2016.12.05 20:41:20.717,9.8146,9.81766,1.00,1.00
2016.12.05 20:41:20.819,9.8146,9.81764,1.00,1.00
2016.12.05 20:41:21.142,9.8146,9.81744,1.00,1.00
2016.12.05 20:41:21.429,9.8146,9.81767,1.00,1.50
2016.12.05 20:41:21.658,9.8146,9.81742,1.00,1.00
2016.12.05 20:41:22.583,9.8146,9.81764,1.00,1.00
2016.12.05 20:41:22.868,9.8146,9.81743,1.00,1.00
2016.12.05 20:41:23.528,9.8146,9.81764,1.00,1.00
2016.12.05 20:41:23.889,9.81461,9.81744,1.00,1.00
2016.12.05 20:41:24.519,9.81461,9.81765,1.00,1.00
2016.12.05 20:41:25.039,9.8146,9.81744,1.00,1.00
2016.12.05 20:41:25.539,9.8146,9.81764,1.00,1.00
2016.12.05 20:41:26.039,9.8146,9.81743,1.00,1.00
2016.12.05 20:41:26.538,9.81461,9.81765,1.00,1.00
2016.12.05 20:41:26.786,9.81461,9.81744,1.00,1.00
2016.12.05 20:41:26.837,9.8146,9.81764,1.00,1.00
2016.12.05 20:41:26.950,9.8146,9.81743,1.00,1.00
2016.12.05 20:41:27.001,9.81459,9.81765,1.00,1.00
2016.12.05 20:41:27.102,9.8146,9.81744,1.00,1.00
2016.12.05 20:41:27.524,9.8146,9.81764,1.00,1.00
2016.12.05 20:41:27.788,9.8146,9.81743,1.00,1.00
2016.12.05 20:41:27.839,9.8146,9.81764,1.00,1.00
2016.12.05 20:41:28.060,9.81461,9.81744,1.00,1.00
2016.12.05 20:41:28.530,9.81461,9.81765,1.00,1.00
2016.12.05 20:41:29.086,9.8146,9.81764,1.00,1.00
2016.12.05 20:41:29.188,9.8146,9.81743,1.00,1.00
2016.12.05 20:41:29.543,9.8146,9.81764,1.00,1.00
2016.12.05 20:41:29.792,9.81461,9.81744,1.00,1.00
2016.12.05 20:41:29.843,9.81461,9.81765,1.00,1.00
2016.12.05 20:41:30.157,9.8146,9.81743,1.00,1.00
2016.12.05 20:41:30.523,9.8146,9.81764,1.00,1.00
2016.12.05 20:41:30.683,9.8146,9.81745,1.00,1.00
2016.12.05 20:41:30.735,9.8146,9.81766,1.00,1.00
2016.12.05 20:41:31.157,9.8146,9.81743,1.00,1.00
2016.12.05 20:41:31.558,9.8146,9.81764,1.00,1.00
2016.12.05 20:41:31.916,9.8146,9.81743,1.00,1.00
2016.12.05 20:41:31.967,9.8146,9.81764,1.00,1.00
2016.12.05 20:41:32.184,9.8146,9.81743,1.00,1.00
2016.12.05 20:41:32.523,9.8146,9.81764,1.00,1.00
2016.12.05 20:41:32.795,9.8146,9.81743,1.00,1.00
2016.12.05 20:41:32.846,9.8146,9.81764,1.00,1.00
2016.12.05 20:41:32.947,9.8146,9.81743,1.00,1.00
2016.12.05 20:41:32.998,9.81459,9.81765,1.00,1.00
2016.12.05 20:41:33.183,9.81459,9.81744,1.00,1.00
2016.12.05 20:41:33.525,9.81459,9.81765,1.00,1.00
2016.12.05 20:41:33.939,9.8146,9.81744,1.00,1.00
2016.12.05 20:41:33.990,9.8146,9.81764,1.00,1.00
2016.12.05 20:41:34.163,9.8146,9.81743,1.00,1.00
2016.12.05 20:41:34.527,9.81459,9.81765,1.00,1.00
2016.12.05 20:41:34.802,9.81461,9.81744,1.00,1.00
2016.12.05 20:41:34.901,9.81461,9.81765,1.00,1.00
2016.12.05 20:41:34.953,9.81461,9.81744,1.00,1.00
2016.12.05 20:41:35.003,9.81461,9.81765,1.00,1.00
2016.12.05 20:41:35.166,9.8146,9.81744,1.00,1.00
2016.12.05 20:41:35.568,9.8146,9.81764,1.00,1.00
2016.12.05 20:41:35.944,9.81461,9.81744,1.00,1.00
2016.12.05 20:41:35.995,9.81461,9.81765,1.00,1.00
2016.12.05 20:41:36.187,9.8146,9.81744,1.00,1.00
2016.12.05 20:41:36.531,9.8146,9.81764,1.00,1.00
2016.12.05 20:41:36.807,9.8146,9.81743,1.00,1.00
2016.12.05 20:41:36.858,9.8146,9.81766,1.00,1.00
2016.12.05 20:41:36.959,9.81461,9.81744,1.00,1.00
2016.12.05 20:41:37.010,9.81461,9.81765,1.00,1.00
2016.12.05 20:41:37.189,9.81461,9.81744,1.00,1.00
2016.12.05 20:41:37.533,9.81461,9.81765,1.00,1.00
2016.12.05 20:41:37.929,9.81461,9.81744,1.00,1.00
2016.12.05 20:41:38.069,9.81461,9.81765,1.00,1.00
2016.12.05 20:41:38.211,9.81461,9.81744,1.00,1.00
2016.12.05 20:41:38.569,9.81461,9.81765,1.00,1.00
2016.12.05 20:41:38.811,9.81461,9.81744,1.00,1.00
2016.12.05 20:41:38.863,9.81461,9.81765,1.00,1.00
2016.12.05 20:41:38.965,9.8146,9.81744,1.00,1.00
2016.12.05 20:41:39.016,9.8146,9.81764,1.00,1.00
2016.12.05 20:41:39.187,9.8146,9.81743,1.00,1.00
2016.12.05 20:41:39.574,9.8146,9.81764,1.00,1.00
2016.12.05 20:41:39.937,9.8146,9.81744,1.00,1.00
2016.12.05 20:41:39.988,9.8146,9.81764,1.00,1.00
2016.12.05 20:41:40.175,9.81461,9.81744,1.00,1.00
2016.12.05 20:41:40.587,9.81461,9.81765,1.00,1.00
2016.12.05 20:41:40.938,9.81461,9.81744,1.00,1.00
2016.12.05 20:41:40.988,9.81461,9.81765,1.00,1.00
2016.12.05 20:41:41.226,9.81461,9.81744,1.00,1.00
2016.12.05 20:41:41.556,9.81461,9.81765,1.00,1.00
2016.12.05 20:41:41.814,9.8146,9.81745,1.00,1.00
2016.12.05 20:41:41.865,9.81461,9.81765,1.00,1.00
2016.12.05 20:41:41.928,9.8146,9.81744,1.00,1.00
2016.12.05 20:41:41.979,9.8146,9.81764,1.00,1.00
2016.12.05 20:41:42.216,9.8146,9.81743,1.00,1.00
2016.12.05 20:41:42.556,9.8146,9.81764,1.00,1.00
2016.12.05 20:41:42.938,9.81461,9.81744,1.00,1.00
2016.12.05 20:41:42.989,9.8146,9.81766,1.00,1.00
2016.12.05 20:41:43.207,9.81458,9.81744,1.00,1.00
2016.12.05 20:41:43.596,9.81458,9.81765,1.00,1.00
2016.12.05 20:41:43.941,9.81458,9.81743,1.00,1.00
2016.12.05 20:41:43.991,9.81458,9.81764,1.00,1.00
2016.12.05 20:41:44.196,9.81458,9.81744,1.00,1.00
2016.12.05 20:41:44.577,9.81458,9.81765,1.00,1.00
2016.12.05 20:41:44.931,9.81457,9.81745,1.00,1.00
2016.12.05 20:41:44.983,9.81458,9.81765,1.00,1.00
2016.12.05 20:41:45.187,9.81458,9.81744,1.00,1.00
2016.12.05 20:41:45.568,9.81458,9.81765,1.00,1.00
2016.12.05 20:41:45.936,9.81458,9.81744,1.00,1.00
2016.12.05 20:41:45.988,9.81458,9.81765,1.00,1.00
2016.12.05 20:41:46.189,9.81458,9.81744,1.00,1.00
2016.12.05 20:41:46.552,9.81457,9.81766,1.00,1.00
2016.12.05 20:41:46.938,9.81457,9.81745,1.00,1.00
2016.12.05 20:41:46.989,9.81458,9.81764,1.00,1.00
2016.12.05 20:41:47.192,9.81458,9.81744,1.00,1.00
2016.12.05 20:41:47.554,9.81458,9.81764,1.00,1.00
2016.12.05 20:41:48.080,9.81458,9.81762,1.00,1.00
2016.12.05 20:41:48.438,9.81458,9.8174,1.00,1.00
2016.12.05 20:41:48.557,9.81458,9.81762,1.00,1.00
2016.12.05 20:41:49.240,9.81458,9.8174,1.00,1.00
2016.12.05 20:41:49.559,9.81458,9.81762,1.00,1.00
2016.12.05 20:41:49.835,9.81458,9.8174,1.00,1.00
2016.12.05 20:41:49.886,9.81458,9.81762,1.00,1.00
2016.12.05 20:41:50.196,9.81458,9.81741,1.00,1.00
2016.12.05 20:41:50.561,9.81458,9.81762,1.00,1.00
2016.12.05 20:41:51.215,9.81457,9.81741,1.00,1.00
2016.12.05 20:41:51.578,9.81458,9.81762,1.00,1.00
2016.12.05 20:41:51.788,9.81423,9.81762,1.00,1.00
2016.12.05 20:41:51.839,9.81423,9.8174,1.00,1.00
2016.12.05 20:41:52.167,9.81455,9.8174,1.00,1.00
2016.12.05 20:41:52.901,9.81453,9.81759,1.00,1.00
2016.12.05 20:41:53.210,9.81453,9.81737,1.00,1.00
2016.12.05 20:41:53.887,9.81453,9.81759,1.00,1.00
2016.12.05 20:41:53.986,9.81452,9.81738,1.00,1.00
2016.12.05 20:41:54.037,9.81453,9.8176,1.00,1.00
2016.12.05 20:41:54.229,9.81453,9.81738,1.00,1.00
2016.12.05 20:41:54.919,9.81453,9.8176,1.00,1.00
2016.12.05 20:41:54.988,9.81453,9.81738,1.00,1.00
2016.12.05 20:41:55.039,9.81453,9.81759,1.00,1.00
2016.12.05 20:41:55.209,9.81453,9.81737,1.00,1.00
2016.12.05 20:41:55.887,9.81453,9.8176,1.00,1.00
2016.12.05 20:41:55.990,9.81453,9.81738,1.00,1.00
2016.12.05 20:41:56.041,9.81453,9.8176,1.00,1.00
2016.12.05 20:41:56.212,9.81453,9.81737,1.00,1.00
2016.12.05 20:41:56.888,9.81453,9.81759,1.00,1.00
2016.12.05 20:41:56.992,9.81453,9.81737,1.00,1.00
2016.12.05 20:41:57.043,9.81453,9.81759,1.00,1.00
2016.12.05 20:41:57.265,9.81453,9.81737,1.00,1.00
2016.12.05 20:41:57.884,9.81453,9.81759,1.00,1.00
2016.12.05 20:41:58.215,9.81453,9.81738,1.00,1.00
2016.12.05 20:41:58.887,9.81453,9.8176,1.00,1.00
2016.12.05 20:41:58.997,9.81453,9.81737,1.00,1.00
2016.12.05 20:41:59.048,9.81453,9.8176,1.00,1.00
2016.12.05 20:41:59.218,9.81453,9.81737,1.00,1.00
2016.12.05 20:41:59.937,9.81453,9.8176,1.00,1.00
2016.12.05 20:42:00.336,9.81453,9.81737,1.00,1.00
2016.12.05 20:42:00.928,9.81453,9.81759,1.00,1.00
2016.12.05 20:42:01.219,9.81453,9.81737,1.00,1.00
2016.12.05 20:42:01.270,9.81453,9.8176,1.00,1.00
2016.12.05 20:42:01.329,9.81453,9.81737,1.00,1.00
2016.12.05 20:42:01.936,9.81453,9.81759,1.00,1.00
2016.12.05 20:42:02.361,9.81453,9.81737,1.00,1.00
2016.12.05 20:42:02.895,9.81453,9.81759,1.00,1.00
2016.12.05 20:42:03.118,9.81452,9.81761,1.00,1.00
2016.12.05 20:42:03.225,9.81453,9.81737,1.00,1.00
2016.12.05 20:42:03.276,9.81453,9.81759,1.00,1.00
2016.12.05 20:42:03.378,9.81453,9.81737,1.00,1.00
2016.12.05 20:42:03.897,9.81453,9.81759,1.00,1.00
2016.12.05 20:42:04.372,9.81453,9.81738,1.00,1.00
2016.12.05 20:42:04.897,9.81453,9.8176,1.00,1.00
2016.12.05 20:42:05.230,9.81453,9.81737,1.00,1.00
2016.12.05 20:42:05.281,9.81453,9.8176,1.00,1.00
2016.12.05 20:42:05.386,9.81453,9.81737,1.00,1.00
2016.12.05 20:42:05.933,9.81453,9.81757,1.00,1.00
2016.12.05 20:42:06.226,9.81453,9.81737,1.00,1.00
2016.12.05 20:42:06.277,9.81453,9.81757,1.00,1.00
2016.12.05 20:42:06.337,9.81453,9.81737,1.00,1.00
2016.12.05 20:42:06.438,9.81453,9.81757,1.00,1.00
2016.12.05 20:42:06.489,9.81453,9.81737,1.00,1.00
2016.12.05 20:42:32.541,9.81453,9.81767,1.00,1.00
2016.12.05 20:42:32.791,9.81453,9.81747,1.00,1.00
2016.12.05 20:42:33.751,9.81453,9.81745,1.00,1.00
2016.12.05 20:42:33.863,9.81453,9.81767,1.00,1.00
2016.12.05 20:42:33.966,9.81453,9.81747,1.00,1.00
2016.12.05 20:42:34.016,9.81453,9.81767,1.00,1.00
2016.12.05 20:42:34.123,9.81453,9.81747,1.00,1.00
2016.12.05 20:42:35.086,9.81453,9.81745,1.00,1.00
2016.12.05 20:42:35.189,9.81453,9.81767,1.00,1.00
2016.12.05 20:42:35.293,9.81453,9.81747,1.00,1.00
2016.12.05 20:42:35.343,9.81453,9.81767,1.00,1.00
2016.12.05 20:42:35.403,9.81453,9.81747,1.00,1.00
2016.12.05 20:42:36.406,9.81453,9.81745,1.00,1.00
2016.12.05 20:42:36.516,9.81453,9.81767,1.00,1.00
2016.12.05 20:42:36.620,9.81453,9.81747,1.00,1.00
2016.12.05 20:42:36.671,9.81453,9.81767,1.00,1.00
2016.12.05 20:42:36.772,9.81453,9.81747,1.00,1.00
2016.12.05 20:42:37.732,9.81453,9.81745,1.00,1.00
2016.12.05 20:42:46.671,9.81423,9.8177,1.00,1.50
2016.12.05 20:42:46.722,9.81416,9.81763,1.00,1.00
2016.12.05 20:42:47.025,9.81366,9.81695,1.00,1.00
2016.12.05 20:42:47.177,9.81319,9.8165,1.00,1.00
2016.12.05 20:42:47.279,9.81313,9.81664,1.00,1.00
2016.12.05 20:42:47.339,9.8151,9.8164,1.70,1.00
2016.12.05 20:42:47.390,9.81385,9.8164,1.00,1.00
2016.12.05 20:42:47.441,9.81368,9.8166,1.37,1.00
2016.12.05 20:42:47.492,9.81426,9.81689,1.37,1.00
2016.12.05 20:42:47.543,9.81535,9.81704,1.00,1.00
2016.12.05 20:42:47.594,9.81535,9.81736,1.00,1.00
2016.12.05 20:42:47.645,9.81545,9.81736,1.00,1.00
2016.12.05 20:42:47.847,9.81474,9.81736,1.50,1.00
2016.12.05 20:42:47.949,9.81453,9.81736,1.00,1.00
2016.12.05 20:42:48.000,9.81448,9.81736,1.00,1.50
2016.12.05 20:42:48.353,9.81435,9.81736,1.00,1.00
2016.12.05 20:42:48.555,9.81412,9.81702,1.00,1.00
2016.12.05 20:42:48.606,9.8137,9.81696,1.00,1.00
2016.12.05 20:42:48.686,9.81357,9.81696,1.00,1.00
2016.12.05 20:42:49.638,9.81359,9.81696,1.00,1.00
2016.12.05 20:42:49.979,9.81365,9.81696,1.00,1.00
2016.12.05 20:42:50.838,9.81375,9.81696,1.00,1.00
2016.12.05 20:42:51.785,9.81376,9.81696,1.00,1.00
2016.12.05 20:42:52.830,9.81386,9.81696,1.00,1.00
2016.12.05 20:43:02.594,9.81386,9.81695,1.00,1.00
2016.12.05 20:43:03.138,9.81396,9.81695,1.00,1.00
2016.12.05 20:43:09.732,9.81386,9.81695,1.00,1.00
2016.12.05 20:43:10.263,9.81386,9.81696,1.00,1.00
2016.12.05 20:43:10.367,9.81376,9.81695,1.00,1.00
2016.12.05 20:43:10.680,9.81376,9.81679,1.00,1.00
2016.12.05 20:43:10.781,9.81376,9.81696,1.00,1.00
2016.12.05 20:43:13.102,9.81386,9.81696,1.00,1.00
2016.12.05 20:43:16.801,9.81386,9.81674,1.00,1.00
2016.12.05 20:43:17.299,9.81386,9.81683,1.00,1.00
2016.12.05 20:43:17.400,9.81386,9.81696,1.00,1.00
2016.12.05 20:43:17.931,9.81386,9.81697,1.00,1.00
2016.12.05 20:43:18.134,9.81386,9.81689,1.00,1.00
2016.12.05 20:43:18.438,9.81395,9.81689,1.00,1.00
2016.12.05 20:43:18.742,9.81395,9.81685,1.00,1.00
2016.12.05 20:43:19.410,9.81395,9.81683,1.00,1.00
2016.12.05 20:43:19.807,9.81406,9.81683,1.00,1.00
2016.12.05 20:43:20.758,9.81406,9.81689,1.00,1.00
2016.12.05 20:43:24.579,9.81416,9.81689,1.00,1.00
2016.12.05 20:43:32.493,9.81416,9.81691,1.00,1.00
2016.12.05 20:43:34.417,9.81416,9.81694,1.00,1.00
2016.12.05 20:43:35.078,9.81416,9.81702,1.00,1.00
2016.12.05 20:43:36.894,9.81416,9.81717,1.00,1.00
2016.12.05 20:43:37.151,9.81416,9.81702,1.00,1.00
2016.12.05 20:43:45.072,9.81416,9.81704,1.00,1.00
2016.12.05 20:43:45.274,9.81406,9.81704,1.00,1.00
2016.12.05 20:43:45.325,9.81406,9.81698,1.00,1.00
2016.12.05 20:43:45.376,9.81386,9.8169,1.00,1.00
2016.12.05 20:43:46.241,9.81396,9.8169,1.00,1.00
2016.12.05 20:43:46.894,9.81396,9.81697,1.00,1.00
2016.12.05 20:43:46.995,9.81396,9.8169,1.00,1.00
2016.12.05 20:43:47.298,9.81386,9.8169,1.00,1.00
2016.12.05 20:43:47.568,9.81396,9.8169,1.00,1.00
2016.12.05 20:43:48.233,9.81396,9.81689,1.00,1.00
2016.12.05 20:43:49.425,9.81396,9.81687,1.00,1.00
2016.12.05 20:43:49.594,9.81385,9.81687,1.00,1.00
2016.12.05 20:43:51.144,9.81396,9.81687,1.00,1.00
2016.12.05 20:43:53.090,9.81386,9.81687,1.00,1.00
2016.12.05 20:43:58.166,9.81386,9.81677,1.00,1.00
2016.12.05 20:44:01.611,9.81386,9.81693,1.00,1.00
2016.12.05 20:44:01.662,9.81386,9.81683,1.00,1.00
2016.12.05 20:44:04.482,9.81386,9.81687,1.00,1.00
2016.12.05 20:44:17.748,9.81386,9.81685,1.00,1.00
2016.12.05 20:44:19.486,9.81386,9.81679,1.00,1.00
2016.12.05 20:44:20.915,9.81376,9.81679,1.00,1.00
2016.12.05 20:44:29.404,9.81386,9.81679,1.00,1.00
2016.12.05 20:44:32.774,9.81386,9.81677,1.00,1.00
2016.12.05 20:44:33.620,9.81376,9.81677,1.00,1.00
2016.12.05 20:44:37.326,9.81386,9.81677,1.00,1.00
2016.12.05 20:44:38.217,9.81396,9.81699,1.00,1.50
2016.12.05 20:44:38.319,9.81396,9.81685,1.00,1.00
2016.12.05 20:44:38.622,9.81396,9.81696,1.00,1.00
2016.12.05 20:44:39.382,9.81396,9.81697,1.00,1.00
2016.12.05 20:44:40.120,9.81406,9.81697,1.00,1.00
2016.12.05 20:44:42.080,9.81416,9.81697,1.00,1.00
2016.12.05 20:44:44.175,9.81416,9.81704,1.00,1.00
2016.12.05 20:44:46.712,9.81426,9.81704,1.00,1.00
2016.12.05 20:44:47.803,9.81426,9.81709,1.00,1.00
2016.12.05 20:44:49.544,9.81426,9.81711,1.00,1.00
2016.12.05 20:44:50.870,9.81426,9.81717,1.00,1.00
2016.12.05 20:44:51.338,9.81408,9.81717,1.00,1.00
2016.12.05 20:44:51.591,9.81396,9.81717,1.00,1.00
2016.12.05 20:44:51.798,9.81396,9.81714,1.50,1.00
2016.12.05 20:44:52.132,9.81406,9.81719,1.00,1.00
2016.12.05 20:44:52.436,9.81406,9.81717,1.00,1.00
2016.12.05 20:44:53.372,9.81406,9.81712,1.00,1.00
2016.12.05 20:44:53.809,9.81406,9.81714,1.00,1.00
2016.12.05 20:44:55.871,9.81396,9.81711,1.00,1.00
2016.12.05 20:44:57.123,9.81406,9.81711,1.00,1.00
2016.12.05 20:44:58.884,9.81406,9.81705,1.00,1.00
2016.12.05 20:45:00.512,9.81406,9.81719,1.00,1.00
2016.12.05 20:45:00.851,9.81416,9.81715,1.00,1.00
2016.12.05 20:45:02.859,9.81416,9.81709,1.00,1.00
2016.12.05 20:45:04.592,9.81416,9.81714,1.00,1.00
2016.12.05 20:45:15.661,9.814,9.81706,1.00,1.00
2016.12.05 20:45:17.865,9.814,9.81702,1.00,1.00
2016.12.05 20:45:19.091,9.81406,9.81702,1.00,1.00
2016.12.05 20:45:19.715,9.81406,9.81701,1.00,1.00
2016.12.05 20:45:32.895,9.81406,9.817,1.00,1.00
2016.12.05 20:45:37.581,9.81415,9.817,1.00,1.00
2016.12.05 20:45:38.537,9.81416,9.817,1.00,1.00
2016.12.05 20:45:47.926,9.81416,9.81703,1.00,1.00
2016.12.05 20:45:49.676,9.81416,9.81698,1.00,1.00
2016.12.05 20:45:52.385,9.81406,9.81698,1.00,1.00
2016.12.05 20:45:52.886,9.81405,9.81698,1.00,1.00
2016.12.05 20:45:58.491,9.81406,9.81698,1.00,1.00
2016.12.05 20:46:02.981,9.81406,9.81695,1.00,1.00
2016.12.05 20:46:04.697,9.81406,9.81699,1.00,1.00
2016.12.05 20:46:06.679,9.81406,9.81697,1.00,1.00
2016.12.05 20:46:06.730,9.81396,9.81697,1.00,1.00
2016.12.05 20:46:11.304,9.81396,9.817,1.00,1.00
2016.12.05 20:46:12.088,9.81385,9.817,1.00,1.00
2016.12.05 20:46:12.600,9.81386,9.817,1.00,1.00
2016.12.05 20:46:13.165,9.81396,9.817,1.00,1.00
2016.12.05 20:46:13.500,9.81396,9.81717,1.00,1.00
2016.12.05 20:46:13.551,9.81396,9.81702,1.00,1.00
2016.12.05 20:46:14.026,9.81395,9.81698,1.00,1.00
2016.12.05 20:46:15.016,9.81386,9.81698,1.00,1.00
2016.12.05 20:46:17.987,9.81394,9.81717,1.00,1.00
2016.12.05 20:46:18.570,9.81391,9.81699,1.00,1.00
2016.12.05 20:46:19.126,9.81396,9.81699,1.00,1.00
2016.12.05 20:46:19.736,9.81396,9.81692,1.00,1.00
2016.12.05 20:46:21.335,9.81391,9.81692,1.00,1.00
2016.12.05 20:46:33.015,9.81391,9.81695,1.00,1.00
2016.12.05 20:46:34.016,9.81391,9.81693,1.00,1.00
2016.12.05 20:46:35.018,9.81391,9.81691,1.00,1.00
2016.12.05 20:46:41.026,9.81396,9.81691,1.00,1.00
2016.12.05 20:46:41.664,9.81412,9.81719,1.00,1.00
2016.12.05 20:46:45.022,9.81396,9.81699,1.00,1.00
2016.12.05 20:46:47.189,9.81385,9.81699,1.00,1.00
2016.12.05 20:46:47.786,9.81386,9.81699,1.00,1.00
2016.12.05 20:46:48.045,9.81386,9.81692,1.00,1.00
2016.12.05 20:46:48.438,9.81396,9.81692,1.00,1.00
2016.12.05 20:46:49.789,9.81396,9.81691,1.00,1.00
2016.12.05 20:46:56.586,9.81386,9.81691,1.00,1.00
2016.12.05 20:46:57.630,9.81396,9.81691,1.00,1.00
2016.12.05 20:46:58.335,9.81386,9.81691,1.00,1.00
2016.12.05 20:46:59.292,9.81396,9.81691,1.00,1.00
2016.12.05 20:46:59.670,9.81396,9.81697,1.00,1.00
2016.12.05 20:47:03.099,9.81396,9.81695,1.00,1.00
2016.12.05 20:47:04.816,9.81396,9.81696,1.00,1.00
2016.12.05 20:47:05.586,9.81385,9.81707,1.00,1.00
2016.12.05 20:47:05.688,9.81386,9.81692,1.00,1.00
2016.12.05 20:47:06.216,9.81386,9.81687,1.00,1.00
2016.12.05 20:47:13.381,9.81386,9.81685,1.00,1.00
2016.12.05 20:47:13.451,9.81386,9.81689,1.00,1.00
2016.12.05 20:47:15.820,9.81376,9.81689,1.00,1.00
2016.12.05 20:47:16.820,9.81386,9.81689,1.00,1.00
2016.12.05 20:47:18.105,9.81386,9.81685,1.00,1.00
2016.12.05 20:47:19.109,9.81386,9.81684,1.00,1.00
2016.12.05 20:47:19.887,9.81386,9.81689,1.00,1.00
2016.12.05 20:47:21.097,9.81385,9.81699,1.00,1.00
2016.12.05 20:47:22.181,9.81386,9.81699,1.00,1.00
2016.12.05 20:47:28.968,9.81386,9.81685,1.00,1.00
2016.12.05 20:47:30.983,9.81396,9.81685,1.00,1.00
2016.12.05 20:47:31.380,9.81396,9.81697,1.00,1.00
2016.12.05 20:47:31.431,9.81396,9.81707,1.00,1.00
2016.12.05 20:47:31.482,9.81396,9.81694,1.00,1.00
2016.12.05 20:47:33.185,9.81396,9.81696,1.00,1.00
2016.12.05 20:47:34.891,9.81396,9.81695,1.00,1.00
2016.12.05 20:47:35.045,9.81386,9.81695,1.00,1.00
2016.12.05 20:47:36.336,9.81396,9.81695,1.00,1.00
2016.12.05 20:47:40.654,9.81396,9.81702,1.00,1.00
2016.12.05 20:47:40.705,9.81396,9.81712,1.00,1.00
2016.12.05 20:47:44.781,9.81406,9.81712,1.00,1.00
2016.12.05 20:47:46.534,9.81396,9.81712,1.00,1.00
2016.12.05 20:47:47.056,9.81386,9.81712,1.00,1.00
2016.12.05 20:47:47.750,9.81386,9.81706,1.00,1.00
2016.12.05 20:47:47.801,9.81386,9.81714,1.00,1.00
2016.12.05 20:47:47.852,9.81396,9.81714,1.00,1.00
2016.12.05 20:47:48.234,9.81396,9.81711,1.00,1.00
2016.12.05 20:47:48.755,9.81396,9.81717,1.00,1.00
2016.12.05 20:47:48.861,9.81396,9.81709,1.00,1.00
2016.12.05 20:47:48.912,9.81396,9.81717,1.00,1.00
2016.12.05 20:47:49.434,9.81396,9.81718,1.00,1.00
2016.12.05 20:47:50.044,9.81396,9.81712,1.00,1.00
2016.12.05 20:47:50.094,9.81396,9.81719,1.00,1.00
2016.12.05 20:47:50.758,9.81396,9.81712,1.00,1.00
2016.12.05 20:47:51.047,9.81396,9.81717,1.00,1.00
2016.12.05 20:47:51.154,9.81396,9.81709,1.00,1.00
2016.12.05 20:47:51.205,9.81396,9.81717,1.00,1.00
2016.12.05 20:47:51.307,9.81396,9.81709,1.00,1.00
2016.12.05 20:47:51.615,9.81406,9.81709,1.00,1.00
2016.12.05 20:47:52.048,9.81406,9.81718,1.00,1.00
2016.12.05 20:47:52.149,9.81406,9.81709,1.00,1.00
2016.12.05 20:47:52.200,9.81406,9.81717,1.00,1.00
2016.12.05 20:47:52.423,9.81396,9.81717,1.00,1.00
2016.12.05 20:47:53.155,9.81396,9.8171,1.00,1.00
2016.12.05 20:47:53.205,9.81396,9.81717,1.00,1.00
2016.12.05 20:47:53.376,9.81396,9.8171,1.00,1.00
2016.12.05 20:47:54.208,9.81396,9.81709,1.00,1.00
2016.12.05 20:47:54.410,9.81396,9.81718,1.00,1.00
2016.12.05 20:47:55.077,9.81396,9.81717,1.00,1.00
2016.12.05 20:47:55.290,9.81396,9.8172,1.00,1.00
2016.12.05 20:47:55.585,9.81406,9.8172,1.00,1.00
2016.12.05 20:47:56.091,9.81406,9.81732,1.00,1.00
2016.12.05 20:47:56.310,9.81406,9.81718,1.00,1.00
2016.12.05 20:47:56.383,9.81406,9.81732,1.00,1.00
2016.12.05 20:47:56.493,9.81406,9.81718,1.00,1.00
2016.12.05 20:47:56.544,9.81406,9.81732,1.00,1.00
2016.12.05 20:47:56.646,9.81406,9.81718,1.00,1.00
2016.12.05 20:47:57.084,9.81406,9.81732,1.00,1.00
2016.12.05 20:47:57.402,9.81406,9.81719,1.00,1.00
2016.12.05 20:47:57.654,9.81406,9.81732,1.00,1.00
2016.12.05 20:47:57.831,9.81416,9.81732,1.00,1.00
2016.12.05 20:47:58.219,9.81416,9.81718,1.00,1.00
2016.12.05 20:47:58.388,9.81416,9.81732,1.00,1.00
2016.12.05 20:47:58.504,9.81416,9.81718,1.00,1.00
2016.12.05 20:47:58.554,9.81416,9.81733,1.00,1.00
2016.12.05 20:47:59.205,9.81416,9.81727,1.00,1.00
2016.12.05 20:47:59.541,9.81416,9.81732,1.00,1.00
2016.12.05 20:47:59.720,9.81416,9.81721,1.00,1.00
2016.12.05 20:48:00.754,9.81416,9.81734,1.00,1.00
2016.12.05 20:48:01.199,9.81416,9.81722,1.00,1.00
2016.12.05 20:48:03.209,9.81416,9.81735,1.00,1.00
2016.12.05 20:48:03.546,9.81415,9.81733,1.00,1.00
2016.12.05 20:48:04.239,9.81415,9.8172,1.00,1.00
2016.12.05 20:48:04.937,9.81415,9.81732,1.00,1.00
2016.12.05 20:48:05.390,9.81415,9.81719,1.00,1.00
2016.12.05 20:48:10.874,9.81416,9.81719,1.00,1.00
2016.12.05 20:48:10.978,9.81415,9.81733,1.00,1.00
2016.12.05 20:48:11.076,9.81415,9.8172,1.00,1.00
2016.12.05 20:48:11.660,9.81416,9.81719,1.00,1.00
2016.12.05 20:48:14.524,9.81415,9.81719,1.00,1.00
2016.12.05 20:48:16.148,9.81416,9.81724,1.00,1.00
2016.12.05 20:48:16.300,9.81416,9.81726,1.00,1.00
2016.12.05 20:48:17.169,9.81416,9.81721,1.00,1.00
2016.12.05 20:48:18.266,9.81416,9.81714,1.00,1.00
2016.12.05 20:48:19.966,9.81416,9.81712,1.00,1.00
2016.12.05 20:48:26.766,9.81406,9.81712,1.00,1.00
2016.12.05 20:48:27.736,9.81416,9.81712,1.00,1.00
2016.12.05 20:48:28.144,9.81416,9.81737,1.00,1.00
2016.12.05 20:48:29.155,9.81416,9.81736,1.00,1.00
2016.12.05 20:48:31.475,9.81415,9.81736,1.00,1.00
2016.12.05 20:48:31.526,9.81406,9.8172,1.00,1.00
2016.12.05 20:48:32.800,9.81416,9.8172,1.00,1.00
2016.12.05 20:48:32.936,9.81406,9.8172,1.00,1.00
2016.12.05 20:48:33.292,9.81414,9.8172,1.00,1.00
2016.12.05 20:48:33.891,9.81416,9.8172,1.00,1.00
2016.12.05 20:48:34.252,9.81419,9.81717,1.00,1.00
2016.12.05 20:48:34.985,9.81416,9.81739,1.00,1.00
2016.12.05 20:48:35.255,9.81419,9.81739,1.00,1.00
2016.12.05 20:48:37.475,9.81426,9.81739,1.00,1.00
2016.12.05 20:48:38.905,9.81426,9.81728,1.00,1.00
2016.12.05 20:48:39.207,9.81426,9.81726,1.00,1.00
2016.12.05 20:48:39.929,9.81426,9.81728,1.00,1.00
2016.12.05 20:48:40.386,9.81426,9.81726,1.00,1.00
2016.12.05 20:48:48.322,9.81426,9.81727,1.00,1.00
2016.12.05 20:48:50.026,9.81426,9.81724,1.00,1.00
2016.12.05 20:48:51.014,9.81436,9.81724,1.00,1.00
2016.12.05 20:48:57.380,9.81435,9.81724,1.00,1.00
2016.12.05 20:48:57.888,9.81436,9.81724,1.00,1.00
2016.12.05 20:48:58.463,9.81435,9.81733,1.00,1.00
2016.12.05 20:48:58.564,9.81436,9.81726,1.00,1.00
2016.12.05 20:48:59.475,9.81446,9.81726,1.00,1.00
2016.12.05 20:48:59.790,9.81446,9.81724,1.00,1.00
2016.12.05 20:49:00.379,9.81436,9.81724,1.00,1.00
2016.12.05 20:49:03.314,9.81436,9.81728,1.00,1.00
2016.12.05 20:49:05.055,9.81436,9.81729,1.00,1.00
2016.12.05 20:49:08.770,9.81435,9.81729,1.00,1.00
2016.12.05 20:49:09.307,9.81436,9.81729,1.00,1.00
2016.12.05 20:49:11.794,9.81426,9.81729,1.50,1.00
2016.12.05 20:49:12.780,9.81436,9.81729,1.00,1.00
2016.12.05 20:49:14.851,9.81446,9.81729,1.00,1.00
2016.12.05 20:49:15.115,9.81436,9.81729,1.00,1.00
2016.12.05 20:49:16.180,9.81426,9.81729,1.50,1.00
2016.12.05 20:49:18.344,9.81426,9.8173,1.00,1.00
2016.12.05 20:49:18.395,9.81426,9.81734,1.00,1.00
2016.12.05 20:49:18.899,9.81427,9.81731,1.00,1.00
2016.12.05 20:49:20.085,9.81426,9.81744,1.00,1.00
2016.12.05 20:49:20.624,9.81426,9.81745,1.00,1.00
2016.12.05 20:49:21.244,9.81426,9.81734,1.00,1.00
2016.12.05 20:49:21.779,9.81436,9.81734,1.00,1.00
2016.12.05 20:49:24.491,9.81436,9.81726,1.00,1.00
2016.12.05 20:49:33.374,9.81436,9.81724,1.00,1.00
2016.12.05 20:49:35.709,9.81446,9.81724,1.00,1.00
2016.12.05 20:49:48.432,9.81446,9.8173,1.00,1.00
2016.12.05 20:49:53.829,9.81436,9.8173,1.00,1.00
2016.12.05 20:49:53.880,9.81436,9.81733,1.00,1.00
2016.12.05 20:49:54.384,9.81435,9.81733,1.00,1.00
2016.12.05 20:49:54.866,9.81446,9.81733,1.00,1.00
2016.12.05 20:49:56.243,9.81436,9.81733,1.00,1.00
2016.12.05 20:49:57.233,9.81446,9.81733,1.00,1.00
2016.12.05 20:50:03.435,9.81446,9.81732,1.00,1.00
2016.12.05 20:50:06.745,9.81446,9.81736,1.00,1.00
2016.12.05 20:50:06.796,9.81446,9.81739,1.00,1.00
2016.12.05 20:50:06.897,9.81449,9.8178,1.00,1.00
2016.12.05 20:50:07.354,9.81446,9.81763,1.00,1.00
2016.12.05 20:50:07.775,9.81447,9.81765,1.00,1.00
2016.12.05 20:50:11.932,9.81446,9.81756,1.00,1.00
2016.12.05 20:50:12.165,9.81436,9.81754,1.00,1.00
2016.12.05 20:50:12.217,9.81426,9.81759,1.00,1.00
2016.12.05 20:50:12.321,9.81421,9.81759,1.00,1.00
2016.12.05 20:50:12.374,9.81426,9.81759,1.00,1.00
2016.12.05 20:50:13.081,9.81426,9.81747,1.00,1.00
2016.12.05 20:50:16.374,9.81436,9.81747,1.00,1.00
2016.12.05 20:50:16.742,9.81436,9.8175,1.00,1.00
2016.12.05 20:50:17.691,9.81425,9.8175,1.00,1.00
2016.12.05 20:50:18.204,9.81426,9.8175,1.00,1.00
2016.12.05 20:50:18.465,9.81426,9.81747,1.00,1.00
2016.12.05 20:50:18.768,9.81436,9.81747,1.00,1.00
2016.12.05 20:50:20.231,9.81436,9.81742,1.00,1.00
2016.12.05 20:50:21.073,9.81426,9.81742,1.00,1.00
2016.12.05 20:50:21.225,9.81436,9.81752,1.00,1.00
2016.12.05 20:50:21.533,9.81447,9.8175,1.00,1.00
2016.12.05 20:50:23.920,9.8145,9.81764,1.00,1.00
2016.12.05 20:50:33.544,9.8145,9.81754,1.00,1.00
2016.12.05 20:50:35.277,9.81449,9.81752,1.00,1.00
2016.12.05 20:50:38.126,9.81447,9.81784,1.00,1.00
2016.12.05 20:50:38.177,9.81445,9.81758,1.00,1.00
2016.12.05 20:50:38.228,9.81443,9.81758,1.00,1.00
2016.12.05 20:50:38.986,9.81444,9.81748,1.00,1.00
2016.12.05 20:50:40.644,9.8145,9.81787,1.00,1.00
2016.12.05 20:50:40.695,9.8145,9.81759,1.00,1.00
2016.12.05 20:50:42.445,9.81426,9.8175,1.50,1.00
2016.12.05 20:50:48.532,9.81425,9.81743,1.00,1.00
2016.12.05 20:50:50.181,9.81447,9.81784,1.00,1.00
2016.12.05 20:50:50.755,9.81446,9.81784,1.00,1.00
2016.12.05 20:50:51.793,9.81437,9.81751,1.00,1.00
2016.12.05 20:50:51.844,9.81426,9.81743,1.00,1.00
2016.12.05 20:50:52.101,9.81415,9.81743,1.50,1.00
2016.12.05 20:50:52.354,9.81426,9.81743,1.00,1.00
2016.12.05 20:50:53.154,9.81426,9.81733,1.00,1.00
2016.12.05 20:50:53.689,9.81426,9.81732,1.00,1.00
2016.12.05 20:50:53.992,9.81426,9.81725,1.00,1.00
2016.12.05 20:50:54.970,9.81426,9.81721,1.00,1.00
2016.12.05 20:50:58.344,9.81425,9.81721,1.00,1.00
2016.12.05 20:51:01.200,9.81426,9.81721,1.00,1.00
2016.12.05 20:51:03.555,9.81426,9.81723,1.00,1.00
2016.12.05 20:51:05.326,9.81426,9.81732,1.00,1.00
2016.12.05 20:51:08.959,9.81428,9.81774,1.00,1.00
2016.12.05 20:51:09.010,9.81426,9.81754,1.50,1.00
2016.12.05 20:51:09.313,9.81429,9.81739,1.00,1.00
2016.12.05 20:51:10.716,9.81429,9.81746,1.00,1.00
2016.12.05 20:51:10.905,9.81436,9.81746,1.00,1.00
2016.12.05 20:51:12.423,9.81429,9.81746,1.00,1.00
2016.12.05 20:51:15.010,9.81426,9.81721,1.00,1.00
2016.12.05 20:51:15.113,9.81426,9.81774,1.00,1.00
2016.12.05 20:51:15.357,9.81426,9.81744,1.00,1.00
2016.12.05 20:51:16.068,9.81436,9.81744,1.00,1.00
2016.12.05 20:51:16.539,9.81436,9.81736,1.00,1.00
2016.12.05 20:51:17.616,9.81426,9.81736,1.00,1.00
2016.12.05 20:51:18.584,9.81426,9.81731,1.00,1.00
2016.12.05 20:51:20.326,9.81426,9.8173,1.00,1.00
2016.12.05 20:51:20.492,9.81416,9.8173,1.00,1.00
2016.12.05 20:51:21.481,9.81426,9.8173,1.00,1.00
2016.12.05 20:51:26.935,9.81416,9.8173,1.00,1.00
2016.12.05 20:51:27.919,9.81426,9.8173,1.00,1.00
2016.12.05 20:51:30.276,9.81426,9.81774,1.00,1.00
2016.12.05 20:51:30.329,9.81426,9.81732,1.00,1.00
2016.12.05 20:51:31.488,9.81436,9.81732,1.00,1.00
2016.12.05 20:51:31.589,9.81426,9.81732,1.00,1.00
2016.12.05 20:51:33.617,9.81426,9.81727,1.00,1.00
2016.12.05 20:51:35.356,9.81426,9.81726,1.00,1.00
2016.12.05 20:51:35.407,9.81426,9.81775,1.50,1.00
2016.12.05 20:51:35.609,9.81436,9.81774,1.00,1.00
2016.12.05 20:51:35.912,9.81436,9.81751,1.00,1.00
2016.12.05 20:51:36.124,9.81426,9.81751,1.00,1.00
2016.12.05 20:51:36.378,9.81438,9.81763,1.00,1.00
2016.12.05 20:51:36.854,9.81446,9.81763,1.00,1.00
2016.12.05 20:51:37.330,9.81456,9.81763,1.00,1.00
2016.12.05 20:51:37.994,9.81456,9.81759,1.00,1.00
2016.12.05 20:51:38.453,9.81456,9.81756,1.00,1.00
2016.12.05 20:51:39.037,9.81456,9.81755,1.00,1.00
2016.12.05 20:51:39.508,9.81466,9.81755,1.00,1.00
2016.12.05 20:51:44.067,9.81466,9.81749,1.00,1.00
2016.12.05 20:51:45.599,9.81465,9.81749,1.00,1.00
2016.12.05 20:51:45.918,9.81466,9.8176,1.00,1.00
2016.12.05 20:51:50.736,9.81465,9.8176,1.00,1.00
2016.12.05 20:51:51.783,9.81466,9.8176,1.00,1.00
2016.12.05 20:52:05.445,9.81466,9.81759,1.00,1.00
2016.12.05 20:52:07.611,9.81465,9.8181,1.00,1.00
2016.12.05 20:52:07.713,9.81465,9.81795,1.00,1.00
2016.12.05 20:52:08.187,9.81476,9.81795,1.00,1.00
2016.12.05 20:52:08.592,9.81476,9.81812,1.00,1.00
2016.12.05 20:52:09.806,9.81486,9.81812,1.00,1.00
2016.12.05 20:52:11.782,9.81496,9.81812,1.00,1.00
2016.12.05 20:52:11.833,9.81486,9.81812,1.00,1.00
2016.12.05 20:52:18.739,9.81486,9.81813,1.00,1.00
2016.12.05 20:52:20.445,9.81486,9.81812,1.00,1.00
2016.12.05 20:52:21.862,9.81486,9.81841,1.00,1.00
2016.12.05 20:52:28.551,9.81486,9.8182,1.00,1.00
2016.12.05 20:52:28.882,9.81495,9.81813,1.00,1.00
2016.12.05 20:52:29.693,9.81486,9.81812,1.00,1.00
2016.12.05 20:52:29.940,9.81493,9.81813,1.00,1.00
2016.12.05 20:52:33.734,9.81499,9.81811,1.00,1.00
2016.12.05 20:52:35.475,9.81498,9.81813,1.00,1.00
2016.12.05 20:52:44.808,9.81486,9.8184,1.00,1.00
2016.12.05 20:52:45.241,9.81499,9.81823,1.00,1.00
2016.12.05 20:52:46.851,9.81486,9.81841,1.00,1.00
2016.12.05 20:52:47.203,9.81476,9.81822,1.00,1.00
2016.12.05 20:52:47.506,9.81477,9.81818,1.00,1.00
2016.12.05 20:52:48.239,9.81485,9.81803,1.00,1.00
2016.12.05 20:52:48.441,9.81485,9.81834,1.00,1.00
2016.12.05 20:52:49.428,9.81465,9.81834,1.00,1.00
2016.12.05 20:52:49.870,9.81466,9.81808,1.00,1.00
2016.12.05 20:52:50.542,9.81466,9.81801,1.00,1.00
2016.12.05 20:52:50.845,9.81475,9.81801,1.00,1.00
2016.12.05 20:52:58.463,9.81496,9.81844,1.00,1.00
2016.12.05 20:52:58.975,9.81486,9.81844,1.00,1.00
2016.12.05 20:52:59.329,9.81486,9.81822,1.00,1.00
2016.12.05 20:52:59.632,9.81486,9.81815,1.00,1.00
2016.12.05 20:53:00.651,9.81494,9.81812,1.00,1.00
2016.12.05 20:53:01.030,9.81486,9.81848,1.00,1.00
2016.12.05 20:53:01.386,9.81486,9.81842,1.00,1.00
2016.12.05 20:53:02.600,9.81486,9.81847,1.00,1.00
2016.12.05 20:53:03.001,9.815,9.81847,1.00,1.00
2016.12.05 20:53:03.052,9.81486,9.81848,1.00,1.00
2016.12.05 20:53:03.203,9.81486,9.81844,1.00,1.00
2016.12.05 20:53:03.946,9.81486,9.81851,1.00,1.00
2016.12.05 20:53:04.102,9.815,9.8185,1.00,1.00
2016.12.05 20:53:04.153,9.81486,9.8185,1.00,1.00
2016.12.05 20:53:04.204,9.815,9.81851,1.00,1.00
2016.12.05 20:53:04.951,9.81496,9.81843,1.00,1.00
2016.12.05 20:53:05.348,9.81497,9.81834,1.00,1.00
2016.12.05 20:53:06.788,9.81496,9.8185,1.00,1.00
2016.12.05 20:53:08.120,9.81506,9.8185,1.00,1.00
2016.12.05 20:53:09.689,9.81506,9.8183,1.00,1.00
2016.12.05 20:53:09.993,9.81506,9.8185,1.00,1.00
2016.12.05 20:53:10.946,9.81506,9.81853,1.00,1.00
2016.12.05 20:53:11.589,9.81506,9.81836,1.00,1.00
2016.12.05 20:53:18.861,9.81506,9.81857,1.00,1.00
2016.12.05 20:53:21.891,9.81515,9.81837,1.00,1.00
2016.12.05 20:53:21.993,9.81506,9.81833,1.00,1.00
2016.12.05 20:53:25.845,9.81518,9.81829,1.00,1.00
2016.12.05 20:53:26.098,9.81506,9.81834,1.00,1.00
2016.12.05 20:53:26.491,9.81496,9.81834,1.00,1.00
2016.12.05 20:53:27.488,9.81505,9.81834,1.00,1.00
2016.12.05 20:53:28.049,9.81505,9.81828,1.50,1.00
2016.12.05 20:53:28.100,9.81509,9.81835,1.00,1.00
2016.12.05 20:53:29.094,9.81511,9.81833,1.00,1.00
2016.12.05 20:53:29.212,9.815,9.81853,1.00,1.00
2016.12.05 20:53:30.579,9.81506,9.81853,1.00,1.00
2016.12.05 20:53:33.230,9.81506,9.81849,1.00,1.00
2016.12.05 20:53:33.533,9.81515,9.81833,1.00,1.00
2016.12.05 20:53:34.084,9.81514,9.81834,1.00,1.00
2016.12.05 20:53:34.272,9.81515,9.81853,1.00,1.00
2016.12.05 20:53:34.938,9.81496,9.81852,1.50,1.00
2016.12.05 20:53:35.039,9.81513,9.81852,1.00,1.00
2016.12.05 20:53:35.253,9.81496,9.81852,1.50,1.00
2016.12.05 20:53:35.303,9.81507,9.81852,1.00,1.00
2016.12.05 20:53:40.345,9.81512,9.81832,1.00,1.00
2016.12.05 20:53:40.662,9.81506,9.81824,1.00,1.00
2016.12.05 20:53:44.201,9.81506,9.81856,1.00,1.00
2016.12.05 20:53:44.252,9.8151,9.81835,1.00,1.00
2016.12.05 20:53:44.699,9.81511,9.81852,1.00,1.00
2016.12.05 20:53:47.157,9.81516,9.81853,1.00,1.00
2016.12.05 20:53:47.481,9.81513,9.81827,1.00,1.00
2016.12.05 20:53:47.532,9.81506,9.81864,1.50,1.00
2016.12.05 20:53:47.706,9.81506,9.81857,1.50,1.00
2016.12.05 20:53:48.036,9.81509,9.81854,1.00,1.00
2016.12.05 20:53:49.012,9.81514,9.81854,1.00,1.00
2016.12.05 20:53:49.353,9.8151,9.8185,1.00,1.00
2016.12.05 20:53:50.251,9.81506,9.81853,1.00,1.00
2016.12.05 20:53:50.302,9.81519,9.81854,1.00,1.00
2016.12.05 20:53:55.093,9.81516,9.81838,1.50,1.00
2016.12.05 20:53:55.397,9.81516,9.81833,1.50,1.00
2016.12.05 20:53:59.353,9.81518,9.81853,1.00,1.00
2016.12.05 20:54:00.467,9.81516,9.81852,1.50,1.00
2016.12.05 20:54:00.518,9.8152,9.8184,1.00,1.00
2016.12.05 20:54:03.952,9.8152,9.8186,1.00,1.00
2016.12.05 20:54:05.671,9.8152,9.81859,1.00,1.00
2016.12.05 20:54:07.762,9.81519,9.81838,1.00,1.00
2016.12.05 20:54:07.964,9.81505,9.81838,1.00,1.00
2016.12.05 20:54:08.015,9.81505,9.81833,1.00,1.00
2016.12.05 20:54:08.065,9.81505,9.81852,1.00,1.00
2016.12.05 20:54:08.591,9.81505,9.81851,1.00,1.00
2016.12.05 20:54:08.756,9.81505,9.81853,1.00,1.00
2016.12.05 20:54:09.139,9.81505,9.81849,1.00,1.00
2016.12.05 20:54:09.646,9.81505,9.81848,1.00,1.00
2016.12.05 20:54:10.630,9.81505,9.81832,1.00,1.00
2016.12.05 20:54:13.081,9.81504,9.81832,1.00,1.00
2016.12.05 20:54:13.394,9.81496,9.81827,1.00,1.00
2016.12.05 20:54:13.445,9.81512,9.81852,1.00,1.00
2016.12.05 20:54:14.255,9.81506,9.81831,1.00,1.00
2016.12.05 20:54:14.306,9.81496,9.81828,1.00,1.00
2016.12.05 20:54:14.783,9.81486,9.81828,1.50,1.00
2016.12.05 20:54:14.833,9.815,9.81829,1.00,1.00
2016.12.05 20:54:15.230,9.81486,9.81817,1.50,1.00
2016.12.05 20:54:15.282,9.81494,9.81819,1.00,1.00
2016.12.05 20:54:15.333,9.81475,9.81815,1.00,1.00
2016.12.05 20:54:15.697,9.81496,9.81834,1.00,1.00
2016.12.05 20:54:16.255,9.81491,9.81834,1.00,1.00
2016.12.05 20:54:16.716,9.81486,9.8182,1.00,1.00
2016.12.05 20:54:18.949,9.81487,9.81807,1.00,1.00
2016.12.05 20:54:19.858,9.81498,9.81808,1.00,1.00
2016.12.05 20:54:19.959,9.815,9.81816,1.00,1.00
2016.12.05 20:54:20.111,9.81486,9.81811,1.00,1.00
2016.12.05 20:54:20.994,9.81486,9.8182,1.50,1.00
2016.12.05 20:54:21.750,9.81486,9.81817,1.00,1.00
2016.12.05 20:54:22.092,9.81486,9.8181,1.00,1.00
2016.12.05 20:54:26.331,9.81489,9.81801,1.00,1.00
2016.12.05 20:54:33.974,9.8149,9.8181,1.00,1.00
2016.12.05 20:54:34.176,9.81496,9.81842,1.00,1.00
2016.12.05 20:54:34.227,9.81497,9.81844,1.00,1.00
2016.12.05 20:54:35.196,9.81492,9.81838,1.00,1.00
2016.12.05 20:54:35.744,9.8149,9.81843,1.00,1.00
2016.12.05 20:54:36.991,9.81476,9.81844,1.00,1.50
2016.12.05 20:54:37.993,9.81487,9.81844,1.00,1.50
2016.12.05 20:54:38.044,9.81476,9.81844,1.00,1.00
2016.12.05 20:54:42.221,9.81487,9.81844,1.00,1.50
2016.12.05 20:54:49.054,9.8149,9.81842,1.00,1.00
2016.12.05 20:54:55.142,9.81491,9.81815,1.00,1.00
2016.12.05 20:55:01.111,9.81475,9.81808,1.00,1.00
2016.12.05 20:55:02.446,9.81493,9.81806,1.00,1.00
2016.12.05 20:55:04.035,9.81494,9.81808,1.00,1.00
2016.12.05 20:55:04.513,9.81466,9.81806,1.50,1.00
2016.12.05 20:55:04.766,9.81475,9.81806,1.00,1.00
2016.12.05 20:55:06.581,9.81476,9.81806,1.00,1.00
2016.12.05 20:55:06.683,9.81466,9.81806,1.50,1.00
2016.12.05 20:55:06.962,9.81466,9.81833,1.50,1.00
2016.12.05 20:55:07.266,9.81466,9.81802,1.00,1.00
2016.12.05 20:55:09.387,9.81482,9.81798,1.00,1.00
2016.12.05 20:55:15.110,9.81466,9.81803,1.50,1.00
2016.12.05 20:55:16.133,9.81466,9.81832,1.50,1.00
2016.12.05 20:55:18.555,9.81484,9.81834,1.00,1.00
2016.12.05 20:55:19.090,9.81484,9.81809,1.00,1.00
2016.12.05 20:55:19.242,9.81484,9.81833,1.00,1.00
2016.12.05 20:55:20.091,9.81484,9.81834,1.00,1.00
2016.12.05 20:55:20.838,9.81484,9.818,1.00,1.00
2016.12.05 20:55:23.423,9.81484,9.81832,1.00,1.00
2016.12.05 20:55:23.474,9.81484,9.81803,1.00,1.00
2016.12.05 20:55:23.525,9.81484,9.81834,1.00,1.00
2016.12.05 20:55:23.727,9.81484,9.81805,1.00,1.00
2016.12.05 20:55:27.579,9.81466,9.81796,1.50,1.00
2016.12.05 20:55:27.630,9.81481,9.81809,1.00,1.00
2016.12.05 20:55:28.632,9.81488,9.81832,1.00,1.00
2016.12.05 20:55:28.734,9.81483,9.81805,1.00,1.00
2016.12.05 20:55:29.952,9.81482,9.81804,1.00,1.00
2016.12.05 20:55:31.798,9.81466,9.81802,1.50,1.00
2016.12.05 20:55:33.641,9.8148,9.81808,1.00,1.00
2016.12.05 20:55:33.844,9.81485,9.81834,1.00,1.50
2016.12.05 20:55:34.329,9.81491,9.81813,1.00,1.00
2016.12.05 20:55:34.380,9.81466,9.81804,1.50,1.00
2016.12.05 20:55:34.584,9.81484,9.81832,1.00,1.00
2016.12.05 20:55:34.635,9.81485,9.81805,1.00,1.00
2016.12.05 20:55:35.837,9.81488,9.81802,1.00,1.00
2016.12.05 20:55:38.899,9.81466,9.81808,1.50,1.00
2016.12.05 20:55:38.949,9.81486,9.81806,1.00,1.00
2016.12.05 20:55:42.951,9.8149,9.81834,1.00,1.00
2016.12.05 20:55:43.204,9.8149,9.81807,1.00,1.00
2016.12.05 20:55:44.414,9.81482,9.81833,1.00,1.00
2016.12.05 20:55:44.515,9.81483,9.81802,1.00,1.00
2016.12.05 20:55:49.161,9.81487,9.81797,1.00,1.00
2016.12.05 20:55:50.866,9.81489,9.81799,1.00,1.00
2016.12.05 20:55:56.599,9.81484,9.8183,1.00,1.00
2016.12.05 20:55:56.650,9.81489,9.818,1.00,1.00
2016.12.05 20:55:56.701,9.81488,9.81834,1.00,1.00
2016.12.05 20:55:56.903,9.81495,9.81806,1.00,1.00
2016.12.05 20:55:57.744,9.8149,9.81801,1.00,1.00
2016.12.05 20:55:57.978,9.81476,9.81802,1.00,1.00
2016.12.05 20:56:00.358,9.81487,9.81797,1.00,1.00
2016.12.05 20:56:02.297,9.81476,9.81796,1.00,1.00
2016.12.05 20:56:04.154,9.81476,9.81801,1.50,1.00
2016.12.05 20:56:04.205,9.81476,9.81834,1.50,1.50
2016.12.05 20:56:04.520,9.81476,9.81807,1.50,1.00
2016.12.05 20:56:05.896,9.81476,9.818,1.50,1.00
2016.12.05 20:56:19.185,9.81476,9.81801,1.00,1.00
2016.12.05 20:56:19.286,9.81466,9.81801,1.50,1.00
2016.12.05 20:56:20.035,9.81466,9.81831,1.50,1.00
2016.12.05 20:56:20.086,9.81483,9.81796,1.00,1.00
2016.12.05 20:56:21.044,9.81485,9.81788,1.00,1.00
2016.12.05 20:56:22.353,9.81484,9.81834,1.00,1.00
2016.12.05 20:56:22.403,9.81484,9.81805,1.00,1.00
2016.12.05 20:56:22.632,9.81489,9.81831,1.00,1.00
2016.12.05 20:56:23.192,9.81483,9.81805,1.00,1.00
2016.12.05 20:56:24.673,9.81484,9.81803,1.00,1.00
2016.12.05 20:56:24.898,9.81484,9.81824,1.00,1.00
2016.12.05 20:56:24.999,9.81466,9.81804,1.00,1.00
2016.12.05 20:56:25.050,9.81456,9.81804,1.50,1.00
2016.12.05 20:56:25.742,9.81456,9.81802,1.50,1.00
2016.12.05 20:56:26.368,9.81466,9.81802,1.00,1.00
2016.12.05 20:56:27.307,9.81466,9.81824,1.00,1.00
2016.12.05 20:56:28.344,9.81466,9.81799,1.00,1.00
2016.12.05 20:56:31.540,9.81466,9.81825,1.00,1.00
2016.12.05 20:56:31.641,9.8148,9.81825,1.00,1.00
2016.12.05 20:56:31.894,9.81466,9.81825,1.00,1.00
2016.12.05 20:56:32.551,9.81466,9.81812,1.00,1.00
2016.12.05 20:56:34.229,9.81466,9.81798,1.00,1.00
2016.12.05 20:56:35.337,9.81482,9.81794,1.00,1.00
2016.12.05 20:56:35.388,9.81466,9.81797,1.00,1.00
2016.12.05 20:56:36.350,9.81466,9.81794,1.00,1.00
2016.12.05 20:56:39.478,9.81484,9.81801,1.00,1.00
2016.12.05 20:56:39.529,9.81475,9.818,1.00,1.00
2016.12.05 20:56:41.364,9.81484,9.81827,1.00,1.00
2016.12.05 20:56:41.456,9.81489,9.81813,1.00,1.00
2016.12.05 20:56:41.590,9.81486,9.81827,1.50,1.00
2016.12.05 20:56:41.641,9.81486,9.81834,1.50,1.00
2016.12.05 20:56:41.743,9.81486,9.81836,1.50,1.00
2016.12.05 20:56:41.849,9.81486,9.81814,1.00,1.00
2016.12.05 20:56:41.900,9.81476,9.81814,1.00,1.00
2016.12.05 20:56:42.340,9.81484,9.81834,1.00,1.00
2016.12.05 20:56:43.214,9.81476,9.81834,1.00,1.00
2016.12.05 20:56:44.221,9.81483,9.81834,1.00,1.00
2016.12.05 20:56:45.641,9.81476,9.81834,1.50,1.00
2016.12.05 20:56:45.692,9.81476,9.81805,1.50,1.00
2016.12.05 20:56:47.019,9.81476,9.81803,1.50,1.00
2016.12.05 20:56:47.345,9.81483,9.81796,1.00,1.00
2016.12.05 20:56:48.294,9.81484,9.81834,1.00,1.00
2016.12.05 20:56:48.344,9.81489,9.81834,1.00,1.00
2016.12.05 20:56:48.647,9.8149,9.81832,1.00,1.00
2016.12.05 20:56:49.283,9.81496,9.81805,1.00,1.00
2016.12.05 20:56:49.642,9.81496,9.81827,1.00,1.00
2016.12.05 20:56:49.793,9.81489,9.81808,1.00,1.00
2016.12.05 20:56:50.096,9.81476,9.81832,1.50,1.00
2016.12.05 20:56:50.349,9.81485,9.81806,1.00,1.00
2016.12.05 20:56:51.001,9.81476,9.81799,1.50,1.00
2016.12.05 20:56:51.306,9.81476,9.81803,1.50,1.00
2016.12.05 20:56:51.513,9.81476,9.81834,1.50,1.00
2016.12.05 20:56:51.582,9.81476,9.81805,1.50,1.00
2016.12.05 20:56:51.633,9.81492,9.81834,1.00,1.00
2016.12.05 20:56:51.996,9.81492,9.81808,1.00,1.00
2016.12.05 20:57:04.276,9.81498,9.818,1.00,1.00
2016.12.05 20:57:04.326,9.815,9.81819,1.00,1.00
2016.12.05 20:57:04.378,9.81491,9.818,1.00,1.00
2016.12.05 20:57:04.823,9.81489,9.81824,1.00,1.00
2016.12.05 20:57:04.875,9.8149,9.81834,1.00,1.00
2016.12.05 20:57:04.977,9.81491,9.81816,1.00,1.00
2016.12.05 20:57:05.740,9.8148,9.81805,1.00,1.00
2016.12.05 20:57:07.504,9.81465,9.81817,1.00,1.00
2016.12.05 20:57:07.655,9.81465,9.81796,1.00,1.00
2016.12.05 20:57:10.991,9.81478,9.818,1.00,1.00
2016.12.05 20:57:11.797,9.81465,9.81788,1.00,1.00
2016.12.05 20:57:13.591,9.81465,9.81825,1.00,1.00
2016.12.05 20:57:13.919,9.81465,9.81793,1.00,1.00
2016.12.05 20:57:15.120,9.81465,9.81802,1.00,1.00
2016.12.05 20:57:15.641,9.81465,9.81824,1.00,1.00
2016.12.05 20:57:15.692,9.81465,9.81798,1.00,1.00
2016.12.05 20:57:16.229,9.81466,9.81798,1.00,1.00
2016.12.05 20:57:16.774,9.81465,9.81798,1.00,1.00
2016.12.05 20:57:18.668,9.81466,9.81798,1.00,1.00
2016.12.05 20:57:19.304,9.81466,9.81797,1.00,1.00
2016.12.05 20:57:19.355,9.81466,9.81819,1.00,1.00
2016.12.05 20:57:19.457,9.81466,9.81799,1.00,1.00
2016.12.05 20:57:21.096,9.81466,9.81819,1.00,1.00
2016.12.05 20:57:21.147,9.81466,9.81799,1.00,1.00
2016.12.05 20:57:23.100,9.81465,9.81799,1.00,1.00
2016.12.05 20:57:24.195,9.81466,9.81799,1.00,1.00
2016.12.05 20:57:24.797,9.81465,9.81799,1.00,1.00
2016.12.05 20:57:26.639,9.81456,9.81799,1.50,1.00
2016.12.05 20:57:26.790,9.81474,9.81794,1.00,1.00
2016.12.05 20:57:27.390,9.81456,9.81789,1.00,1.00
2016.12.05 20:57:30.968,9.81473,9.81798,1.00,1.00
2016.12.05 20:57:31.919,9.81473,9.81793,1.00,1.00
2016.12.05 20:57:33.118,9.81474,9.81807,1.00,1.00
2016.12.05 20:57:33.421,9.81479,9.81824,1.00,1.50
2016.12.05 20:57:33.472,9.81471,9.818,1.00,1.00
2016.12.05 20:57:33.574,9.81456,9.81792,1.50,1.00
2016.12.05 20:57:34.108,9.81469,9.8179,1.00,1.00
2016.12.05 20:57:35.197,9.81456,9.81812,1.00,1.00
2016.12.05 20:57:35.249,9.81468,9.81812,1.00,1.00
2016.12.05 20:57:35.552,9.81456,9.8179,1.00,1.00
2016.12.05 20:57:36.290,9.81456,9.81783,1.00,1.00
2016.12.05 20:57:36.593,9.81469,9.81783,1.00,1.00
2016.12.05 20:57:40.000,9.81456,9.81786,1.00,1.00
2016.12.05 20:57:40.171,9.81485,9.81784,1.00,1.00
2016.12.05 20:57:47.248,9.81494,9.81822,1.00,1.00
2016.12.05 20:57:47.572,9.81486,9.81805,1.00,1.00
2016.12.05 20:57:48.294,9.81486,9.81822,1.00,1.00
2016.12.05 20:57:48.829,9.81486,9.81797,1.00,1.00
2016.12.05 20:57:49.364,9.81486,9.8179,1.00,1.00
2016.12.05 20:57:57.346,9.81466,9.81791,1.00,1.00
2016.12.05 20:57:57.396,9.81487,9.81802,1.00,1.00
2016.12.05 20:57:57.548,9.81498,9.81822,1.00,1.00
2016.12.05 20:57:57.700,9.81498,9.81799,1.00,1.00
2016.12.05 20:58:04.403,9.81487,9.81795,1.00,1.00
2016.12.05 20:58:06.136,9.81485,9.81795,1.00,1.00
2016.12.05 20:58:07.071,9.81495,9.81813,1.00,1.00
2016.12.05 20:58:07.495,9.81483,9.81813,1.00,1.00
2016.12.05 20:58:08.037,9.81491,9.81792,1.00,1.00
2016.12.05 20:58:09.260,9.81483,9.81813,1.00,1.00
2016.12.05 20:58:09.322,9.81492,9.81799,1.00,1.00
2016.12.05 20:58:10.288,9.81484,9.81786,1.00,1.00
2016.12.05 20:58:19.424,9.81478,9.81777,1.00,1.00
2016.12.05 20:58:21.165,9.81478,9.81772,1.00,1.00
2016.12.05 20:58:27.254,9.81487,9.81813,1.00,1.00
2016.12.05 20:58:27.355,9.81488,9.81787,1.00,1.00
2016.12.05 20:58:28.218,9.81487,9.81813,1.00,1.00
2016.12.05 20:58:28.270,9.81489,9.8179,1.00,1.00
2016.12.05 20:58:28.320,9.8149,9.81813,1.00,1.00
2016.12.05 20:58:28.557,9.81489,9.81795,1.00,1.00
2016.12.05 20:58:29.245,9.81478,9.81784,1.00,1.00
2016.12.05 20:58:34.487,9.8149,9.81787,1.00,1.00
2016.12.05 20:58:36.237,9.81494,9.81784,1.00,1.00
2016.12.05 20:58:44.843,9.81484,9.81784,1.00,1.00
2016.12.05 20:58:49.523,9.81483,9.81782,1.00,1.00
2016.12.05 20:58:51.240,9.81484,9.8178,1.00,1.00
2016.12.05 20:58:58.967,9.81466,9.81782,1.00,1.00
2016.12.05 20:58:59.019,9.81488,9.81783,1.00,1.00
2016.12.05 20:58:59.239,9.815,9.81818,1.00,1.00
2016.12.05 20:58:59.447,9.815,9.81794,1.00,1.00
2016.12.05 20:59:00.423,9.81486,9.81781,1.00,1.00
2016.12.05 20:59:00.930,9.81486,9.81773,1.00,1.00
2016.12.05 20:59:01.233,9.81486,9.8177,1.50,1.00
2016.12.05 20:59:02.099,9.81492,9.81756,1.00,1.00
2016.12.05 20:59:02.202,9.81486,9.81752,1.00,1.00
2016.12.05 20:59:02.656,9.81489,9.81759,1.00,1.00
2016.12.05 20:59:04.513,9.81493,9.81752,0.75,0.75
2016.12.05 20:59:06.256,9.81494,9.81751,0.75,0.75
2016.12.05 20:59:07.108,9.81477,9.81757,0.75,0.75
2016.12.05 20:59:07.159,9.81476,9.81774,1.50,1.50
2016.12.05 20:59:07.260,9.8149,9.81756,0.75,0.75
2016.12.05 20:59:09.071,9.81476,9.81774,0.75,0.75
2016.12.05 20:59:09.122,9.81478,9.81756,0.75,0.75
2016.12.05 20:59:10.056,9.81506,9.81756,0.75,0.75
2016.12.05 20:59:10.375,9.81486,9.81756,0.75,0.75
2016.12.05 20:59:10.734,9.81486,9.81772,0.75,0.75
2016.12.05 20:59:11.399,9.81506,9.81772,0.75,0.75
2016.12.05 20:59:11.803,9.81506,9.81756,0.75,0.75
2016.12.05 20:59:11.854,9.81506,9.81774,0.75,1.50
2016.12.05 20:59:11.905,9.81486,9.81758,0.75,0.75
2016.12.05 20:59:13.825,9.81486,9.81754,0.75,0.75
2016.12.05 20:59:13.876,9.81476,9.81747,0.75,0.75
2016.12.05 20:59:14.327,9.81476,9.81762,0.75,0.75
2016.12.05 20:59:14.891,9.81476,9.81749,0.75,0.75
2016.12.05 20:59:17.646,9.81476,9.8174,0.75,0.75
2016.12.05 20:59:19.094,9.81478,9.81755,0.75,0.75
2016.12.05 20:59:20.296,9.81476,9.81742,0.75,0.75
2016.12.05 20:59:20.445,9.81479,9.81755,0.75,0.75
2016.12.05 20:59:21.300,9.81476,9.81747,0.75,0.75
2016.12.05 20:59:21.545,9.81477,9.81763,0.75,0.75
2016.12.05 20:59:23.057,9.81476,9.81748,0.75,0.75
2016.12.05 20:59:23.362,9.81478,9.81759,0.75,0.75
2016.12.05 20:59:26.156,9.81476,9.81747,0.75,0.75
2016.12.05 20:59:26.466,9.81478,9.81736,0.75,0.75
2016.12.05 20:59:28.945,9.81476,9.8173,0.75,0.75
2016.12.05 20:59:29.204,9.81466,9.8173,0.75,0.75
2016.12.05 20:59:29.305,9.81476,9.8173,0.75,0.75
2016.12.05 20:59:29.787,9.81486,9.8173,0.75,0.75
2016.12.05 20:59:30.322,9.81476,9.8173,0.75,0.75
2016.12.05 20:59:31.796,9.81476,9.81753,0.75,0.75
2016.12.05 20:59:32.089,9.81476,9.8173,0.75,0.75
2016.12.05 20:59:32.342,9.81478,9.81751,0.75,0.75
2016.12.05 20:59:33.261,9.81479,9.81732,0.75,0.75
2016.12.05 20:59:33.647,9.81476,9.81754,0.75,0.75
2016.12.05 20:59:33.698,9.81476,9.81742,1.50,0.75
2016.12.05 20:59:33.892,9.81476,9.81754,0.75,0.75
2016.12.05 20:59:34.274,9.81476,9.81742,1.50,0.75
2016.12.05 20:59:34.639,9.81486,9.81742,0.75,0.75
2016.12.05 20:59:34.961,9.81486,9.81734,0.75,0.75
2016.12.05 20:59:35.062,9.81486,9.81752,0.75,0.75
2016.12.05 20:59:35.113,9.81486,9.81737,0.75,0.75
2016.12.05 20:59:36.315,9.81486,9.8173,0.75,0.75
2016.12.05 20:59:37.647,9.81486,9.81743,0.75,0.75
2016.12.05 20:59:38.641,9.81486,9.81732,0.75,0.75
2016.12.05 20:59:40.741,9.81486,9.8175,0.75,0.75
2016.12.05 20:59:41.296,9.81486,9.8174,0.75,0.75
2016.12.05 20:59:41.347,9.81486,9.8175,0.75,0.75
2016.12.05 20:59:41.505,9.81486,9.81731,0.75,0.75
2016.12.05 20:59:43.165,9.81486,9.81743,0.75,0.75
2016.12.05 20:59:44.251,9.81486,9.81754,0.75,0.75
2016.12.05 20:59:45.194,9.81486,9.81738,0.75,0.75
2016.12.05 20:59:46.452,9.81486,9.81739,0.75,0.75
2016.12.05 20:59:49.647,9.81486,9.81728,0.75,0.75
2016.12.05 20:59:50.604,9.81486,9.81725,0.75,0.75
2016.12.05 20:59:51.064,9.81486,9.81734,0.75,0.75
2016.12.05 20:59:54.493,9.81486,9.81725,0.75,0.75
2016.12.05 20:59:54.841,9.81486,9.81719,0.75,0.75
2016.12.05 20:59:54.891,9.81486,9.8173,0.75,0.75
2016.12.05 20:59:55.948,9.81479,9.8173,0.75,0.75
2016.12.05 20:59:56.151,9.81486,9.8173,0.75,0.75
2016.12.05 20:59:56.353,9.81506,9.81763,0.75,0.75
2016.12.05 20:59:56.403,9.81506,9.81751,0.75,0.75
2016.12.05 20:59:56.630,9.81506,9.81767,0.75,0.75
2016.12.05 20:59:56.940,9.81496,9.81758,0.75,0.75
2016.12.05 20:59:57.642,9.81496,9.81755,0.75,0.75
2016.12.05 20:59:58.454,9.81506,9.81755,0.75,0.75
