2014.08.05 14:00:00.415,9.20656,9.20944,1.50,1.50
2014.08.05 14:00:02.139,9.20696,9.20944,1.88,1.50
2014.08.05 14:00:06.050,9.20712,9.20922,1.00,1.00
2014.08.05 14:00:07.140,9.20712,9.20894,1.00,1.00
2014.08.05 14:00:10.262,9.20696,9.20894,2.63,1.00
2014.08.05 14:00:12.590,9.20714,9.20894,1.00,1.00
2014.08.05 14:00:20.174,9.20724,9.20894,1.00,1.00
2014.08.05 14:00:20.485,9.20736,9.20894,1.88,1.00
2014.08.05 14:00:32.277,9.20738,9.20894,1.00,1.00
2014.08.05 14:00:32.610,9.20748,9.20894,1.00,1.00
2014.08.05 14:00:33.802,9.20737,9.20894,1.00,1.00
2014.08.05 14:00:33.954,9.20746,9.20894,1.88,1.00
2014.08.05 14:00:34.905,9.20737,9.20894,1.00,1.00
2014.08.05 14:00:35.360,9.20746,9.20894,1.00,1.00
2014.08.05 14:00:35.658,9.20737,9.20894,1.00,1.00
2014.08.05 14:00:42.736,9.20746,9.20894,2.63,1.00
2014.08.05 14:00:43.795,9.20737,9.20894,1.00,1.00
2014.08.05 14:00:43.947,9.20746,9.20894,1.88,1.00
2014.08.05 14:00:44.767,9.20748,9.20894,1.00,1.00
2014.08.05 14:00:45.020,9.20738,9.20894,1.00,1.00
2014.08.05 14:00:54.769,9.20751,9.20894,1.00,1.00
2014.08.05 14:00:54.870,9.20772,9.20944,1.00,2.25
2014.08.05 14:00:54.971,9.20786,9.20944,1.88,2.25
2014.08.05 14:00:56.090,9.20786,9.20944,1.88,2.63
2014.08.05 14:01:09.092,9.20786,9.20938,1.88,1.35
2014.08.05 14:01:09.244,9.20779,9.20925,1.00,1.60
2014.08.05 14:01:09.295,9.20747,9.20925,1.00,1.00
2014.08.05 14:01:09.347,9.20747,9.2094,1.00,1.00
2014.08.05 14:01:09.398,9.20796,9.2094,1.88,1.00
2014.08.05 14:01:09.641,9.20838,9.20993,1.00,1.00
2014.08.05 14:01:09.742,9.20897,9.20993,1.00,1.00
2014.08.05 14:01:09.894,9.20913,9.21123,1.00,1.00
2014.08.05 14:01:09.946,9.20932,9.21135,1.00,1.00
2014.08.05 14:01:10.252,9.20932,9.21132,1.00,1.00
2014.08.05 14:01:10.556,9.20932,9.21127,1.00,1.00
2014.08.05 14:01:10.874,9.20932,9.21129,1.00,1.00
2014.08.05 14:01:11.132,9.20932,9.2114,1.00,1.50
2014.08.05 14:01:11.385,9.20959,9.21146,1.00,1.00
2014.08.05 14:01:11.710,9.20959,9.2114,1.00,1.00
2014.08.05 14:01:12.422,9.20959,9.21138,1.00,1.00
2014.08.05 14:01:14.068,9.20959,9.21134,1.00,1.00
2014.08.05 14:01:16.856,9.20958,9.21134,1.00,1.00
2014.08.05 14:01:18.827,9.20978,9.21134,1.00,1.00
2014.08.05 14:01:19.660,9.20958,9.21134,1.00,1.00
2014.08.05 14:01:19.913,9.20958,9.2113,1.00,1.00
2014.08.05 14:01:21.436,9.20958,9.21125,1.00,1.00
2014.08.05 14:01:24.660,9.20943,9.21125,1.00,1.00
2014.08.05 14:01:26.704,9.20943,9.21124,1.00,1.00
2014.08.05 14:01:29.744,9.20937,9.21124,1.00,1.00
2014.08.05 14:01:30.148,9.20937,9.21126,1.00,1.00
2014.08.05 14:01:30.352,9.2095,9.21124,1.00,1.00
2014.08.05 14:01:31.794,9.20944,9.21124,1.00,1.00
2014.08.05 14:01:32.568,9.20944,9.21127,1.00,1.00
2014.08.05 14:01:32.872,9.20944,9.21125,1.00,1.00
2014.08.05 14:01:33.204,9.20957,9.21125,1.00,1.00
2014.08.05 14:01:33.828,9.20944,9.21125,1.00,1.00
2014.08.05 14:01:34.349,9.20944,9.21126,1.00,1.00
2014.08.05 14:01:36.632,9.20944,9.21127,1.00,1.00
2014.08.05 14:01:36.834,9.20944,9.21145,1.00,1.00
2014.08.05 14:01:37.730,9.20944,9.21146,1.00,1.00
2014.08.05 14:01:38.811,9.20944,9.21147,1.00,1.00
2014.08.05 14:01:38.861,9.2095,9.21147,1.00,1.00
2014.08.05 14:01:39.712,9.2095,9.21148,1.00,1.00
2014.08.05 14:01:40.602,9.2095,9.21158,1.00,1.00
2014.08.05 14:01:40.805,9.20965,9.21161,1.00,1.00
2014.08.05 14:01:41.113,9.20965,9.21159,1.00,1.00
2014.08.05 14:01:41.416,9.20965,9.21155,1.00,1.00
2014.08.05 14:01:41.719,9.20965,9.21153,1.00,1.00
2014.08.05 14:01:42.332,9.20965,9.21164,1.00,1.50
2014.08.05 14:01:42.434,9.20972,9.21164,1.00,1.50
2014.08.05 14:01:42.737,9.2099,9.21164,1.00,1.50
2014.08.05 14:01:43.041,9.21001,9.21164,1.00,1.50
2014.08.05 14:01:43.193,9.20997,9.21164,1.00,1.50
2014.08.05 14:01:43.625,9.21001,9.21164,1.00,1.50
2014.08.05 14:01:44.253,9.21001,9.2119,1.00,1.75
2014.08.05 14:01:44.708,9.2101,9.212,1.00,2.25
2014.08.05 14:01:45.653,9.2101,9.21205,1.00,1.00
2014.08.05 14:01:45.704,9.2102,9.21205,1.00,1.00
2014.08.05 14:01:46.485,9.2102,9.21215,1.00,1.50
2014.08.05 14:01:49.414,9.2102,9.21219,1.00,1.00
2014.08.05 14:01:51.302,9.2102,9.21228,1.50,1.88
2014.08.05 14:01:54.625,9.2103,9.21228,1.00,1.13
2014.08.05 14:01:56.614,9.21096,9.21234,1.88,2.25
2014.08.05 14:01:56.665,9.21096,9.21234,1.88,1.50
2014.08.05 14:01:56.867,9.21061,9.21234,1.00,1.50
2014.08.05 14:01:57.701,9.21073,9.21234,1.00,1.50
2014.08.05 14:01:57.904,9.21063,9.21234,1.00,1.50
2014.08.05 14:01:58.542,9.21053,9.21234,1.00,1.50
2014.08.05 14:01:58.644,9.21056,9.21234,1.50,1.50
2014.08.05 14:01:59.315,9.21063,9.21234,1.00,1.50
2014.08.05 14:01:59.466,9.21063,9.21249,1.00,1.00
2014.08.05 14:01:59.677,9.21073,9.21249,1.00,1.00
2014.08.05 14:02:00.753,9.2106,9.21249,1.00,1.00
2014.08.05 14:02:01.288,9.21069,9.21249,1.00,1.00
2014.08.05 14:02:01.441,9.21057,9.21249,1.00,1.00
2014.08.05 14:02:01.752,9.21055,9.21249,1.00,1.00
2014.08.05 14:02:02.394,9.21058,9.21249,1.00,1.00
2014.08.05 14:02:11.738,9.21056,9.21249,1.00,1.00
2014.08.05 14:02:12.299,9.21057,9.21249,1.00,1.00
2014.08.05 14:02:16.590,9.21069,9.21249,1.00,1.00
2014.08.05 14:02:16.894,9.21075,9.21249,1.00,1.00
2014.08.05 14:02:17.096,9.21069,9.21249,1.00,1.00
2014.08.05 14:02:22.157,9.21061,9.21249,1.00,1.00
2014.08.05 14:02:22.835,9.21066,9.21249,1.00,1.00
2014.08.05 14:02:24.394,9.21061,9.21249,1.00,1.00
2014.08.05 14:02:27.842,9.2106,9.21249,1.00,1.00
2014.08.05 14:02:30.337,9.21065,9.21249,1.00,1.00
2014.08.05 14:02:33.551,9.21123,9.21249,1.00,1.00
2014.08.05 14:02:33.854,9.21166,9.21264,1.00,1.88
2014.08.05 14:02:33.905,9.21156,9.21264,1.00,1.88
2014.08.05 14:02:35.104,9.21156,9.21304,1.00,1.00
2014.08.05 14:02:37.988,9.21148,9.21304,1.00,1.00
2014.08.05 14:02:38.089,9.21176,9.21304,1.00,1.00
2014.08.05 14:02:38.434,9.21148,9.21304,1.00,1.00
2014.08.05 14:02:42.581,9.21217,9.21342,2.92,1.00
2014.08.05 14:02:42.733,9.21246,9.21394,2.63,1.50
2014.08.05 14:02:42.784,9.21251,9.21417,1.75,1.00
2014.08.05 14:02:42.835,9.21251,9.21434,1.75,1.50
2014.08.05 14:02:42.987,9.21256,9.21458,2.63,1.00
2014.08.05 14:02:43.671,9.21267,9.21458,1.00,1.00
2014.08.05 14:02:43.722,9.21267,9.21475,1.50,1.50
2014.08.05 14:02:45.840,9.21267,9.21475,2.25,1.50
2014.08.05 14:02:47.146,9.21286,9.21475,1.88,1.50
2014.08.05 14:02:47.298,9.21286,9.21487,1.88,1.00
2014.08.05 14:02:48.021,9.21286,9.21479,1.88,1.00
2014.08.05 14:02:48.173,9.21286,9.21487,1.88,1.00
2014.08.05 14:02:48.476,9.21296,9.21487,1.88,1.00
2014.08.05 14:02:49.307,9.21306,9.21487,1.75,1.00
2014.08.05 14:02:49.611,9.21336,9.21511,1.88,1.00
2014.08.05 14:02:49.662,9.21336,9.21518,1.88,1.00
2014.08.05 14:02:49.813,9.21351,9.21518,1.00,1.00
2014.08.05 14:02:54.176,9.21351,9.21521,1.00,1.00
2014.08.05 14:02:57.194,9.21336,9.21521,1.88,1.00
2014.08.05 14:02:57.246,9.21336,9.21528,1.88,1.00
2014.08.05 14:02:57.823,9.21336,9.21519,1.88,1.00
2014.08.05 14:02:57.925,9.21336,9.21528,1.88,1.00
2014.08.05 14:02:58.395,9.21336,9.2153,1.88,1.00
2014.08.05 14:03:19.266,9.21336,9.21517,1.88,1.00
2014.08.05 14:03:20.509,9.21335,9.21517,1.50,1.00
2014.08.05 14:03:21.461,9.21336,9.21517,1.88,1.00
2014.08.05 14:03:25.039,9.21336,9.21498,1.88,1.00
2014.08.05 14:03:25.343,9.21336,9.21483,1.88,1.00
2014.08.05 14:03:25.595,9.21336,9.21493,1.88,1.00
2014.08.05 14:03:26.151,9.21306,9.21493,1.88,1.00
2014.08.05 14:03:26.454,9.21271,9.21479,1.00,1.00
2014.08.05 14:03:26.556,9.21259,9.21467,1.00,1.00
2014.08.05 14:03:26.671,9.21246,9.21488,1.00,1.75
2014.08.05 14:03:26.722,9.21214,9.21472,1.00,1.38
2014.08.05 14:03:26.823,9.21265,9.21429,1.00,1.00
2014.08.05 14:03:27.127,9.21311,9.21468,1.00,1.00
2014.08.05 14:03:27.178,9.21311,9.21491,1.00,1.00
2014.08.05 14:03:27.457,9.21311,9.21482,1.00,1.00
2014.08.05 14:03:27.838,9.21311,9.21482,1.00,1.75
2014.08.05 14:03:27.889,9.21271,9.21494,1.00,2.25
2014.08.05 14:03:27.940,9.21218,9.21465,1.00,1.75
2014.08.05 14:03:28.042,9.21207,9.21465,1.00,1.75
2014.08.05 14:03:28.144,9.21206,9.21388,1.50,1.00
2014.08.05 14:03:28.195,9.2113,9.21388,1.00,1.00
2014.08.05 14:03:28.296,9.2113,9.21375,1.00,1.00
2014.08.05 14:03:28.599,9.21075,9.21333,1.00,1.75
2014.08.05 14:03:28.903,9.2105,9.21253,1.00,1.00
2014.08.05 14:03:29.651,9.21065,9.21294,1.00,1.50
2014.08.05 14:03:29.853,9.21065,9.21323,1.00,1.00
2014.08.05 14:03:29.954,9.21065,9.21314,1.00,1.50
2014.08.05 14:03:30.257,9.21065,9.21309,1.00,1.00
2014.08.05 14:03:30.451,9.21042,9.213,1.00,1.00
2014.08.05 14:03:30.938,9.21059,9.21309,1.00,1.00
2014.08.05 14:03:31.040,9.21059,9.21314,1.00,1.50
2014.08.05 14:03:31.632,9.21059,9.21317,1.00,1.00
2014.08.05 14:03:31.682,9.21059,9.21304,1.00,1.35
2014.08.05 14:03:31.935,9.21059,9.21317,1.00,1.00
2014.08.05 14:03:32.353,9.21059,9.21308,1.00,1.00
2014.08.05 14:03:32.454,9.21059,9.21317,1.00,1.00
2014.08.05 14:03:36.339,9.21067,9.2132,1.00,1.00
2014.08.05 14:03:36.542,9.21067,9.21325,1.00,1.00
2014.08.05 14:03:38.040,9.21067,9.21316,1.00,1.00
2014.08.05 14:03:38.412,9.21049,9.21307,1.00,1.00
2014.08.05 14:03:38.513,9.2107,9.21328,1.00,1.00
2014.08.05 14:03:38.818,9.2107,9.21304,1.00,1.50
2014.08.05 14:03:39.020,9.21052,9.21304,1.00,1.50
2014.08.05 14:03:42.114,9.21077,9.21288,1.00,1.00
2014.08.05 14:03:42.588,9.21092,9.213,1.00,1.00
2014.08.05 14:03:47.069,9.21109,9.21317,1.00,1.00
2014.08.05 14:03:49.503,9.21095,9.21303,1.00,1.00
2014.08.05 14:03:54.488,9.21089,9.21297,1.00,1.00
2014.08.05 14:03:55.904,9.21075,9.21283,1.75,1.00
2014.08.05 14:03:58.104,9.21091,9.21285,1.00,1.00
2014.08.05 14:03:58.358,9.21091,9.213,1.00,1.00
2014.08.05 14:04:00.165,9.21079,9.21287,1.00,1.00
2014.08.05 14:04:02.518,9.21091,9.21299,1.00,1.00
2014.08.05 14:04:04.441,9.21108,9.21316,1.00,1.00
2014.08.05 14:04:04.746,9.21108,9.21295,1.00,1.00
2014.08.05 14:04:05.284,9.21098,9.21295,1.00,1.00
2014.08.05 14:04:06.755,9.21102,9.21295,1.00,1.00
2014.08.05 14:04:07.058,9.21089,9.21295,1.00,1.00
2014.08.05 14:04:07.109,9.21089,9.21285,1.00,1.00
2014.08.05 14:04:07.413,9.21089,9.21285,1.38,1.00
2014.08.05 14:04:07.850,9.21095,9.21285,1.00,1.50
2014.08.05 14:04:08.201,9.21086,9.21285,1.50,1.50
2014.08.05 14:04:08.605,9.21077,9.21284,1.50,1.00
2014.08.05 14:04:08.656,9.21077,9.21274,1.50,1.88
2014.08.05 14:04:08.959,9.21058,9.21246,1.00,1.00
2014.08.05 14:04:09.281,9.21046,9.21246,3.38,1.00
2014.08.05 14:04:09.383,9.21046,9.21233,3.38,1.00
2014.08.05 14:04:09.686,9.21061,9.21233,1.00,1.00
2014.08.05 14:04:09.939,9.21061,9.21243,1.00,1.00
2014.08.05 14:04:10.849,9.21061,9.21252,1.00,1.00
2014.08.05 14:04:11.212,9.21061,9.21259,1.00,1.00
2014.08.05 14:04:11.363,9.21069,9.21259,1.00,1.00
2014.08.05 14:04:11.566,9.21061,9.21259,1.00,1.00
2014.08.05 14:04:12.336,9.21061,9.21259,1.75,1.00
2014.08.05 14:04:12.438,9.21086,9.21264,1.75,1.00
2014.08.05 14:04:12.489,9.21106,9.21284,1.00,1.50
2014.08.05 14:04:12.590,9.2112,9.21284,1.00,1.50
2014.08.05 14:04:12.641,9.2112,9.21313,1.00,1.00
2014.08.05 14:04:12.692,9.2112,9.21323,1.00,1.00
2014.08.05 14:04:12.895,9.21137,9.21334,1.75,1.50
2014.08.05 14:04:13.199,9.21165,9.21366,1.00,1.00
2014.08.05 14:04:13.250,9.21168,9.21373,1.00,1.00
2014.08.05 14:04:13.301,9.21168,9.21358,1.00,1.00
2014.08.05 14:04:13.352,9.21159,9.21358,1.00,1.00
2014.08.05 14:04:13.453,9.2115,9.21353,1.00,1.00
2014.08.05 14:04:13.656,9.21154,9.21358,1.00,1.00
2014.08.05 14:04:17.358,9.21166,9.21358,1.00,1.00
2014.08.05 14:04:17.408,9.21166,9.21362,1.00,1.00
2014.08.05 14:04:17.611,9.21166,9.21371,1.00,1.00
2014.08.05 14:04:18.335,9.21165,9.21371,1.00,1.00
2014.08.05 14:04:18.386,9.21175,9.21373,1.00,1.00
2014.08.05 14:04:18.588,9.21175,9.21383,1.50,1.50
2014.08.05 14:04:19.069,9.21175,9.21383,2.25,1.50
2014.08.05 14:04:20.513,9.21175,9.2138,1.00,1.00
2014.08.05 14:04:22.552,9.21176,9.2138,1.00,1.00
2014.08.05 14:04:22.704,9.21185,9.21383,1.00,1.00
2014.08.05 14:04:23.021,9.21189,9.21393,1.00,1.00
2014.08.05 14:04:23.122,9.21185,9.21384,1.00,1.00
2014.08.05 14:04:24.051,9.21176,9.21383,1.00,1.00
2014.08.05 14:04:24.358,9.21176,9.21367,1.50,1.00
2014.08.05 14:04:25.237,9.21176,9.21377,3.38,1.00
2014.08.05 14:04:26.428,9.21176,9.21371,1.88,1.00
2014.08.05 14:04:26.479,9.21169,9.21371,1.00,1.00
2014.08.05 14:04:26.580,9.21176,9.21361,1.00,1.00
2014.08.05 14:04:27.913,9.21186,9.21361,1.00,1.00
2014.08.05 14:04:28.940,9.21176,9.21361,1.00,1.00
2014.08.05 14:04:30.149,9.21186,9.21361,1.00,1.00
2014.08.05 14:04:32.131,9.21186,9.21372,1.00,1.00
2014.08.05 14:04:32.333,9.21191,9.21372,1.00,1.00
2014.08.05 14:04:32.639,9.21216,9.21372,1.00,1.00
2014.08.05 14:04:32.859,9.21196,9.21372,1.00,1.00
2014.08.05 14:04:32.910,9.21196,9.21349,1.00,1.00
2014.08.05 14:04:33.214,9.21196,9.21338,1.00,1.00
2014.08.05 14:04:33.416,9.21156,9.21338,1.75,1.00
2014.08.05 14:04:33.467,9.21156,9.21322,1.75,1.00
2014.08.05 14:04:33.772,9.21186,9.21322,1.00,1.00
2014.08.05 14:04:34.633,9.21176,9.21322,1.00,1.00
2014.08.05 14:04:35.419,9.21146,9.21322,1.00,1.00
2014.08.05 14:04:35.675,9.21145,9.2131,1.00,1.00
2014.08.05 14:04:35.827,9.21127,9.2131,1.00,1.00
2014.08.05 14:04:35.979,9.21127,9.21297,1.00,1.00
2014.08.05 14:04:36.081,9.21116,9.21297,1.00,1.00
2014.08.05 14:04:36.744,9.21116,9.21288,1.00,1.00
2014.08.05 14:04:38.350,9.21121,9.21288,1.00,1.00
2014.08.05 14:04:39.058,9.21121,9.21295,1.00,1.00
2014.08.05 14:04:39.915,9.21116,9.21251,3.38,1.00
2014.08.05 14:04:40.219,9.21087,9.21217,1.38,1.00
2014.08.05 14:04:40.560,9.21096,9.21217,1.00,1.00
2014.08.05 14:04:40.711,9.21056,9.21207,1.75,1.00
2014.08.05 14:04:41.598,9.21014,9.2118,1.00,1.38
2014.08.05 14:04:41.649,9.20999,9.21155,1.00,1.88
2014.08.05 14:04:41.750,9.20976,9.21155,1.00,1.88
2014.08.05 14:04:41.952,9.20976,9.21147,1.00,1.00
2014.08.05 14:04:42.255,9.20976,9.21135,1.00,1.00
2014.08.05 14:04:42.357,9.20966,9.21135,1.00,1.00
2014.08.05 14:04:42.711,9.20966,9.21145,1.00,1.00
2014.08.05 14:04:42.974,9.20976,9.21145,1.00,1.00
2014.08.05 14:04:43.884,9.20966,9.21145,1.00,1.00
2014.08.05 14:04:44.779,9.20966,9.21149,1.00,1.00
2014.08.05 14:04:45.092,9.20976,9.21149,1.00,1.00
2014.08.05 14:04:45.396,9.20976,9.21135,1.00,1.00
2014.08.05 14:04:46.163,9.20965,9.21135,1.00,1.00
2014.08.05 14:04:46.518,9.20965,9.21144,1.00,1.00
2014.08.05 14:04:47.420,9.20976,9.21144,1.00,1.00
2014.08.05 14:04:47.749,9.20976,9.21136,1.00,1.00
2014.08.05 14:04:48.270,9.20976,9.21146,1.00,1.00
2014.08.05 14:04:48.371,9.20956,9.21134,1.88,1.00
2014.08.05 14:04:48.422,9.20946,9.21134,1.00,1.00
2014.08.05 14:04:48.473,9.20946,9.21125,1.00,1.00
2014.08.05 14:04:49.573,9.20956,9.21125,1.00,1.00
2014.08.05 14:04:50.235,9.20956,9.21134,1.00,1.00
2014.08.05 14:04:50.767,9.20956,9.21125,1.00,1.00
2014.08.05 14:04:51.430,9.20956,9.21134,1.00,1.00
2014.08.05 14:04:52.142,9.20986,9.21134,1.00,1.00
2014.08.05 14:04:52.446,9.21016,9.21153,1.13,1.00
2014.08.05 14:04:52.496,9.21016,9.21162,1.13,1.00
2014.08.05 14:04:52.598,9.21031,9.21182,1.00,1.00
2014.08.05 14:04:52.649,9.21031,9.21187,1.00,1.00
2014.08.05 14:04:52.800,9.21034,9.21187,1.00,1.00
2014.08.05 14:04:53.104,9.2103,9.21187,1.00,1.00
2014.08.05 14:04:53.560,9.21032,9.21187,1.00,1.00
2014.08.05 14:04:53.612,9.21032,9.21194,1.00,1.50
2014.08.05 14:04:53.892,9.21026,9.21194,1.00,1.50
2014.08.05 14:04:54.228,9.21026,9.21202,1.00,1.00
2014.08.05 14:04:54.330,9.21032,9.21202,1.00,1.00
2014.08.05 14:04:54.644,9.21037,9.21202,1.00,1.00
2014.08.05 14:04:54.858,9.21031,9.21202,1.00,1.00
2014.08.05 14:04:55.322,9.21037,9.21202,1.00,1.00
2014.08.05 14:04:55.670,9.2104,9.21202,1.00,1.00
2014.08.05 14:04:55.872,9.21036,9.21202,1.00,1.00
2014.08.05 14:04:56.295,9.21042,9.21202,1.00,1.00
2014.08.05 14:04:56.661,9.21046,9.21202,1.00,1.00
2014.08.05 14:04:56.969,9.21041,9.21202,1.00,1.00
2014.08.05 14:04:57.289,9.21046,9.21202,1.00,1.00
2014.08.05 14:04:57.852,9.21051,9.21202,1.00,1.00
2014.08.05 14:04:58.054,9.21045,9.21202,1.00,1.00
2014.08.05 14:04:58.274,9.21045,9.21212,1.00,1.00
2014.08.05 14:04:58.426,9.21051,9.21212,1.00,1.00
2014.08.05 14:04:58.939,9.21046,9.21212,1.00,1.00
2014.08.05 14:04:59.192,9.21041,9.21212,1.00,1.00
2014.08.05 14:04:59.395,9.21036,9.21212,1.00,1.00
2014.08.05 14:04:59.598,9.21031,9.21212,1.00,1.00
2014.08.05 14:05:00.081,9.21031,9.21192,1.00,1.00
2014.08.05 14:05:00.283,9.21031,9.21213,1.00,1.00
2014.08.05 14:05:00.334,9.21031,9.21214,1.75,1.00
2014.08.05 14:05:00.486,9.21056,9.21237,1.00,1.00
2014.08.05 14:05:00.588,9.21061,9.21237,1.00,1.00
2014.08.05 14:05:00.840,9.21058,9.21237,1.00,1.00
2014.08.05 14:05:00.899,9.21066,9.21237,1.00,1.00
2014.08.05 14:05:01.223,9.21076,9.21228,1.00,1.00
2014.08.05 14:05:01.477,9.21076,9.21241,1.00,1.00
2014.08.05 14:05:01.579,9.21076,9.21244,1.00,1.50
2014.08.05 14:05:01.942,9.21076,9.21246,1.00,1.00
2014.08.05 14:05:03.202,9.21076,9.2125,1.00,1.00
2014.08.05 14:05:03.304,9.21076,9.21259,1.00,1.00
2014.08.05 14:05:04.137,9.21066,9.21259,1.00,1.00
2014.08.05 14:05:04.289,9.21066,9.21248,1.00,1.00
2014.08.05 14:05:04.542,9.21066,9.21259,2.63,1.00
2014.08.05 14:05:04.693,9.21073,9.21259,1.00,1.00
2014.08.05 14:05:05.537,9.21078,9.21259,1.00,1.00
2014.08.05 14:05:05.901,9.21096,9.21259,1.00,1.00
2014.08.05 14:05:06.106,9.21083,9.21259,1.00,1.00
2014.08.05 14:05:06.468,9.21083,9.2127,1.00,1.00
2014.08.05 14:05:07.298,9.21087,9.2127,1.00,1.00
2014.08.05 14:05:07.602,9.21096,9.2127,1.00,1.00
2014.08.05 14:05:07.937,9.21106,9.2127,1.00,1.00
2014.08.05 14:05:08.613,9.21101,9.2127,1.00,1.00
2014.08.05 14:05:08.835,9.21101,9.2128,1.00,1.00
2014.08.05 14:05:09.603,9.21106,9.2128,1.00,1.00
2014.08.05 14:05:10.600,9.21096,9.2128,1.88,1.00
2014.08.05 14:05:10.651,9.21096,9.21278,1.88,1.00
2014.08.05 14:05:10.956,9.21096,9.2127,1.88,1.00
2014.08.05 14:05:11.022,9.21096,9.21278,1.88,1.00
2014.08.05 14:05:11.732,9.21096,9.2126,1.88,1.00
2014.08.05 14:05:11.883,9.21072,9.2126,1.00,1.00
2014.08.05 14:05:12.347,9.21086,9.2126,1.00,1.00
2014.08.05 14:05:12.666,9.21086,9.21251,1.00,1.00
2014.08.05 14:05:14.183,9.21086,9.21261,1.00,1.00
2014.08.05 14:05:14.386,9.21086,9.21272,1.00,1.00
2014.08.05 14:05:14.487,9.21086,9.21257,1.00,1.00
2014.08.05 14:05:14.909,9.21126,9.21257,1.00,1.00
2014.08.05 14:05:14.959,9.21126,9.21285,1.00,1.00
2014.08.05 14:05:15.061,9.21126,9.21294,1.00,1.50
2014.08.05 14:05:15.112,9.21116,9.21285,1.88,1.75
2014.08.05 14:05:15.286,9.21066,9.21254,1.50,2.63
2014.08.05 14:05:15.337,9.21115,9.21254,1.00,1.88
2014.08.05 14:05:15.439,9.21116,9.21285,1.88,1.00
2014.08.05 14:05:15.490,9.21116,9.21265,1.88,1.00
2014.08.05 14:05:15.591,9.21116,9.21285,1.88,1.00
2014.08.05 14:05:15.642,9.21112,9.21264,1.00,1.88
2014.08.05 14:05:15.693,9.21095,9.21264,1.00,1.88
2014.08.05 14:05:15.802,9.21074,9.2126,1.00,1.00
2014.08.05 14:05:15.853,9.21066,9.2126,1.50,1.00
2014.08.05 14:05:15.954,9.2105,9.2125,1.00,1.00
2014.08.05 14:05:16.465,9.2105,9.21251,1.00,1.00
2014.08.05 14:05:16.617,9.2105,9.21241,1.00,1.00
2014.08.05 14:05:17.584,9.21046,9.21241,1.50,1.00
2014.08.05 14:05:17.888,9.21067,9.21246,1.00,1.00
2014.08.05 14:05:18.090,9.21064,9.21246,1.00,1.00
2014.08.05 14:05:18.744,9.21064,9.2125,1.00,1.00
2014.08.05 14:05:18.846,9.21068,9.2125,1.00,1.00
2014.08.05 14:05:18.896,9.21068,9.21259,1.00,1.00
2014.08.05 14:05:19.102,9.21065,9.21259,1.00,1.00
2014.08.05 14:05:19.153,9.21071,9.21259,1.00,1.00
2014.08.05 14:05:19.558,9.21071,9.21249,1.00,1.00
2014.08.05 14:05:20.324,9.21071,9.21249,1.00,1.75
2014.08.05 14:05:20.475,9.21056,9.2123,1.88,1.38
2014.08.05 14:05:20.526,9.21056,9.21217,1.88,1.00
2014.08.05 14:05:20.577,9.2105,9.21217,1.00,1.00
2014.08.05 14:05:20.628,9.2105,9.21208,1.00,1.00
2014.08.05 14:05:20.932,9.2105,9.21197,1.00,1.00
2014.08.05 14:05:21.236,9.21056,9.21197,1.00,1.00
2014.08.05 14:05:21.287,9.21056,9.21215,1.00,1.00
2014.08.05 14:05:21.338,9.21056,9.21207,1.00,1.00
2014.08.05 14:05:21.642,9.21056,9.212,1.00,1.00
2014.08.05 14:05:21.744,9.21056,9.21209,1.00,1.00
2014.08.05 14:05:22.155,9.2105,9.21209,1.00,1.00
2014.08.05 14:05:22.412,9.2105,9.21218,1.00,1.00
2014.08.05 14:05:23.172,9.2105,9.21227,1.00,1.00
2014.08.05 14:05:24.365,9.21056,9.21227,1.00,1.00
2014.08.05 14:05:24.670,9.2105,9.21217,1.00,1.00
2014.08.05 14:05:24.872,9.21036,9.21217,1.00,1.00
2014.08.05 14:05:24.923,9.21026,9.21217,3.38,1.00
2014.08.05 14:05:25.024,9.21026,9.21208,1.50,1.00
2014.08.05 14:05:25.592,9.21035,9.21208,1.00,1.00
2014.08.05 14:05:25.912,9.21051,9.21216,1.00,1.00
2014.08.05 14:05:27.106,9.21051,9.21238,1.00,1.00
2014.08.05 14:05:27.462,9.21051,9.21232,1.00,1.00
2014.08.05 14:05:27.766,9.21051,9.21218,1.00,1.00
2014.08.05 14:05:28.109,9.21031,9.21218,1.00,1.00
2014.08.05 14:05:28.413,9.21056,9.21218,1.00,1.00
2014.08.05 14:05:28.784,9.21056,9.21209,1.00,1.00
2014.08.05 14:05:28.951,9.21046,9.21209,1.00,1.00
2014.08.05 14:05:29.062,9.21036,9.21209,1.00,1.00
2014.08.05 14:05:29.416,9.21031,9.21209,1.00,1.00
2014.08.05 14:05:29.517,9.21031,9.21198,1.00,1.00
2014.08.05 14:05:33.248,9.21031,9.21188,1.00,1.00
2014.08.05 14:05:34.560,9.21036,9.21188,1.00,1.00
2014.08.05 14:05:34.890,9.21056,9.21188,1.00,1.00
2014.08.05 14:05:34.992,9.21056,9.21201,1.00,1.00
2014.08.05 14:05:35.163,9.2106,9.21201,1.00,1.00
2014.08.05 14:05:35.811,9.21056,9.21201,2.63,1.00
2014.08.05 14:05:35.869,9.21061,9.21201,1.00,1.00
2014.08.05 14:05:36.431,9.21066,9.21201,1.00,1.00
2014.08.05 14:05:36.540,9.21066,9.2123,1.00,1.00
2014.08.05 14:05:36.902,9.21061,9.2123,1.00,1.00
2014.08.05 14:05:37.054,9.21061,9.2124,1.00,1.00
2014.08.05 14:05:37.381,9.21061,9.2123,1.00,1.00
2014.08.05 14:05:37.431,9.21051,9.2123,1.00,1.00
2014.08.05 14:05:37.735,9.21051,9.21221,1.00,1.00
2014.08.05 14:05:38.459,9.21056,9.21221,1.00,1.00
2014.08.05 14:05:38.674,9.21051,9.21221,1.00,1.00
2014.08.05 14:05:38.726,9.21051,9.21208,1.00,1.00
2014.08.05 14:05:39.146,9.21051,9.21217,1.00,1.00
2014.08.05 14:05:39.395,9.21051,9.21207,1.00,1.00
2014.08.05 14:05:39.873,9.21026,9.21207,3.38,1.00
2014.08.05 14:05:40.556,9.21026,9.21207,1.50,1.38
2014.08.05 14:05:40.657,9.21015,9.21204,1.88,1.13
2014.08.05 14:05:40.709,9.20987,9.21195,1.50,1.50
2014.08.05 14:05:40.810,9.20973,9.21166,1.00,1.00
2014.08.05 14:05:40.912,9.2096,9.21166,1.00,1.00
2014.08.05 14:05:41.698,9.2096,9.21155,1.00,1.00
2014.08.05 14:05:42.153,9.20966,9.21155,1.00,1.00
2014.08.05 14:05:42.632,9.2096,9.21155,1.00,1.00
2014.08.05 14:05:42.784,9.2096,9.21146,1.00,1.00
2014.08.05 14:05:43.290,9.20961,9.21146,1.00,1.00
2014.08.05 14:05:43.594,9.20961,9.21084,1.00,1.00
2014.08.05 14:05:43.695,9.20943,9.21084,1.00,1.88
2014.08.05 14:05:43.746,9.20936,9.21084,1.00,1.88
2014.08.05 14:05:43.848,9.20905,9.21084,1.00,2.63
2014.08.05 14:05:44.051,9.20804,9.20932,1.00,1.00
2014.08.05 14:05:44.101,9.20785,9.20932,2.25,1.00
2014.08.05 14:05:44.152,9.20816,9.2099,1.13,1.00
2014.08.05 14:05:44.203,9.20816,9.2097,1.13,1.00
2014.08.05 14:05:44.305,9.20816,9.21,1.00,1.00
2014.08.05 14:05:44.355,9.20801,9.20955,1.00,1.00
2014.08.05 14:05:44.670,9.20735,9.20864,1.75,1.88
2014.08.05 14:05:44.973,9.20796,9.20893,1.75,1.00
2014.08.05 14:05:45.074,9.20796,9.20893,1.00,1.00
2014.08.05 14:05:45.141,9.20746,9.20893,1.88,1.00
2014.08.05 14:05:45.192,9.20708,9.20891,1.00,1.00
2014.08.05 14:05:45.630,9.20707,9.20877,1.00,1.00
2014.08.05 14:05:45.886,9.20709,9.20891,1.00,1.00
2014.08.05 14:05:46.051,9.20714,9.20891,1.00,1.00
2014.08.05 14:05:46.372,9.20719,9.20891,1.00,1.00
2014.08.05 14:05:46.815,9.20689,9.20891,1.75,1.00
2014.08.05 14:05:46.917,9.20696,9.20897,1.50,1.00
2014.08.05 14:05:46.967,9.20696,9.20885,1.50,1.00
2014.08.05 14:05:47.689,9.20706,9.20885,1.00,1.00
2014.08.05 14:05:48.094,9.20697,9.20885,1.00,1.00
2014.08.05 14:05:48.195,9.20696,9.20894,1.00,1.00
2014.08.05 14:05:48.347,9.20689,9.20894,1.00,1.00
2014.08.05 14:05:48.448,9.207,9.20894,1.00,1.88
2014.08.05 14:05:48.788,9.207,9.20884,1.00,1.88
2014.08.05 14:05:49.312,9.20706,9.20884,1.00,1.88
2014.08.05 14:05:49.666,9.20711,9.20884,1.00,1.88
2014.08.05 14:05:50.620,9.20726,9.20884,1.00,1.88
2014.08.05 14:05:50.929,9.20736,9.20884,1.00,1.88
2014.08.05 14:05:51.899,9.20736,9.20894,1.00,1.88
2014.08.05 14:05:52.963,9.20746,9.20894,1.00,1.88
2014.08.05 14:05:53.810,9.20735,9.20894,1.00,1.88
2014.08.05 14:05:54.164,9.20728,9.20894,1.00,1.88
2014.08.05 14:05:54.215,9.20728,9.20904,1.00,1.50
2014.08.05 14:05:54.266,9.20741,9.20904,1.00,1.50
2014.08.05 14:05:54.317,9.20741,9.20918,1.00,1.00
2014.08.05 14:05:54.368,9.20728,9.20918,1.00,1.00
2014.08.05 14:05:54.420,9.20734,9.20918,1.00,1.00
2014.08.05 14:05:54.522,9.20736,9.20924,1.00,1.88
2014.08.05 14:05:54.572,9.20751,9.20924,1.00,1.88
2014.08.05 14:05:54.930,9.20776,9.20924,1.00,1.88
2014.08.05 14:05:55.399,9.20771,9.20934,1.00,1.88
2014.08.05 14:05:56.609,9.20771,9.20939,1.00,1.00
2014.08.05 14:05:56.661,9.20771,9.20944,1.00,2.63
2014.08.05 14:05:56.712,9.20776,9.20944,1.00,2.63
2014.08.05 14:05:57.358,9.20771,9.20944,1.00,1.88
2014.08.05 14:05:57.560,9.20771,9.20933,1.00,1.00
2014.08.05 14:05:57.661,9.20755,9.20933,1.00,1.00
2014.08.05 14:05:57.712,9.20755,9.20924,1.00,1.88
2014.08.05 14:05:57.813,9.2073,9.20924,1.00,1.88
2014.08.05 14:05:57.919,9.2072,9.20924,1.00,1.88
2014.08.05 14:05:58.802,9.20718,9.20917,1.00,1.00
2014.08.05 14:05:59.742,9.20709,9.20912,1.00,1.00
2014.08.05 14:05:59.793,9.20704,9.20907,1.00,1.00
2014.08.05 14:06:00.458,9.20707,9.20912,1.00,1.00
2014.08.05 14:06:00.560,9.20704,9.20899,1.00,1.00
2014.08.05 14:06:01.979,9.20704,9.20908,1.00,1.00
2014.08.05 14:06:02.060,9.20706,9.20908,1.00,1.00
2014.08.05 14:06:02.364,9.20706,9.209,1.00,1.00
2014.08.05 14:06:02.415,9.20704,9.209,1.00,1.00
2014.08.05 14:06:02.519,9.20704,9.2089,1.00,1.00
2014.08.05 14:06:02.839,9.20704,9.209,1.00,1.00
2014.08.05 14:06:03.092,9.20706,9.209,1.13,1.00
2014.08.05 14:06:03.317,9.20706,9.20912,1.13,1.50
2014.08.05 14:06:03.620,9.20706,9.20826,3.00,1.00
2014.08.05 14:06:04.392,9.20721,9.20826,1.00,1.00
2014.08.05 14:06:04.921,9.20726,9.20826,1.00,1.00
2014.08.05 14:06:06.351,9.20741,9.20826,1.00,1.00
2014.08.05 14:06:07.450,9.20746,9.20826,1.88,1.00
2014.08.05 14:06:08.318,9.20761,9.20826,1.00,1.00
2014.08.05 14:06:09.681,9.20716,9.20913,1.00,1.00
2014.08.05 14:06:09.731,9.20705,9.20901,1.00,1.00
2014.08.05 14:06:10.035,9.20771,9.20826,1.00,1.00
2014.08.05 14:06:12.431,9.20766,9.20905,1.88,1.00
2014.08.05 14:06:12.482,9.20766,9.20903,1.88,1.00
2014.08.05 14:06:12.785,9.20766,9.20889,1.88,1.00
2014.08.05 14:06:13.624,9.20766,9.20826,1.88,1.00
2014.08.05 14:06:13.831,9.20696,9.20826,1.00,1.00
2014.08.05 14:06:14.097,9.20686,9.20826,1.00,1.00
2014.08.05 14:06:14.610,9.20696,9.20826,1.00,1.00
2014.08.05 14:06:15.630,9.20698,9.20826,1.00,1.00
2014.08.05 14:06:15.933,9.20703,9.20826,1.00,1.00
2014.08.05 14:06:16.582,9.20706,9.20826,1.13,1.00
2014.08.05 14:06:17.121,9.20707,9.20826,1.00,1.00
2014.08.05 14:06:17.849,9.20713,9.20826,1.00,1.00
2014.08.05 14:06:18.182,9.20716,9.20826,1.00,1.00
2014.08.05 14:06:18.804,9.20718,9.20826,1.00,1.00
2014.08.05 14:06:19.107,9.20721,9.20826,1.13,1.00
2014.08.05 14:06:19.410,9.20728,9.20826,1.00,1.00
2014.08.05 14:06:19.879,9.20741,9.20826,1.00,1.00
2014.08.05 14:06:20.931,9.20746,9.20826,1.88,1.00
2014.08.05 14:06:21.880,9.20761,9.20826,1.00,1.00
2014.08.05 14:06:22.973,9.20761,9.20927,1.00,1.00
2014.08.05 14:06:23.125,9.20765,9.20927,1.88,1.00
2014.08.05 14:06:24.067,9.20765,9.20959,1.88,1.00
2014.08.05 14:06:24.169,9.20768,9.20964,1.00,1.50
2014.08.05 14:06:24.424,9.20781,9.20964,1.00,1.50
2014.08.05 14:06:24.837,9.20781,9.20956,1.00,1.00
2014.08.05 14:06:24.938,9.20781,9.20964,1.00,1.50
2014.08.05 14:06:25.191,9.20776,9.20958,1.88,1.00
2014.08.05 14:06:25.242,9.20766,9.20958,1.00,1.00
2014.08.05 14:06:25.401,9.20756,9.20943,1.88,1.00
2014.08.05 14:06:25.452,9.2075,9.20943,1.00,1.00
2014.08.05 14:06:25.503,9.20736,9.20939,1.00,1.00
2014.08.05 14:06:25.971,9.20741,9.20943,1.00,1.00
2014.08.05 14:06:26.224,9.20723,9.20926,1.00,1.00
2014.08.05 14:06:26.928,9.20726,9.20917,1.00,1.00
2014.08.05 14:06:27.181,9.20723,9.20917,1.50,1.00
2014.08.05 14:06:27.282,9.20723,9.20926,1.50,1.00
2014.08.05 14:06:27.383,9.20724,9.20917,1.00,1.00
2014.08.05 14:06:27.915,9.20723,9.20912,1.00,1.00
2014.08.05 14:06:27.965,9.20704,9.2091,1.00,1.00
2014.08.05 14:06:28.269,9.20715,9.20922,1.00,1.00
2014.08.05 14:06:28.900,9.20714,9.20912,1.00,1.00
2014.08.05 14:06:29.423,9.20714,9.20922,1.50,1.50
2014.08.05 14:06:31.138,9.20716,9.20922,1.00,1.50
2014.08.05 14:06:31.547,9.20722,9.20922,1.00,1.00
2014.08.05 14:06:32.341,9.20726,9.20922,1.00,1.00
2014.08.05 14:06:32.649,9.20732,9.20922,1.00,1.00
2014.08.05 14:06:33.399,9.20741,9.20922,1.00,1.00
2014.08.05 14:06:33.606,9.20741,9.20936,1.50,1.00
2014.08.05 14:06:33.708,9.20741,9.20948,1.50,1.00
2014.08.05 14:06:34.458,9.20746,9.20948,1.88,1.00
2014.08.05 14:06:34.761,9.20766,9.20949,1.00,1.00
2014.08.05 14:06:35.440,9.20766,9.20959,2.63,1.00
2014.08.05 14:06:35.643,9.20776,9.20959,1.00,1.00
2014.08.05 14:06:36.014,9.20781,9.20959,1.00,1.00
2014.08.05 14:06:36.583,9.20781,9.20959,1.00,1.75
2014.08.05 14:06:36.633,9.20752,9.20932,1.00,1.00
2014.08.05 14:06:36.735,9.20741,9.20932,1.00,1.00
2014.08.05 14:06:36.836,9.20737,9.20932,1.00,1.50
2014.08.05 14:06:36.938,9.20737,9.2093,1.00,1.00
2014.08.05 14:06:37.040,9.20722,9.20928,1.00,1.00
2014.08.05 14:06:37.974,9.20722,9.20924,1.00,1.88
2014.08.05 14:06:38.277,9.2072,9.20834,1.00,1.88
2014.08.05 14:06:38.530,9.2072,9.20864,1.00,1.00
2014.08.05 14:06:38.632,9.2072,9.20887,1.00,1.00
2014.08.05 14:06:38.733,9.2072,9.20904,1.00,2.25
2014.08.05 14:06:39.045,9.20723,9.20904,1.00,1.50
2014.08.05 14:06:39.766,9.20723,9.20885,1.00,1.00
2014.08.05 14:06:39.867,9.20723,9.20919,1.00,1.00
2014.08.05 14:06:39.969,9.20726,9.20931,1.00,1.00
2014.08.05 14:06:40.020,9.20726,9.20927,1.00,1.00
2014.08.05 14:06:40.332,9.20726,9.20917,1.00,1.00
2014.08.05 14:06:40.540,9.20713,9.20917,1.00,1.00
2014.08.05 14:06:40.693,9.20721,9.20917,1.00,1.00
2014.08.05 14:06:40.782,9.20721,9.20921,1.00,1.00
2014.08.05 14:06:40.883,9.20718,9.20921,1.00,1.00
2014.08.05 14:06:40.934,9.20726,9.20921,1.88,1.00
2014.08.05 14:06:41.256,9.20731,9.20921,1.00,1.00
2014.08.05 14:06:41.932,9.20736,9.20921,1.88,1.00
2014.08.05 14:06:42.033,9.20736,9.20926,1.88,1.00
2014.08.05 14:06:42.135,9.20735,9.20933,1.88,1.00
2014.08.05 14:06:42.236,9.2074,9.20933,1.00,1.00
2014.08.05 14:06:42.890,9.20746,9.20933,1.88,1.00
2014.08.05 14:06:43.019,9.20746,9.20935,1.88,1.00
2014.08.05 14:06:43.120,9.20761,9.20944,1.00,1.00
2014.08.05 14:06:44.105,9.20761,9.20954,1.00,2.25
2014.08.05 14:06:44.157,9.20766,9.20954,1.88,2.25
2014.08.05 14:06:45.092,9.20781,9.20954,1.00,1.50
2014.08.05 14:06:46.129,9.20786,9.20964,1.88,1.00
2014.08.05 14:06:46.180,9.20786,9.20971,1.88,1.00
2014.08.05 14:06:46.391,9.20801,9.20971,1.00,1.00
2014.08.05 14:06:47.322,9.20801,9.20966,1.00,1.00
2014.08.05 14:06:47.394,9.20786,9.20966,1.88,1.00
2014.08.05 14:06:47.445,9.20766,9.20966,1.00,1.00
2014.08.05 14:06:47.496,9.2076,9.20944,1.00,1.00
2014.08.05 14:06:47.598,9.20747,9.20944,1.00,1.00
2014.08.05 14:06:47.800,9.20736,9.20941,1.00,1.00
2014.08.05 14:06:48.713,9.20733,9.20934,1.00,1.00
2014.08.05 14:06:49.048,9.20735,9.20934,1.00,1.00
2014.08.05 14:06:49.631,9.20736,9.20934,1.00,1.00
2014.08.05 14:06:49.935,9.20738,9.20934,1.00,1.00
2014.08.05 14:06:50.593,9.20743,9.20934,1.00,1.00
2014.08.05 14:06:50.898,9.20751,9.20934,1.00,1.00
2014.08.05 14:06:51.120,9.20751,9.20941,1.00,1.00
2014.08.05 14:06:51.788,9.20756,9.20941,1.88,1.00
2014.08.05 14:06:51.839,9.20756,9.20944,1.88,1.00
2014.08.05 14:06:51.889,9.2077,9.20944,1.00,1.00
2014.08.05 14:06:51.992,9.2077,9.20955,1.00,1.00
2014.08.05 14:06:52.580,9.20776,9.20955,1.00,1.00
2014.08.05 14:06:52.889,9.20791,9.20965,1.00,1.00
2014.08.05 14:06:52.991,9.20791,9.20969,1.00,1.00
2014.08.05 14:06:53.747,9.20791,9.20983,1.00,1.00
2014.08.05 14:06:53.849,9.20793,9.20983,1.00,1.00
2014.08.05 14:06:54.187,9.20795,9.20983,1.88,1.00
2014.08.05 14:06:54.750,9.20795,9.2098,1.88,1.00
2014.08.05 14:06:55.054,9.20752,9.20937,1.00,1.00
2014.08.05 14:06:55.105,9.2074,9.20937,1.00,1.00
2014.08.05 14:06:55.156,9.20738,9.20932,1.00,1.00
2014.08.05 14:06:56.207,9.20724,9.20932,1.50,1.50
2014.08.05 14:06:59.289,9.20727,9.20932,1.00,1.50
2014.08.05 14:06:59.642,9.20731,9.20932,1.00,1.50
2014.08.05 14:07:00.364,9.20736,9.20932,1.00,1.50
2014.08.05 14:07:00.679,9.20816,9.20932,2.63,1.00
2014.08.05 14:07:00.932,9.20816,9.20999,2.63,1.00
2014.08.05 14:07:01.827,9.20816,9.21002,1.88,1.00
2014.08.05 14:07:01.928,9.20826,9.21002,1.00,1.00
2014.08.05 14:07:03.118,9.20816,9.21002,2.63,1.00
2014.08.05 14:07:03.169,9.20846,9.21002,1.88,1.00
2014.08.05 14:07:03.220,9.20846,9.21008,1.88,1.00
2014.08.05 14:07:03.271,9.20846,9.2102,1.88,1.00
2014.08.05 14:07:03.440,9.20835,9.2102,1.88,1.00
2014.08.05 14:07:03.896,9.20851,9.2102,1.00,1.00
2014.08.05 14:07:12.017,9.20851,9.21019,1.00,1.00
2014.08.05 14:07:29.823,9.20851,9.21024,1.00,1.00
2014.08.05 14:07:30.764,9.20851,9.21022,1.00,1.00
2014.08.05 14:07:30.967,9.20851,9.21024,1.00,1.00
2014.08.05 14:07:31.120,9.20851,9.21031,1.00,1.00
2014.08.05 14:07:34.902,9.20851,9.21022,1.00,1.00
2014.08.05 14:07:35.003,9.20851,9.21031,1.00,1.00
2014.08.05 14:07:35.533,9.20851,9.21022,1.00,1.00
2014.08.05 14:07:35.870,9.20851,9.21033,1.00,1.00
2014.08.05 14:07:35.921,9.20861,9.21033,1.00,1.00
2014.08.05 14:07:37.659,9.20861,9.21041,1.00,1.00
2014.08.05 14:07:38.560,9.20866,9.21041,1.00,1.00
2014.08.05 14:07:39.560,9.20861,9.21043,1.00,1.00
2014.08.05 14:07:39.669,9.20865,9.21043,1.88,1.00
2014.08.05 14:07:39.872,9.20845,9.21034,1.00,1.88
2014.08.05 14:07:39.973,9.20842,9.20984,1.00,1.88
2014.08.05 14:07:40.025,9.20836,9.20984,1.00,1.88
2014.08.05 14:07:40.545,9.20826,9.20984,1.00,1.88
2014.08.05 14:07:40.646,9.20826,9.20964,1.00,1.88
2014.08.05 14:07:41.327,9.20816,9.20964,1.00,1.88
2014.08.05 14:07:45.007,9.20816,9.2089,1.00,1.00
2014.08.05 14:07:45.367,9.20811,9.2089,1.00,1.00
2014.08.05 14:07:45.620,9.20816,9.2089,1.00,1.00
2014.08.05 14:07:58.176,9.20811,9.2089,1.00,1.00
2014.08.05 14:07:58.227,9.20775,9.20894,1.00,1.88
2014.08.05 14:07:58.279,9.20765,9.20894,1.00,1.88
2014.08.05 14:07:58.380,9.20711,9.20884,1.00,1.88
2014.08.05 14:07:58.482,9.20699,9.20884,1.00,1.88
2014.08.05 14:07:59.452,9.20689,9.20884,1.00,1.88
2014.08.05 14:07:59.604,9.20696,9.20884,1.00,1.88
2014.08.05 14:08:00.109,9.20695,9.20884,1.00,1.88
2014.08.05 14:08:00.724,9.20695,9.20885,1.00,2.63
2014.08.05 14:08:01.040,9.20696,9.20881,1.00,1.00
2014.08.05 14:08:01.556,9.2073,9.20881,1.00,1.00
2014.08.05 14:08:01.606,9.2073,9.20884,1.00,1.88
2014.08.05 14:08:01.657,9.20775,9.20884,1.00,1.88
2014.08.05 14:08:02.328,9.20775,9.2089,1.00,1.00
2014.08.05 14:08:04.731,9.20771,9.2089,1.00,1.00
2014.08.05 14:09:02.977,9.20766,9.20925,1.00,1.88
2014.08.05 14:09:09.402,9.20786,9.20954,1.00,1.88
2014.08.05 14:09:09.698,9.20786,9.20964,1.00,1.88
2014.08.05 14:09:09.806,9.20786,9.2089,1.50,1.00
2014.08.05 14:09:10.451,9.20791,9.2089,1.00,1.00
2014.08.05 14:09:17.376,9.20786,9.2089,1.50,1.00
2014.08.05 14:09:18.410,9.20792,9.2089,1.00,1.00
2014.08.05 14:09:19.306,9.20786,9.2089,1.50,1.00
2014.08.05 14:09:21.074,9.20795,9.2089,1.00,1.00
2014.08.05 14:09:22.689,9.20786,9.2089,2.25,1.00
2014.08.05 14:09:22.898,9.20786,9.20906,2.25,1.00
2014.08.05 14:09:23.102,9.20788,9.20906,1.00,1.00
2014.08.05 14:09:28.685,9.20797,9.20906,1.00,1.00
2014.08.05 14:09:30.156,9.20806,9.20906,1.00,1.00
2014.08.05 14:09:35.684,9.20816,9.20906,1.00,1.00
2014.08.05 14:09:36.656,9.20806,9.20906,1.00,1.00
2014.08.05 14:09:55.151,9.20796,9.20906,1.00,1.00
2014.08.05 14:09:56.347,9.20806,9.20906,1.00,1.00
2014.08.05 14:10:16.367,9.20797,9.20906,1.00,1.00
2014.08.05 14:10:20.044,9.20796,9.20906,1.00,1.00
2014.08.05 14:10:23.002,9.20796,9.20974,1.00,1.88
2014.08.05 14:10:36.290,9.20796,9.20953,1.00,1.00
2014.08.05 14:11:36.337,9.20796,9.20974,1.00,1.88
2014.08.05 14:11:43.597,9.20797,9.20974,1.00,1.88
2014.08.05 14:11:44.110,9.20796,9.20974,1.00,1.88
2014.08.05 14:12:50.581,9.20796,9.20966,1.00,1.00
2014.08.05 14:12:50.733,9.20757,9.20934,1.00,1.88
2014.08.05 14:12:50.885,9.20757,9.20905,1.00,1.88
2014.08.05 14:12:50.936,9.20752,9.20905,1.00,1.88
2014.08.05 14:12:51.037,9.20785,9.20905,1.00,1.88
2014.08.05 14:12:51.190,9.20785,9.20929,1.00,1.00
2014.08.05 14:12:51.291,9.20786,9.20934,1.00,1.88
2014.08.05 14:12:51.847,9.20786,9.20914,1.00,1.00
2014.08.05 14:12:54.374,9.20786,9.20904,1.00,1.00
2014.08.05 14:13:09.155,9.20786,9.20914,1.00,1.00
2014.08.05 14:13:21.425,9.20754,9.20914,1.00,1.00
2014.08.05 14:13:21.681,9.20754,9.20894,1.00,1.00
2014.08.05 14:13:21.732,9.2075,9.20894,1.00,1.00
2014.08.05 14:13:21.887,9.2075,9.20904,1.00,1.88
2014.08.05 14:13:21.938,9.2075,9.20934,1.00,2.63
2014.08.05 14:13:21.989,9.20752,9.20934,1.00,2.63
2014.08.05 14:13:42.128,9.20753,9.20934,1.00,2.63
2014.08.05 14:13:51.454,9.20755,9.20934,1.00,1.88
2014.08.05 14:13:54.128,9.20756,9.20934,1.00,1.88
2014.08.05 14:13:57.072,9.20755,9.20934,1.00,1.88
2014.08.05 14:13:58.462,9.20755,9.20935,1.00,1.88
2014.08.05 14:13:59.593,9.20756,9.20935,1.00,1.88
2014.08.05 14:14:05.741,9.20755,9.20935,1.00,1.88
2014.08.05 14:14:06.282,9.20756,9.20935,1.00,1.88
2014.08.05 14:14:10.134,9.20756,9.20934,1.00,1.50
2014.08.05 14:14:10.888,9.20755,9.20934,1.00,1.50
2014.08.05 14:14:11.192,9.20758,9.20935,1.00,1.88
2014.08.05 14:14:11.782,9.20758,9.20934,1.00,1.50
2014.08.05 14:14:12.220,9.20751,9.20934,1.00,1.50
2014.08.05 14:14:12.271,9.20756,9.20934,1.00,1.50
2014.08.05 14:14:12.819,9.20755,9.20934,1.00,1.88
2014.08.05 14:14:12.925,9.20751,9.20934,1.00,1.88
2014.08.05 14:14:13.392,9.20759,9.20934,1.00,1.88
2014.08.05 14:14:14.529,9.20755,9.20934,1.00,1.88
2014.08.05 14:14:14.962,9.20763,9.20935,1.00,1.50
2014.08.05 14:14:15.849,9.20754,9.20935,1.00,1.50
2014.08.05 14:14:17.592,9.20754,9.20934,1.00,1.88
2014.08.05 14:14:28.055,9.20756,9.20934,1.00,1.88
2014.08.05 14:14:30.107,9.20764,9.20934,1.00,1.50
2014.08.05 14:14:30.309,9.20756,9.20934,1.00,1.50
2014.08.05 14:14:30.634,9.20764,9.20934,1.00,1.50
2014.08.05 14:14:31.519,9.20756,9.20934,1.00,1.88
2014.08.05 14:14:32.294,9.20764,9.20934,1.00,1.88
2014.08.05 14:14:32.770,9.20756,9.20934,1.00,1.88
2014.08.05 14:14:33.030,9.20772,9.20934,1.00,1.88
2014.08.05 14:14:33.131,9.20759,9.20934,1.00,1.88
2014.08.05 14:14:33.300,9.20764,9.20934,1.00,1.88
2014.08.05 14:14:33.503,9.20756,9.20934,1.00,1.50
2014.08.05 14:14:34.644,9.20752,9.20934,1.00,1.50
2014.08.05 14:14:35.664,9.20757,9.20934,1.00,1.88
2014.08.05 14:14:36.192,9.20758,9.20934,1.00,1.50
2014.08.05 14:14:36.663,9.20751,9.20934,1.00,1.50
2014.08.05 14:14:36.815,9.2076,9.20934,1.00,1.50
2014.08.05 14:14:38.322,9.20773,9.20934,1.00,1.88
2014.08.05 14:14:38.625,9.20776,9.20934,1.00,1.88
2014.08.05 14:14:41.061,9.20786,9.20934,1.00,1.88
2014.08.05 14:14:41.233,9.20776,9.20934,1.00,1.88
2014.08.05 14:14:42.032,9.2078,9.20934,1.00,1.88
2014.08.05 14:14:42.234,9.20796,9.20954,1.00,1.88
2014.08.05 14:14:43.345,9.20796,9.20955,1.00,1.88
2014.08.05 14:14:56.047,9.20796,9.20954,1.00,1.50
2014.08.05 14:15:00.646,9.20797,9.20954,1.00,1.50
2014.08.05 14:15:00.696,9.20826,9.20954,1.00,1.50
2014.08.05 14:15:00.823,9.20826,9.20987,1.00,1.00
2014.08.05 14:15:00.926,9.20856,9.20984,1.00,1.00
2014.08.05 14:15:13.881,9.20856,9.20975,1.00,1.88
2014.08.05 14:15:13.932,9.20846,9.20975,1.00,1.88
2014.08.05 14:15:13.983,9.20846,9.20944,1.00,1.88
2014.08.05 14:15:15.339,9.20846,9.20945,1.00,1.50
2014.08.05 14:15:17.203,9.20846,9.20944,1.00,1.88
2014.08.05 14:15:21.070,9.20856,9.20944,1.00,1.88
2014.08.05 14:15:43.507,9.20856,9.20945,1.00,1.88
2014.08.05 14:15:53.936,9.20856,9.20944,1.00,1.50
2014.08.05 14:16:01.127,9.20846,9.20944,1.00,1.88
2014.08.05 14:16:08.822,9.20846,9.20945,1.00,1.50
2014.08.05 14:16:09.817,9.20846,9.20944,1.00,1.88
2014.08.05 14:16:26.634,9.20836,9.20944,1.00,1.88
2014.08.05 14:16:30.348,9.20826,9.20944,1.00,1.88
2014.08.05 14:17:08.498,9.20846,9.20944,1.00,1.88
2014.08.05 14:17:15.060,9.20836,9.20944,1.00,1.88
2014.08.05 14:17:30.435,9.20836,9.20976,1.00,1.00
2014.08.05 14:17:30.536,9.20836,9.20984,1.00,1.00
2014.08.05 14:17:30.586,9.20846,9.20984,1.00,1.00
2014.08.05 14:17:31.041,9.20846,9.20993,1.00,1.00
2014.08.05 14:17:34.993,9.20846,9.20983,1.00,1.00
2014.08.05 14:17:35.424,9.20846,9.20993,1.00,1.00
2014.08.05 14:17:35.626,9.20846,9.20983,1.00,1.00
2014.08.05 14:17:35.886,9.20846,9.20992,1.00,1.00
2014.08.05 14:17:37.941,9.20846,9.20998,1.00,1.00
2014.08.05 14:17:38.708,9.20846,9.20991,1.00,1.00
2014.08.05 14:17:40.372,9.20836,9.20991,1.00,1.00
2014.08.05 14:17:41.378,9.20836,9.20995,1.00,1.00
2014.08.05 14:17:41.581,9.20836,9.20993,1.00,1.00
2014.08.05 14:17:43.225,9.20836,9.2098,1.00,1.00
2014.08.05 14:17:43.434,9.20836,9.2099,1.00,1.00
2014.08.05 14:17:44.761,9.20836,9.20989,1.00,1.00
2014.08.05 14:17:45.763,9.20836,9.20995,1.00,1.00
2014.08.05 14:17:45.865,9.20836,9.20985,1.00,1.00
2014.08.05 14:17:46.628,9.20836,9.20994,1.00,1.00
2014.08.05 14:17:46.830,9.20836,9.20984,1.00,1.00
2014.08.05 14:17:47.615,9.20836,9.20993,1.00,1.00
2014.08.05 14:17:49.250,9.20836,9.20984,1.00,1.00
2014.08.05 14:17:50.000,9.20836,9.20993,1.00,1.00
2014.08.05 14:17:52.318,9.20836,9.20984,1.00,1.00
2014.08.05 14:17:52.520,9.20836,9.20994,1.00,1.00
2014.08.05 14:17:52.865,9.20836,9.20985,1.00,1.00
2014.08.05 14:17:53.086,9.20836,9.20994,1.00,1.00
2014.08.05 14:17:54.094,9.20836,9.20985,1.00,1.00
2014.08.05 14:17:54.299,9.20836,9.20994,1.00,1.00
2014.08.05 14:17:58.841,9.20836,9.20993,1.00,1.00
2014.08.05 14:17:59.162,9.20836,9.20984,1.00,1.00
2014.08.05 14:17:59.626,9.20836,9.20993,1.00,1.00
2014.08.05 14:17:59.929,9.20836,9.20991,1.00,1.00
2014.08.05 14:18:01.694,9.20836,9.20982,1.00,1.00
2014.08.05 14:18:01.800,9.20836,9.20992,1.00,1.00
2014.08.05 14:18:04.207,9.20836,9.20994,1.00,1.00
2014.08.05 14:18:04.425,9.20836,9.20992,1.00,1.00
2014.08.05 14:18:07.906,9.20846,9.20992,1.00,1.00
2014.08.05 14:18:08.215,9.20866,9.21011,1.00,1.00
2014.08.05 14:18:08.266,9.20866,9.21025,1.00,1.00
2014.08.05 14:18:08.317,9.20876,9.21025,1.00,1.00
2014.08.05 14:18:08.570,9.20876,9.21045,1.00,1.00
2014.08.05 14:18:08.671,9.20866,9.21052,1.00,1.00
2014.08.05 14:18:09.397,9.20866,9.21041,1.00,1.00
2014.08.05 14:18:09.701,9.20876,9.21041,1.00,1.00
2014.08.05 14:18:09.969,9.2089,9.21057,1.00,1.00
2014.08.05 14:18:10.071,9.20904,9.21057,1.00,1.00
2014.08.05 14:18:10.179,9.20893,9.21057,1.00,1.00
2014.08.05 14:18:10.407,9.20898,9.21057,1.00,1.00
2014.08.05 14:18:10.711,9.20898,9.21065,1.00,1.50
2014.08.05 14:18:10.812,9.20876,9.21065,1.00,1.50
2014.08.05 14:18:10.863,9.20887,9.21068,1.00,1.00
2014.08.05 14:18:11.401,9.20886,9.21068,1.00,1.00
2014.08.05 14:18:11.852,9.20895,9.21068,1.00,1.00
2014.08.05 14:18:12.004,9.20895,9.21071,1.00,1.00
2014.08.05 14:18:14.374,9.20904,9.21071,1.00,1.00
2014.08.05 14:18:14.475,9.20895,9.21071,1.00,1.00
2014.08.05 14:18:15.309,9.20895,9.21069,1.00,1.00
2014.08.05 14:18:15.898,9.20896,9.21069,1.00,1.00
2014.08.05 14:18:16.410,9.20895,9.21071,1.00,1.00
2014.08.05 14:18:17.026,9.20896,9.21071,1.00,1.00
2014.08.05 14:18:17.539,9.20895,9.21071,1.00,1.00
2014.08.05 14:18:17.590,9.20908,9.21071,1.00,1.00
2014.08.05 14:18:17.893,9.20926,9.21079,1.00,1.00
2014.08.05 14:18:18.096,9.20926,9.21087,1.00,1.00
2014.08.05 14:18:18.380,9.20925,9.21098,1.00,1.00
2014.08.05 14:18:18.638,9.20946,9.21098,1.00,1.00
2014.08.05 14:18:18.739,9.20946,9.21112,1.00,1.00
2014.08.05 14:18:18.893,9.20936,9.21112,1.00,1.00
2014.08.05 14:18:19.653,9.20946,9.21112,1.00,1.00
2014.08.05 14:18:19.805,9.20946,9.21127,1.00,1.00
2014.08.05 14:18:19.855,9.20976,9.21127,1.00,1.00
2014.08.05 14:18:19.957,9.20976,9.21131,1.00,1.00
2014.08.05 14:18:20.109,9.20956,9.21131,1.00,1.00
2014.08.05 14:18:20.642,9.20965,9.21131,1.00,1.00
2014.08.05 14:18:21.106,9.20956,9.21131,1.00,1.00
2014.08.05 14:18:21.522,9.20956,9.21145,1.00,1.00
2014.08.05 14:18:22.028,9.20955,9.21145,1.00,1.00
2014.08.05 14:18:22.636,9.20976,9.21145,1.00,1.00
2014.08.05 14:18:23.383,9.20971,9.21145,1.00,1.00
2014.08.05 14:18:23.636,9.20976,9.21145,1.00,1.00
2014.08.05 14:18:24.441,9.20976,9.21142,1.00,1.00
2014.08.05 14:18:24.601,9.2096,9.21142,1.00,1.00
2014.08.05 14:18:24.651,9.2096,9.2113,1.00,1.00
2014.08.05 14:18:24.702,9.20951,9.21129,1.00,1.00
2014.08.05 14:18:24.854,9.20928,9.21121,1.00,1.00
2014.08.05 14:18:25.551,9.20928,9.21109,1.00,1.00
2014.08.05 14:18:25.854,9.20926,9.21099,1.00,1.00
2014.08.05 14:18:26.616,9.20926,9.2109,1.00,1.00
2014.08.05 14:18:26.981,9.20926,9.21086,1.00,1.00
2014.08.05 14:18:27.285,9.20936,9.21086,1.00,1.00
2014.08.05 14:18:27.335,9.20916,9.21086,1.00,1.00
2014.08.05 14:18:27.898,9.20911,9.21086,1.00,1.00
2014.08.05 14:18:28.152,9.20911,9.21074,1.00,1.00
2014.08.05 14:18:28.461,9.20911,9.21071,1.00,1.00
2014.08.05 14:18:28.772,9.20916,9.21071,1.00,1.00
2014.08.05 14:18:28.873,9.20911,9.21071,1.00,1.00
2014.08.05 14:18:28.924,9.20906,9.21071,1.00,1.00
2014.08.05 14:18:29.131,9.20891,9.21071,1.00,1.00
2014.08.05 14:18:29.182,9.20891,9.21062,1.00,1.00
2014.08.05 14:18:29.233,9.20883,9.21062,1.00,1.00
2014.08.05 14:18:29.334,9.20896,9.21024,1.00,1.88
2014.08.05 14:18:29.436,9.20896,9.21034,1.00,1.88
2014.08.05 14:18:29.638,9.2087,9.20964,1.00,1.88
2014.08.05 14:18:29.690,9.20857,9.20964,1.00,1.88
2014.08.05 14:18:29.791,9.20855,9.20964,1.00,1.88
2014.08.05 14:18:30.341,9.20835,9.20964,1.00,1.88
2014.08.05 14:18:30.442,9.20835,9.20954,1.00,1.88
2014.08.05 14:18:38.899,9.20835,9.21,1.00,1.50
2014.08.05 14:18:52.210,9.20865,9.21,1.00,1.00
2014.08.05 14:19:02.543,9.20865,9.20999,1.00,1.00
2014.08.05 14:19:03.059,9.20865,9.21,1.00,1.00
2014.08.05 14:19:18.929,9.20876,9.21,1.00,1.00
2014.08.05 14:19:23.131,9.20876,9.20997,1.00,1.00
2014.08.05 14:19:24.519,9.20876,9.21,1.00,1.00
2014.08.05 14:19:25.033,9.20876,9.20999,1.00,1.00
2014.08.05 14:19:25.084,9.20876,9.20997,1.00,1.00
2014.08.05 14:19:26.266,9.20876,9.20999,1.00,1.00
2014.08.05 14:19:26.838,9.20876,9.20996,1.00,1.00
2014.08.05 14:19:27.141,9.20876,9.20999,1.00,1.00
2014.08.05 14:19:27.718,9.20876,9.20998,1.00,1.00
2014.08.05 14:19:30.216,9.20876,9.21,1.00,1.00
2014.08.05 14:19:31.857,9.20876,9.21007,1.00,1.00
2014.08.05 14:19:34.184,9.20876,9.20998,1.00,1.00
2014.08.05 14:19:34.387,9.20876,9.21007,1.00,1.00
2014.08.05 14:19:34.489,9.20876,9.20996,1.00,1.00
2014.08.05 14:19:34.590,9.20876,9.21007,1.00,1.00
2014.08.05 14:19:35.254,9.20876,9.20998,1.00,1.00
2014.08.05 14:19:35.479,9.20876,9.21007,1.00,1.00
2014.08.05 14:19:37.684,9.20876,9.20997,1.00,1.00
2014.08.05 14:19:37.786,9.20876,9.21006,1.00,1.00
2014.08.05 14:19:37.887,9.20876,9.20998,1.00,1.00
2014.08.05 14:19:38.191,9.20876,9.20996,1.00,1.00
2014.08.05 14:19:39.238,9.20876,9.20998,1.00,1.00
2014.08.05 14:19:40.311,9.20876,9.20997,1.00,1.00
2014.08.05 14:19:41.307,9.20876,9.21007,1.00,1.00
2014.08.05 14:19:41.933,9.20876,9.20998,1.00,1.00
2014.08.05 14:19:42.293,9.20876,9.21007,1.00,1.00
2014.08.05 14:19:42.394,9.20876,9.20997,1.00,1.50
2014.08.05 14:19:43.382,9.20876,9.21008,1.00,1.00
2014.08.05 14:19:47.013,9.20876,9.20999,1.00,1.00
2014.08.05 14:19:47.075,9.20876,9.21008,1.00,1.00
2014.08.05 14:19:48.073,9.20876,9.20999,1.00,1.00
2014.08.05 14:19:48.331,9.20876,9.21008,1.00,1.00
2014.08.05 14:19:53.154,9.20876,9.20999,1.00,1.00
2014.08.05 14:19:53.659,9.20876,9.20996,1.00,1.00
2014.08.05 14:19:54.341,9.20876,9.20999,1.00,1.00
2014.08.05 14:19:54.493,9.20876,9.21008,1.00,1.00
2014.08.05 14:19:54.695,9.20876,9.20999,1.00,1.00
2014.08.05 14:19:55.344,9.20876,9.21008,1.00,1.00
2014.08.05 14:19:55.496,9.20876,9.20999,1.00,1.00
2014.08.05 14:19:55.816,9.20876,9.20997,1.00,1.00
2014.08.05 14:19:56.018,9.20876,9.20999,1.00,1.00
2014.08.05 14:19:56.227,9.20876,9.20995,1.00,1.00
2014.08.05 14:19:56.488,9.20876,9.20999,1.00,1.00
2014.08.05 14:19:58.877,9.20875,9.20999,1.00,1.50
2014.08.05 14:20:01.537,9.20875,9.20995,1.00,1.00
2014.08.05 14:20:06.716,9.20875,9.20999,1.00,1.50
2014.08.05 14:20:07.806,9.20875,9.21008,1.00,1.00
2014.08.05 14:20:08.554,9.20875,9.20999,1.00,1.00
2014.08.05 14:20:08.756,9.20875,9.21009,1.00,1.00
2014.08.05 14:20:09.219,9.20875,9.20999,1.00,1.00
2014.08.05 14:20:09.423,9.20875,9.2101,1.00,1.00
2014.08.05 14:20:09.838,9.20875,9.21001,1.00,1.00
2014.08.05 14:20:10.155,9.20875,9.20999,1.00,1.00
2014.08.05 14:20:15.459,9.20875,9.21004,1.00,1.00
2014.08.05 14:20:16.089,9.20875,9.20999,1.00,1.00
2014.08.05 14:20:16.853,9.20886,9.20999,1.00,1.00
2014.08.05 14:20:17.157,9.20886,9.20983,1.00,1.00
2014.08.05 14:20:17.588,9.20886,9.20999,1.00,1.00
2014.08.05 14:20:17.955,9.20886,9.21012,1.00,1.00
2014.08.05 14:20:18.158,9.20886,9.21015,1.00,2.63
2014.08.05 14:20:20.258,9.20886,9.21007,1.00,1.00
2014.08.05 14:20:20.360,9.20886,9.21015,1.00,1.88
2014.08.05 14:20:48.116,9.20906,9.21029,1.00,1.00
2014.08.05 14:20:48.218,9.20906,9.21041,1.00,1.00
2014.08.05 14:20:48.319,9.20906,9.21059,1.00,1.00
2014.08.05 14:20:48.420,9.20916,9.21089,1.00,1.00
2014.08.05 14:20:48.521,9.20919,9.21104,1.00,1.50
2014.08.05 14:20:48.727,9.20919,9.21107,1.00,1.00
2014.08.05 14:20:49.000,9.20919,9.21119,1.00,1.00
2014.08.05 14:20:49.050,9.20925,9.21119,1.00,1.00
2014.08.05 14:20:49.873,9.20946,9.21119,1.00,1.00
2014.08.05 14:20:49.975,9.20946,9.21124,1.00,1.88
2014.08.05 14:20:50.076,9.20926,9.21124,1.50,1.88
2014.08.05 14:20:50.127,9.2093,9.21124,1.00,1.88
2014.08.05 14:20:50.430,9.2093,9.21109,1.00,1.00
2014.08.05 14:20:50.481,9.20926,9.21109,1.50,1.00
2014.08.05 14:20:50.741,9.2093,9.21109,1.00,1.00
2014.08.05 14:20:50.943,9.2093,9.21133,1.00,1.00
2014.08.05 14:20:51.044,9.20934,9.21114,1.00,1.00
2014.08.05 14:20:51.605,9.20936,9.21114,1.00,1.00
2014.08.05 14:20:51.913,9.20956,9.21134,1.00,1.00
2014.08.05 14:20:52.014,9.20956,9.21142,1.00,1.00
2014.08.05 14:20:52.065,9.20956,9.21154,1.00,1.50
2014.08.05 14:20:52.116,9.20977,9.21154,1.00,1.50
2014.08.05 14:20:52.442,9.20976,9.21163,1.00,1.50
2014.08.05 14:20:52.543,9.20959,9.21163,1.00,1.50
2014.08.05 14:20:52.805,9.20955,9.21163,1.50,1.50
2014.08.05 14:20:53.011,9.20966,9.21163,1.00,1.00
2014.08.05 14:20:53.314,9.20977,9.21163,1.00,1.00
2014.08.05 14:20:53.567,9.2097,9.21163,1.00,1.00
2014.08.05 14:20:53.982,9.20968,9.21163,1.00,1.00
2014.08.05 14:20:54.134,9.20977,9.21163,1.00,1.00
2014.08.05 14:20:55.228,9.20967,9.21149,1.00,1.00
2014.08.05 14:20:56.363,9.20976,9.21149,1.00,1.00
2014.08.05 14:20:56.706,9.20979,9.21149,1.00,1.00
2014.08.05 14:20:57.843,9.20979,9.21174,1.00,1.88
2014.08.05 14:20:57.894,9.20979,9.21177,1.00,1.00
2014.08.05 14:20:57.945,9.20989,9.2118,1.00,1.00
2014.08.05 14:20:58.198,9.21007,9.21203,1.00,1.00
2014.08.05 14:20:59.046,9.21017,9.21203,1.00,1.00
2014.08.05 14:20:59.607,9.21017,9.21204,1.00,1.50
2014.08.05 14:20:59.910,9.21017,9.21199,1.00,1.00
2014.08.05 14:21:00.393,9.21008,9.21199,1.00,1.00
2014.08.05 14:21:03.826,9.21026,9.21199,1.13,1.00
2014.08.05 14:21:03.877,9.21026,9.21204,1.13,1.50
2014.08.05 14:21:03.978,9.21026,9.21211,1.13,1.00
2014.08.05 14:21:04.029,9.21026,9.21228,1.13,1.00
2014.08.05 14:21:04.080,9.21032,9.21228,1.00,1.00
2014.08.05 14:21:04.131,9.21042,9.2124,1.00,1.00
2014.08.05 14:21:04.270,9.21047,9.21245,1.00,1.00
2014.08.05 14:21:13.172,9.21047,9.21243,1.00,1.00
2014.08.05 14:21:19.079,9.21043,9.21243,1.00,1.00
2014.08.05 14:21:19.417,9.21038,9.21243,1.00,1.00
2014.08.05 14:21:19.819,9.21038,9.21243,1.75,1.00
2014.08.05 14:21:20.122,9.21106,9.21259,1.88,1.00
2014.08.05 14:21:20.173,9.21106,9.21279,1.88,1.00
2014.08.05 14:21:20.274,9.21106,9.2129,1.88,1.00
2014.08.05 14:21:20.376,9.21106,9.21303,2.63,1.00
2014.08.05 14:21:20.427,9.21126,9.21303,1.88,1.00
2014.08.05 14:21:20.528,9.21126,9.21305,1.88,1.00
2014.08.05 14:21:20.780,9.21126,9.21322,1.88,1.00
2014.08.05 14:21:20.831,9.21128,9.21322,1.00,1.00
2014.08.05 14:21:21.500,9.21128,9.2132,1.00,1.00
2014.08.05 14:21:21.813,9.21136,9.21322,1.00,1.00
2014.08.05 14:21:22.020,9.21136,9.21338,1.00,1.00
2014.08.05 14:21:22.618,9.21136,9.21325,1.00,1.00
2014.08.05 14:21:23.044,9.21136,9.21338,1.00,1.00
2014.08.05 14:21:23.145,9.21146,9.21338,1.00,1.00
2014.08.05 14:21:24.668,9.21146,9.21328,1.00,1.00
2014.08.05 14:21:24.819,9.21155,9.21338,1.00,1.00
2014.08.05 14:21:25.123,9.21216,9.21338,1.00,1.00
2014.08.05 14:21:25.224,9.21216,9.2135,1.00,1.00
2014.08.05 14:21:26.318,9.21236,9.2135,1.00,1.00
2014.08.05 14:21:26.419,9.21236,9.21362,1.00,1.00
2014.08.05 14:21:30.080,9.21175,9.21362,1.00,1.00
2014.08.05 14:21:30.130,9.21186,9.21362,1.13,1.00
2014.08.05 14:21:30.433,9.21199,9.21362,1.00,1.00
2014.08.05 14:21:30.787,9.21214,9.21362,1.00,1.00
2014.08.05 14:21:30.896,9.21214,9.21394,1.00,1.88
2014.08.05 14:21:30.997,9.21214,9.21404,1.00,1.00
2014.08.05 14:21:31.313,9.21296,9.21404,1.00,1.00
2014.08.05 14:21:31.619,9.21296,9.21395,1.00,1.00
2014.08.05 14:21:31.670,9.21296,9.21404,1.00,1.00
2014.08.05 14:21:37.437,9.21296,9.21397,1.00,1.00
2014.08.05 14:21:37.538,9.21296,9.21404,1.00,1.00
2014.08.05 14:21:37.690,9.21296,9.21378,1.00,1.00
2014.08.05 14:21:37.791,9.21296,9.21395,1.00,1.00
2014.08.05 14:21:38.202,9.21296,9.21404,1.00,1.00
2014.08.05 14:21:40.422,9.21296,9.21399,1.00,1.00
2014.08.05 14:21:40.523,9.21296,9.21404,1.00,1.00
2014.08.05 14:21:40.625,9.21296,9.21401,1.00,1.00
2014.08.05 14:21:41.405,9.21296,9.21414,1.00,1.00
2014.08.05 14:21:41.614,9.21296,9.21406,1.00,1.00
2014.08.05 14:21:41.715,9.21296,9.21409,1.00,1.00
2014.08.05 14:21:41.867,9.21296,9.21414,1.00,1.00
2014.08.05 14:21:41.969,9.21235,9.21414,1.00,1.00
2014.08.05 14:21:42.182,9.21291,9.21414,1.00,1.00
2014.08.05 14:21:43.129,9.21291,9.21404,1.00,1.00
2014.08.05 14:21:43.179,9.21237,9.21404,1.00,1.00
2014.08.05 14:21:43.331,9.21237,9.21415,1.00,1.00
2014.08.05 14:21:43.382,9.21246,9.21415,1.00,1.00
2014.08.05 14:21:43.656,9.21246,9.21422,1.00,1.00
2014.08.05 14:21:43.926,9.21301,9.21424,1.00,1.00
2014.08.05 14:21:53.098,9.21301,9.21434,1.00,1.00
2014.08.05 14:21:53.887,9.21301,9.21444,1.00,1.00
2014.08.05 14:21:58.686,9.21321,9.21444,1.00,1.00
2014.08.05 14:21:58.857,9.21321,9.21454,1.00,1.00
2014.08.05 14:22:10.608,9.21321,9.21464,1.00,2.63
2014.08.05 14:22:14.234,9.21321,9.2147,1.00,1.00
2014.08.05 14:22:15.128,9.21321,9.21468,1.00,1.00
2014.08.05 14:22:15.585,9.21321,9.2147,1.00,1.00
2014.08.05 14:22:15.695,9.21321,9.21467,1.00,1.00
2014.08.05 14:22:16.220,9.21321,9.2147,1.00,1.00
2014.08.05 14:22:16.325,9.21321,9.21466,1.00,1.00
2014.08.05 14:22:16.687,9.21321,9.2147,1.00,1.00
2014.08.05 14:22:16.895,9.21321,9.21467,1.00,1.00
2014.08.05 14:22:17.207,9.21321,9.2147,1.00,1.00
2014.08.05 14:22:17.535,9.21321,9.21465,1.00,1.00
2014.08.05 14:22:17.864,9.21321,9.2147,1.00,1.00
2014.08.05 14:22:18.118,9.21321,9.21467,1.00,1.00
2014.08.05 14:22:18.220,9.21321,9.2147,1.00,1.00
2014.08.05 14:22:18.436,9.21321,9.21466,1.00,1.00
2014.08.05 14:22:18.670,9.21321,9.2147,1.00,1.00
2014.08.05 14:22:22.223,9.21321,9.21465,1.00,1.00
2014.08.05 14:22:22.324,9.21321,9.2147,1.00,1.00
2014.08.05 14:22:22.425,9.213,9.21466,1.00,1.00
2014.08.05 14:22:22.729,9.213,9.21464,1.00,1.00
2014.08.05 14:22:22.881,9.21257,9.21454,1.50,1.00
2014.08.05 14:22:23.102,9.21259,9.21454,1.00,1.00
2014.08.05 14:22:23.305,9.21256,9.21454,1.00,1.50
2014.08.05 14:22:25.178,9.21301,9.21455,1.00,1.00
2014.08.05 14:22:25.936,9.21264,9.21455,1.00,1.00
2014.08.05 14:22:26.142,9.21261,9.21455,1.00,1.00
2014.08.05 14:22:26.252,9.21264,9.21455,1.00,1.00
2014.08.05 14:22:26.403,9.21261,9.21455,1.00,1.00
2014.08.05 14:22:27.733,9.21267,9.21455,1.00,1.00
2014.08.05 14:22:27.919,9.21261,9.21455,1.00,1.00
2014.08.05 14:22:28.224,9.21267,9.21455,1.00,1.00
2014.08.05 14:22:28.551,9.21261,9.21455,1.00,1.00
2014.08.05 14:22:37.731,9.21261,9.21458,1.00,1.00
2014.08.05 14:22:38.879,9.21261,9.21454,1.00,1.00
2014.08.05 14:22:39.189,9.21261,9.21445,1.00,1.00
2014.08.05 14:22:39.666,9.21261,9.21404,1.00,1.88
2014.08.05 14:22:39.717,9.21235,9.21404,1.00,1.88
2014.08.05 14:22:39.818,9.21226,9.21404,1.50,1.88
2014.08.05 14:22:40.926,9.2121,9.21404,1.00,1.88
2014.08.05 14:22:41.155,9.2121,9.21401,1.00,1.00
2014.08.05 14:22:41.206,9.21199,9.21401,1.00,1.00
2014.08.05 14:22:41.816,9.21199,9.21379,1.00,1.00
2014.08.05 14:22:42.291,9.21193,9.21379,1.00,1.00
2014.08.05 14:22:43.121,9.21193,9.21374,1.00,1.88
2014.08.05 14:22:43.425,9.21167,9.21359,1.00,1.00
2014.08.05 14:22:44.283,9.21166,9.21359,1.50,1.00
2014.08.05 14:22:44.435,9.21166,9.2135,1.50,1.00
2014.08.05 14:22:44.741,9.21166,9.21334,1.50,1.88
2014.08.05 14:22:44.842,9.2114,9.21334,1.00,1.88
2014.08.05 14:22:45.768,9.2114,9.21314,1.00,1.00
2014.08.05 14:22:45.819,9.21127,9.21314,1.00,1.00
2014.08.05 14:22:45.920,9.21127,9.21325,1.00,1.00
2014.08.05 14:22:46.021,9.21117,9.21324,1.50,1.88
2014.08.05 14:22:46.284,9.21117,9.21304,1.50,1.00
2014.08.05 14:22:46.876,9.21117,9.21324,1.50,1.88
2014.08.05 14:22:46.926,9.21117,9.21324,1.88,1.88
2014.08.05 14:22:47.179,9.21149,9.21354,1.00,1.00
2014.08.05 14:22:47.381,9.21149,9.21344,1.00,1.00
2014.08.05 14:22:48.095,9.21163,9.21344,1.00,1.00
2014.08.05 14:22:48.919,9.21154,9.21344,1.00,1.00
2014.08.05 14:22:49.021,9.21163,9.21344,1.00,1.00
2014.08.05 14:22:49.802,9.21154,9.21344,1.00,1.00
2014.08.05 14:22:49.954,9.21154,9.21352,1.00,1.00
2014.08.05 14:22:50.459,9.21154,9.21351,1.00,1.00
2014.08.05 14:22:50.690,9.21165,9.21344,1.00,1.00
2014.08.05 14:22:51.786,9.21153,9.21343,1.00,1.00
2014.08.05 14:22:51.938,9.21153,9.21341,1.00,1.00
2014.08.05 14:22:52.152,9.21153,9.21354,1.00,1.13
2014.08.05 14:22:52.253,9.21153,9.21343,1.00,1.00
2014.08.05 14:22:54.988,9.21153,9.21357,1.00,1.38
2014.08.05 14:22:55.670,9.21153,9.21341,1.00,1.00
2014.08.05 14:22:57.101,9.21153,9.21354,1.00,1.13
2014.08.05 14:22:58.971,9.2115,9.2134,1.00,1.00
2014.08.05 14:22:59.111,9.21146,9.2134,1.00,1.00
2014.08.05 14:22:59.216,9.21153,9.2134,1.00,1.00
2014.08.05 14:22:59.538,9.21146,9.2134,1.00,1.00
2014.08.05 14:23:03.984,9.21137,9.2134,1.00,1.00
2014.08.05 14:23:04.291,9.21137,9.21331,1.00,1.00
2014.08.05 14:23:07.166,9.21137,9.2134,1.00,1.50
2014.08.05 14:23:07.368,9.21137,9.21331,1.00,1.00
2014.08.05 14:23:08.375,9.21137,9.2134,1.00,1.50
2014.08.05 14:23:08.592,9.21137,9.21331,1.00,1.00
2014.08.05 14:23:08.989,9.21123,9.21331,1.50,1.00
2014.08.05 14:23:11.630,9.21132,9.21333,1.00,1.00
2014.08.05 14:23:12.569,9.21137,9.2134,1.00,1.50
2014.08.05 14:23:15.865,9.21137,9.21331,1.00,1.00
2014.08.05 14:23:15.916,9.21125,9.21331,1.00,1.00
2014.08.05 14:23:16.913,9.21132,9.21333,1.00,1.00
2014.08.05 14:23:18.829,9.21125,9.21331,1.00,1.00
2014.08.05 14:23:19.546,9.21123,9.21309,1.00,1.00
2014.08.05 14:23:19.647,9.21112,9.21304,1.00,1.00
2014.08.05 14:23:19.748,9.21104,9.21304,1.00,1.00
2014.08.05 14:23:19.849,9.21097,9.21298,1.00,1.00
2014.08.05 14:23:20.409,9.21097,9.21296,1.00,1.00
2014.08.05 14:23:20.713,9.21097,9.21298,1.00,1.00
2014.08.05 14:23:20.814,9.21101,9.21304,1.00,1.00
2014.08.05 14:23:21.167,9.21101,9.21293,1.00,1.00
2014.08.05 14:23:21.778,9.21097,9.21293,1.00,1.00
2014.08.05 14:23:21.829,9.21097,9.21281,1.00,1.00
2014.08.05 14:23:22.031,9.21097,9.21293,1.00,1.00
2014.08.05 14:23:23.016,9.21097,9.2129,1.00,1.00
2014.08.05 14:23:23.067,9.21083,9.2129,1.00,1.00
2014.08.05 14:23:24.301,9.21083,9.2128,1.00,1.00
2014.08.05 14:23:24.819,9.21083,9.21278,1.00,1.00
2014.08.05 14:23:25.021,9.21083,9.2128,1.00,1.00
2014.08.05 14:23:25.537,9.21083,9.2129,1.00,1.00
2014.08.05 14:23:29.006,9.21083,9.21278,1.00,1.00
2014.08.05 14:23:29.208,9.21083,9.2129,1.00,1.00
2014.08.05 14:23:29.309,9.21083,9.21281,1.00,1.00
2014.08.05 14:23:29.501,9.21073,9.21279,1.00,1.00
2014.08.05 14:23:29.754,9.21082,9.21279,1.00,1.00
2014.08.05 14:23:31.286,9.21073,9.21279,1.00,1.00
2014.08.05 14:23:34.538,9.21073,9.21281,1.00,1.50
2014.08.05 14:23:42.614,9.21082,9.21288,1.00,1.00
2014.08.05 14:23:42.921,9.21085,9.21288,1.00,1.00
2014.08.05 14:23:44.156,9.21082,9.21288,1.00,1.00
2014.08.05 14:23:44.620,9.21088,9.21288,1.00,1.00
2014.08.05 14:23:45.485,9.21088,9.21286,1.00,1.00
2014.08.05 14:23:45.801,9.21088,9.2128,1.00,1.00
2014.08.05 14:23:46.341,9.21078,9.2128,1.00,1.00
2014.08.05 14:23:46.543,9.21082,9.21286,1.00,1.00
2014.08.05 14:23:46.796,9.21085,9.21286,1.00,1.00
2014.08.05 14:23:47.285,9.21085,9.21282,1.00,1.00
2014.08.05 14:23:49.021,9.21082,9.21282,1.00,1.00
2014.08.05 14:23:49.760,9.21078,9.21282,1.00,1.00
2014.08.05 14:23:51.314,9.21073,9.21282,1.00,1.00
2014.08.05 14:23:52.502,9.21072,9.21282,2.25,1.00
2014.08.05 14:23:55.777,9.21071,9.21268,1.00,1.00
2014.08.05 14:23:55.828,9.21063,9.21268,1.00,1.00
2014.08.05 14:23:56.755,9.21069,9.21271,1.00,1.00
2014.08.05 14:24:01.081,9.21069,9.21268,1.00,1.00
2014.08.05 14:24:01.440,9.21073,9.21267,1.00,1.00
2014.08.05 14:24:01.642,9.21059,9.21267,1.00,1.00
2014.08.05 14:24:01.996,9.21066,9.21267,1.00,1.00
2014.08.05 14:24:02.097,9.21059,9.21267,1.00,1.00
2014.08.05 14:24:02.303,9.21063,9.21256,1.00,1.00
2014.08.05 14:24:02.614,9.21076,9.21254,1.00,1.00
2014.08.05 14:24:02.665,9.21065,9.21254,1.00,1.00
2014.08.05 14:24:02.968,9.21056,9.21254,1.50,1.00
2014.08.05 14:24:03.069,9.21063,9.21254,1.00,1.00
2014.08.05 14:24:03.278,9.21056,9.21254,1.50,1.00
2014.08.05 14:24:04.926,9.21056,9.21247,1.50,1.00
2014.08.05 14:24:06.022,9.21056,9.21233,1.50,1.00
2014.08.05 14:24:06.449,9.21056,9.21242,1.50,1.00
2014.08.05 14:24:06.651,9.21056,9.21239,1.50,1.00
2014.08.05 14:24:07.759,9.21056,9.21231,1.50,1.00
2014.08.05 14:24:07.809,9.21034,9.21231,1.00,1.00
2014.08.05 14:24:08.380,9.21038,9.21231,1.00,1.00
2014.08.05 14:24:08.533,9.21024,9.21221,1.00,1.00
2014.08.05 14:24:09.011,9.21019,9.21221,1.00,1.00
2014.08.05 14:24:10.718,9.21009,9.21211,1.00,1.00
2014.08.05 14:24:10.876,9.21006,9.21211,2.25,1.00
2014.08.05 14:24:12.011,9.21006,9.21199,2.25,1.00
2014.08.05 14:24:14.238,9.21015,9.21199,1.00,1.00
2014.08.05 14:24:14.877,9.21018,9.21199,1.00,1.00
2014.08.05 14:24:16.540,9.21018,9.21199,1.38,1.00
2014.08.05 14:24:16.641,9.21018,9.21223,1.38,1.50
2014.08.05 14:24:16.742,9.2103,9.21223,1.00,1.00
2014.08.05 14:24:16.843,9.2103,9.21236,1.00,1.00
2014.08.05 14:24:16.945,9.21038,9.21238,1.50,1.00
2014.08.05 14:24:17.247,9.21047,9.2125,1.00,1.00
2014.08.05 14:24:17.474,9.21061,9.21255,1.00,1.00
2014.08.05 14:24:17.827,9.21061,9.21265,1.00,1.50
2014.08.05 14:24:18.144,9.21061,9.21253,1.00,1.00
2014.08.05 14:24:19.636,9.21061,9.21244,1.00,1.88
2014.08.05 14:24:19.954,9.21061,9.21237,1.00,1.00
2014.08.05 14:24:20.423,9.21046,9.21237,1.00,1.00
2014.08.05 14:24:20.676,9.21046,9.21239,1.00,1.00
2014.08.05 14:24:20.727,9.21046,9.21246,1.00,1.00
2014.08.05 14:24:20.778,9.21048,9.21254,1.00,1.00
2014.08.05 14:24:20.828,9.21061,9.21258,1.00,1.00
2014.08.05 14:24:20.879,9.21061,9.21262,1.00,1.00
2014.08.05 14:24:21.535,9.21061,9.21256,1.00,1.00
2014.08.05 14:24:21.946,9.21079,9.21256,1.00,1.00
2014.08.05 14:24:21.996,9.21079,9.21266,1.00,1.00
2014.08.05 14:24:22.552,9.21079,9.21276,1.00,1.00
2014.08.05 14:24:22.805,9.21091,9.21276,1.00,1.00
2014.08.05 14:24:22.857,9.21091,9.21296,1.00,1.00
2014.08.05 14:24:23.214,9.21098,9.21301,1.00,1.00
2014.08.05 14:24:24.048,9.21108,9.21301,1.00,1.00
2014.08.05 14:24:29.776,9.21103,9.21301,1.00,1.00
2014.08.05 14:24:32.134,9.21103,9.21306,1.00,1.00
2014.08.05 14:24:32.725,9.21103,9.21305,1.00,1.00
2014.08.05 14:24:33.209,9.21103,9.21297,1.00,1.00
2014.08.05 14:24:33.614,9.21094,9.21297,1.00,1.00
2014.08.05 14:24:41.286,9.21094,9.21212,1.00,2.92
2014.08.05 14:24:41.596,9.21094,9.21174,1.00,1.88
2014.08.05 14:24:41.899,9.21094,9.21165,1.00,1.88
2014.08.05 14:24:43.002,9.20978,9.21165,1.75,1.88
2014.08.05 14:24:43.976,9.20965,9.21165,2.25,1.88
2014.08.05 14:24:44.027,9.20965,9.21149,2.25,1.00
2014.08.05 14:24:45.889,9.20976,9.21165,1.75,1.88
2014.08.05 14:24:45.940,9.20978,9.21173,1.75,1.00
2014.08.05 14:24:46.473,9.20978,9.21174,1.75,1.00
2014.08.05 14:24:47.002,9.20987,9.21174,1.00,1.00
2014.08.05 14:24:47.514,9.20989,9.21173,1.00,1.00
2014.08.05 14:24:57.143,9.20996,9.21173,1.00,1.00
2014.08.05 14:24:57.658,9.20996,9.21174,1.00,1.00
2014.08.05 14:24:58.119,9.21076,9.21182,3.67,1.00
2014.08.05 14:24:58.271,9.21076,9.2124,4.42,1.00
2014.08.05 14:24:58.372,9.21095,9.2124,1.00,1.00
2014.08.05 14:24:58.423,9.21096,9.21276,1.00,1.00
2014.08.05 14:24:58.474,9.21113,9.21276,1.00,1.00
2014.08.05 14:24:58.524,9.21113,9.21298,1.00,1.00
2014.08.05 14:24:58.626,9.21116,9.21321,1.00,1.00
2014.08.05 14:24:58.676,9.21134,9.21324,1.00,1.00
2014.08.05 14:24:58.828,9.21134,9.21342,1.50,1.50
2014.08.05 14:24:59.182,9.21143,9.21342,1.00,1.00
2014.08.05 14:24:59.677,9.21148,9.21349,1.00,1.00
2014.08.05 14:24:59.728,9.21148,9.21351,1.00,1.00
2014.08.05 14:24:59.831,9.21154,9.21356,1.00,1.00
2014.08.05 14:25:00.085,9.21176,9.21383,1.00,1.00
2014.08.05 14:25:00.746,9.21177,9.21383,1.00,1.00
2014.08.05 14:25:00.898,9.21202,9.21383,1.00,1.00
2014.08.05 14:25:01.051,9.21202,9.21402,1.00,1.00
2014.08.05 14:25:01.152,9.21204,9.2141,1.00,1.00
2014.08.05 14:25:02.150,9.21216,9.21412,1.00,1.00
2014.08.05 14:25:02.201,9.21216,9.21422,1.00,1.00
2014.08.05 14:25:02.303,9.21226,9.21422,1.00,1.00
2014.08.05 14:25:02.455,9.21229,9.21427,1.00,1.00
2014.08.05 14:25:02.607,9.21229,9.21434,1.00,1.00
2014.08.05 14:25:02.658,9.21236,9.21437,1.00,1.00
2014.08.05 14:25:02.962,9.21243,9.2144,1.00,1.00
2014.08.05 14:25:03.114,9.21243,9.21444,1.00,1.00
2014.08.05 14:25:03.316,9.21243,9.21431,1.00,2.10
2014.08.05 14:25:03.569,9.21171,9.21347,1.00,1.00
2014.08.05 14:25:03.677,9.21218,9.21347,1.00,1.00
2014.08.05 14:25:03.779,9.21226,9.21381,1.88,1.00
2014.08.05 14:25:03.930,9.21226,9.21424,1.88,1.00
2014.08.05 14:25:04.284,9.21236,9.21424,1.00,1.00
2014.08.05 14:25:04.841,9.21236,9.21426,1.50,1.00
2014.08.05 14:25:05.043,9.21239,9.21426,1.00,1.00
2014.08.05 14:25:05.094,9.21239,9.21434,1.00,1.00
2014.08.05 14:25:05.296,9.21242,9.21434,1.00,1.00
2014.08.05 14:25:05.610,9.2125,9.21434,1.00,1.00
2014.08.05 14:25:17.284,9.21243,9.21434,1.00,1.50
2014.08.05 14:25:18.115,9.21241,9.21434,1.50,1.00
2014.08.05 14:25:18.166,9.21256,9.21437,1.88,1.00
2014.08.05 14:25:18.530,9.21266,9.21437,1.00,1.00
2014.08.05 14:25:18.990,9.21266,9.21451,1.00,1.00
2014.08.05 14:25:19.141,9.21276,9.21451,1.00,1.00
2014.08.05 14:25:19.310,9.2128,9.21464,1.00,1.00
2014.08.05 14:25:19.880,9.21291,9.21464,1.00,1.00
2014.08.05 14:25:20.183,9.21291,9.21478,1.00,1.00
2014.08.05 14:25:20.345,9.21307,9.21478,1.00,1.00
2014.08.05 14:25:20.750,9.21306,9.21495,1.88,1.75
2014.08.05 14:25:20.851,9.21306,9.21495,1.88,1.00
2014.08.05 14:25:20.902,9.21303,9.21489,1.00,1.00
2014.08.05 14:25:21.004,9.21301,9.21489,1.00,1.00
2014.08.05 14:25:21.055,9.21301,9.21481,1.00,1.00
2014.08.05 14:25:21.157,9.21301,9.21489,1.00,1.00
2014.08.05 14:25:21.280,9.21301,9.2148,1.00,1.00
2014.08.05 14:25:22.181,9.21276,9.21462,1.00,1.00
2014.08.05 14:25:22.282,9.21276,9.2148,1.00,1.00
2014.08.05 14:25:22.334,9.21276,9.21465,1.00,1.00
2014.08.05 14:25:32.049,9.21276,9.21464,1.00,1.00
2014.08.05 14:25:33.293,9.21276,9.21465,1.00,1.00
2014.08.05 14:25:38.955,9.21276,9.21458,1.00,1.00
2014.08.05 14:25:44.075,9.21276,9.21465,1.00,1.00
2014.08.05 14:25:44.350,9.21276,9.21458,1.00,1.00
2014.08.05 14:25:44.679,9.21276,9.21465,1.00,1.00
2014.08.05 14:25:45.027,9.21276,9.2146,1.00,1.00
2014.08.05 14:25:45.181,9.21276,9.21465,1.00,1.00
2014.08.05 14:25:45.492,9.21276,9.21458,1.00,1.00
2014.08.05 14:25:46.997,9.21276,9.21465,1.00,1.00
2014.08.05 14:25:49.030,9.21276,9.21458,1.00,1.00
2014.08.05 14:26:01.685,9.21266,9.21458,1.00,1.00
2014.08.05 14:26:03.626,9.21266,9.21465,1.00,1.00
2014.08.05 14:26:03.729,9.21266,9.21462,1.00,1.00
2014.08.05 14:26:04.877,9.21305,9.21462,1.00,1.00
2014.08.05 14:26:06.804,9.21305,9.21465,1.00,1.00
2014.08.05 14:26:10.857,9.21266,9.21465,1.00,1.00
2014.08.05 14:26:11.009,9.21266,9.2146,1.00,1.00
2014.08.05 14:26:14.583,9.21266,9.21465,1.00,1.00
2014.08.05 14:26:14.949,9.21266,9.21458,1.00,1.00
2014.08.05 14:26:15.673,9.21266,9.21465,1.00,1.00
2014.08.05 14:26:16.131,9.21266,9.21459,1.00,1.00
2014.08.05 14:26:16.532,9.21266,9.21465,1.00,1.00
2014.08.05 14:26:18.290,9.21266,9.21458,1.00,1.00
2014.08.05 14:26:19.156,9.21266,9.21465,1.00,1.00
2014.08.05 14:26:19.723,9.21266,9.21459,1.00,1.00
2014.08.05 14:26:20.386,9.21266,9.21465,1.00,1.00
2014.08.05 14:26:20.811,9.21266,9.21459,1.00,1.00
2014.08.05 14:26:21.011,9.21266,9.21465,1.00,1.00
2014.08.05 14:26:21.264,9.21266,9.21459,1.00,1.00
2014.08.05 14:26:21.904,9.21265,9.21459,2.25,1.00
2014.08.05 14:26:22.012,9.21265,9.21465,2.25,1.00
2014.08.05 14:26:22.216,9.21265,9.2146,2.25,1.00
2014.08.05 14:26:22.368,9.21265,9.2147,1.50,1.00
2014.08.05 14:26:22.663,9.21265,9.21462,1.50,1.00
2014.08.05 14:26:22.917,9.21269,9.2147,1.00,1.00
2014.08.05 14:26:23.042,9.21265,9.2147,1.50,1.00
2014.08.05 14:26:23.363,9.21276,9.2147,1.00,1.00
2014.08.05 14:26:26.089,9.21279,9.2147,1.00,1.00
2014.08.05 14:26:26.241,9.21296,9.2149,1.00,1.00
2014.08.05 14:26:26.342,9.21291,9.21469,1.00,1.00
2014.08.05 14:26:26.696,9.21286,9.21469,1.88,1.00
2014.08.05 14:26:27.054,9.21282,9.21469,1.00,1.00
2014.08.05 14:26:27.264,9.21279,9.21469,1.00,1.00
2014.08.05 14:26:27.469,9.21279,9.2146,1.00,1.00
2014.08.05 14:26:28.349,9.21282,9.2146,1.00,1.00
2014.08.05 14:26:28.561,9.21279,9.2146,1.00,1.00
2014.08.05 14:26:29.419,9.21279,9.21469,1.00,1.00
2014.08.05 14:26:29.759,9.21279,9.21461,1.00,1.00
2014.08.05 14:26:29.861,9.21276,9.21461,1.00,1.00
2014.08.05 14:26:34.019,9.21276,9.21469,1.00,1.00
2014.08.05 14:26:34.121,9.21276,9.21462,1.00,1.00
2014.08.05 14:26:40.618,9.21276,9.21469,1.00,1.00
2014.08.05 14:26:41.496,9.21276,9.21462,1.00,1.00
2014.08.05 14:26:41.649,9.21276,9.21469,1.00,1.00
2014.08.05 14:26:41.853,9.21276,9.21462,1.00,1.00
2014.08.05 14:26:42.056,9.21276,9.21469,1.00,1.00
2014.08.05 14:26:42.158,9.21276,9.21463,1.00,1.00
2014.08.05 14:26:42.310,9.21281,9.21469,1.00,1.00
2014.08.05 14:26:42.412,9.21281,9.2146,1.00,1.00
2014.08.05 14:26:42.741,9.21281,9.21469,1.00,1.50
2014.08.05 14:26:43.159,9.21281,9.2146,1.00,1.00
2014.08.05 14:26:43.392,9.21276,9.2146,1.00,1.00
2014.08.05 14:26:45.169,9.21285,9.2146,1.00,1.00
2014.08.05 14:26:45.271,9.21285,9.21469,1.00,1.50
2014.08.05 14:26:45.473,9.21285,9.21461,1.00,1.00
2014.08.05 14:26:49.886,9.21296,9.21461,1.00,1.00
2014.08.05 14:26:55.387,9.21296,9.21469,1.00,1.00
2014.08.05 14:26:55.843,9.21273,9.21469,1.00,1.00
2014.08.05 14:26:58.475,9.21271,9.21469,1.50,1.00
2014.08.05 14:26:59.028,9.21275,9.21469,1.00,1.00
2014.08.05 14:27:00.030,9.21271,9.21469,1.50,1.00
2014.08.05 14:27:05.089,9.21276,9.21469,1.00,1.00
2014.08.05 14:27:08.808,9.21271,9.21469,1.00,1.00
2014.08.05 14:27:09.701,9.21276,9.21469,1.00,1.00
2014.08.05 14:27:10.055,9.21271,9.21469,1.00,1.00
2014.08.05 14:27:10.935,9.21272,9.21469,1.00,1.00
2014.08.05 14:27:12.430,9.21271,9.21469,1.00,1.00
2014.08.05 14:27:13.341,9.21273,9.21469,1.00,1.00
2014.08.05 14:27:15.210,9.21271,9.21469,1.00,1.00
2014.08.05 14:27:15.739,9.21273,9.21469,1.00,1.00
2014.08.05 14:27:15.841,9.21271,9.21469,1.00,1.00
2014.08.05 14:27:15.993,9.21274,9.21469,1.00,1.00
2014.08.05 14:27:17.076,9.21275,9.21469,1.00,1.00
2014.08.05 14:27:19.611,9.21271,9.21469,1.00,1.00
2014.08.05 14:27:24.972,9.21277,9.21469,1.00,1.00
2014.08.05 14:27:25.442,9.21271,9.21469,1.00,1.00
2014.08.05 14:27:26.427,9.21268,9.2147,1.00,1.00
2014.08.05 14:27:26.950,9.21278,9.2147,1.00,1.00
2014.08.05 14:27:27.422,9.21268,9.2147,1.00,1.00
2014.08.05 14:27:33.458,9.21276,9.2147,1.00,1.00
2014.08.05 14:27:35.461,9.21277,9.2147,1.00,1.00
2014.08.05 14:27:35.786,9.21277,9.21463,1.00,1.00
2014.08.05 14:27:36.307,9.21276,9.21463,1.00,1.00
2014.08.05 14:27:48.425,9.21286,9.21463,1.00,1.00
2014.08.05 14:27:58.435,9.21266,9.21455,1.00,1.00
2014.08.05 14:28:02.359,9.21266,9.21445,1.00,1.00
2014.08.05 14:28:04.425,9.21255,9.21445,1.00,1.00
2014.08.05 14:28:17.329,9.21261,9.21445,1.00,1.00
2014.08.05 14:28:26.779,9.21262,9.21445,1.00,1.00
2014.08.05 14:28:35.196,9.21263,9.21445,1.00,1.00
2014.08.05 14:28:42.984,9.21261,9.21445,1.00,1.00
2014.08.05 14:28:43.367,9.21247,9.21445,1.00,1.00
2014.08.05 14:28:43.569,9.21257,9.21445,1.50,1.00
2014.08.05 14:28:43.907,9.21257,9.21455,1.50,1.00
2014.08.05 14:28:54.097,9.21257,9.21457,1.00,1.00
2014.08.05 14:28:54.198,9.21255,9.21457,1.00,1.00
2014.08.05 14:28:59.745,9.21259,9.21457,1.00,1.00
2014.08.05 14:29:04.814,9.21259,9.21454,1.00,1.00
2014.08.05 14:29:14.267,9.21258,9.21454,1.00,1.00
2014.08.05 14:29:23.888,9.21258,9.21449,1.00,1.00
2014.08.05 14:29:24.224,9.21258,9.21445,1.00,1.00
2014.08.05 14:29:27.596,9.21251,9.21445,1.00,1.00
2014.08.05 14:29:44.218,9.21251,9.21447,1.00,1.00
2014.08.05 14:29:44.859,9.21251,9.21444,1.00,1.00
2014.08.05 14:29:50.337,9.21251,9.21434,1.00,1.00
2014.08.05 14:29:50.913,9.21251,9.21424,1.00,1.00
2014.08.05 14:29:51.115,9.21251,9.21434,1.00,1.00
2014.08.05 14:29:51.527,9.21251,9.21441,1.00,1.00
2014.08.05 14:29:51.747,9.21251,9.21435,1.00,1.00
2014.08.05 14:29:52.407,9.21254,9.21435,1.00,1.00
2014.08.05 14:29:59.671,9.21251,9.21435,1.00,1.00
2014.08.05 14:30:00.234,9.21256,9.21435,1.00,1.00
2014.08.05 14:30:00.538,9.21286,9.21449,1.00,1.00
2014.08.05 14:30:00.853,9.21325,9.21454,1.00,1.88
2014.08.05 14:30:01.106,9.21386,9.21534,1.00,1.88
2014.08.05 14:30:01.460,9.21394,9.21554,1.00,1.88
2014.08.05 14:30:01.511,9.21396,9.21554,1.00,1.88
2014.08.05 14:30:01.882,9.21396,9.21564,1.00,1.88
2014.08.05 14:30:02.236,9.21424,9.21574,1.00,1.88
2014.08.05 14:30:02.640,9.21424,9.21594,1.00,2.63
2014.08.05 14:30:02.893,9.21416,9.21594,1.00,1.88
2014.08.05 14:30:02.995,9.21421,9.21594,1.00,1.88
2014.08.05 14:30:03.309,9.2145,9.21604,1.00,1.88
2014.08.05 14:30:06.519,9.21474,9.21633,1.00,1.75
2014.08.05 14:30:06.721,9.21457,9.21635,1.00,1.75
2014.08.05 14:30:07.038,9.21468,9.21642,1.00,1.75
2014.08.05 14:30:07.190,9.21453,9.21651,1.00,1.75
2014.08.05 14:30:07.241,9.21458,9.21651,1.00,1.75
2014.08.05 14:30:07.555,9.21464,9.21661,1.00,1.75
2014.08.05 14:30:08.090,9.21476,9.21652,1.00,1.75
2014.08.05 14:30:10.580,9.21476,9.21614,1.00,1.00
2014.08.05 14:30:10.630,9.21458,9.21614,1.00,1.00
2014.08.05 14:30:10.681,9.21444,9.21604,1.00,1.88
2014.08.05 14:30:10.782,9.21441,9.21604,1.00,1.88
2014.08.05 14:30:10.896,9.21421,9.21604,1.00,1.88
2014.08.05 14:30:10.997,9.21427,9.21604,1.00,1.88
2014.08.05 14:30:14.965,9.21416,9.21604,1.50,1.88
2014.08.05 14:30:20.059,9.21439,9.21604,1.00,1.88
2014.08.05 14:30:20.393,9.21449,9.21604,1.00,1.88
2014.08.05 14:30:20.496,9.21421,9.21604,1.00,1.88
2014.08.05 14:30:26.075,9.21429,9.21604,1.00,2.63
2014.08.05 14:30:27.525,9.21421,9.21604,1.00,2.63
2014.08.05 14:30:30.599,9.21432,9.21604,1.00,2.63
2014.08.05 14:30:30.903,9.21442,9.21604,1.00,2.25
2014.08.05 14:30:31.429,9.21443,9.21604,1.00,2.25
2014.08.05 14:30:31.741,9.21455,9.21604,1.00,2.25
2014.08.05 14:30:31.893,9.21442,9.21604,1.00,2.63
2014.08.05 14:30:32.050,9.21421,9.21604,1.00,2.63
2014.08.05 14:30:32.995,9.21441,9.21604,1.00,2.63
2014.08.05 14:30:35.342,9.21431,9.21604,1.00,2.63
2014.08.05 14:30:35.741,9.21454,9.21604,1.00,2.63
2014.08.05 14:30:35.893,9.21443,9.21604,1.00,2.63
2014.08.05 14:30:35.995,9.21421,9.21604,1.00,2.63
2014.08.05 14:30:38.287,9.21432,9.21604,1.00,2.63
2014.08.05 14:30:38.491,9.21421,9.21604,1.00,2.63
2014.08.05 14:30:39.265,9.21418,9.21604,1.00,2.63
2014.08.05 14:30:40.400,9.21418,9.21594,1.00,1.00
2014.08.05 14:30:40.703,9.21418,9.21584,1.00,1.00
2014.08.05 14:30:40.804,9.21405,9.21584,1.00,1.00
2014.08.05 14:30:41.804,9.21422,9.21584,1.00,1.00
2014.08.05 14:30:42.718,9.214,9.21584,1.00,1.00
2014.08.05 14:30:44.464,9.2139,9.21584,1.50,1.00
2014.08.05 14:30:45.040,9.21391,9.21584,1.00,1.00
2014.08.05 14:30:45.242,9.21388,9.21577,1.00,1.00
2014.08.05 14:30:45.445,9.21386,9.21577,1.00,1.00
2014.08.05 14:30:46.947,9.21386,9.21584,2.25,1.00
2014.08.05 14:30:47.100,9.21392,9.21584,1.00,1.00
2014.08.05 14:30:48.611,9.21386,9.21584,2.25,1.00
2014.08.05 14:30:53.954,9.21386,9.21581,1.50,1.00
2014.08.05 14:30:54.316,9.21386,9.21573,1.00,1.00
2014.08.05 14:30:54.630,9.21386,9.21557,1.00,1.00
2014.08.05 14:30:55.824,9.21386,9.21572,1.00,1.00
2014.08.05 14:30:57.038,9.21386,9.21561,1.00,1.00
2014.08.05 14:30:58.198,9.21386,9.21541,1.00,1.00
2014.08.05 14:30:58.274,9.21386,9.21559,1.00,1.00
2014.08.05 14:30:59.902,9.21386,9.21561,1.00,1.00
2014.08.05 14:31:00.003,9.21386,9.21563,1.00,1.00
2014.08.05 14:31:00.601,9.21393,9.21563,1.00,1.00
2014.08.05 14:31:00.904,9.21405,9.21564,1.00,1.00
2014.08.05 14:31:01.604,9.21405,9.21574,1.00,1.00
2014.08.05 14:31:01.705,9.2139,9.21574,1.00,1.00
2014.08.05 14:31:04.606,9.2139,9.21584,1.00,1.50
2014.08.05 14:31:04.809,9.214,9.21584,1.00,1.50
2014.08.05 14:31:06.155,9.214,9.21574,1.00,1.00
2014.08.05 14:31:06.540,9.2139,9.21574,1.50,1.00
2014.08.05 14:31:10.392,9.21393,9.21574,1.00,1.00
2014.08.05 14:31:14.950,9.21393,9.21564,1.00,1.00
2014.08.05 14:31:18.739,9.2139,9.21564,1.50,1.00
2014.08.05 14:31:20.662,9.2139,9.21574,1.50,1.00
2014.08.05 14:31:20.864,9.21401,9.21574,1.00,1.00
2014.08.05 14:31:21.859,9.21401,9.21545,1.00,1.00
2014.08.05 14:31:21.960,9.2139,9.21545,1.00,1.00
2014.08.05 14:31:22.061,9.21373,9.21545,1.00,1.00
2014.08.05 14:31:22.163,9.21351,9.21534,1.50,1.00
2014.08.05 14:31:22.372,9.21337,9.21515,1.75,1.00
2014.08.05 14:31:22.423,9.21337,9.21514,1.38,1.00
2014.08.05 14:31:22.625,9.21326,9.21484,3.87,1.00
2014.08.05 14:31:22.928,9.21325,9.21444,1.56,1.00
2014.08.05 14:31:23.081,9.21306,9.21454,1.28,1.00
2014.08.05 14:31:23.233,9.21259,9.21453,1.00,1.00
2014.08.05 14:31:23.334,9.21256,9.21452,3.38,1.00
2014.08.05 14:31:23.880,9.21256,9.21449,1.50,1.00
2014.08.05 14:31:24.183,9.21256,9.21434,1.50,1.00
2014.08.05 14:31:24.400,9.21234,9.21434,1.00,1.00
2014.08.05 14:31:24.983,9.21234,9.2142,1.00,1.00
2014.08.05 14:31:25.034,9.21222,9.2142,1.00,1.00
2014.08.05 14:31:25.085,9.21222,9.2141,1.00,1.00
2014.08.05 14:31:25.135,9.21212,9.2141,1.00,1.00
2014.08.05 14:31:25.590,9.2122,9.2141,1.00,1.00
2014.08.05 14:31:25.691,9.21212,9.2141,1.00,1.00
2014.08.05 14:31:26.068,9.21211,9.21395,1.00,1.00
2014.08.05 14:31:26.169,9.21199,9.21395,1.00,1.00
2014.08.05 14:31:26.271,9.21205,9.21395,1.00,1.00
2014.08.05 14:31:26.577,9.21205,9.21379,1.00,1.00
2014.08.05 14:31:26.678,9.21199,9.21379,1.00,1.00
2014.08.05 14:31:27.245,9.21199,9.2137,1.00,1.00
2014.08.05 14:31:28.138,9.21206,9.2137,1.00,1.50
2014.08.05 14:31:28.189,9.21206,9.21392,1.00,1.00
2014.08.05 14:31:28.341,9.21206,9.21394,1.00,1.88
2014.08.05 14:31:28.443,9.21225,9.21394,1.00,1.88
2014.08.05 14:31:28.749,9.21237,9.21381,1.00,1.00
2014.08.05 14:31:28.799,9.21237,9.21394,1.00,1.88
2014.08.05 14:31:28.850,9.21316,9.21439,1.88,1.00
2014.08.05 14:31:28.951,9.21306,9.21439,1.88,1.00
2014.08.05 14:31:29.053,9.21306,9.21454,1.88,1.00
2014.08.05 14:31:29.205,9.21306,9.21463,1.88,1.00
2014.08.05 14:31:30.053,9.21306,9.21459,1.88,1.00
2014.08.05 14:31:30.358,9.21336,9.21484,1.88,1.00
2014.08.05 14:31:31.237,9.21336,9.21495,1.88,1.00
2014.08.05 14:31:37.557,9.21336,9.21504,1.88,1.00
2014.08.05 14:31:37.659,9.21346,9.21513,1.88,1.00
2014.08.05 14:31:38.904,9.21336,9.21513,1.88,1.00
2014.08.05 14:31:38.955,9.21336,9.21499,1.88,1.00
2014.08.05 14:31:46.453,9.21346,9.21509,1.88,1.00
2014.08.05 14:31:47.471,9.21336,9.21509,1.88,1.00
2014.08.05 14:31:49.510,9.21336,9.21502,1.88,1.00
2014.08.05 14:31:49.561,9.21301,9.21502,1.00,1.00
2014.08.05 14:31:49.611,9.21294,9.21492,1.00,1.00
2014.08.05 14:31:54.215,9.21294,9.21482,1.00,1.00
2014.08.05 14:31:54.528,9.21294,9.21491,1.00,1.00
2014.08.05 14:31:54.959,9.21289,9.21491,1.00,1.00
2014.08.05 14:31:55.668,9.21289,9.21482,1.00,1.00
2014.08.05 14:31:57.178,9.21289,9.21491,1.00,1.00
2014.08.05 14:31:57.829,9.21289,9.21482,1.00,1.00
2014.08.05 14:31:57.880,9.21281,9.21482,1.00,1.00
2014.08.05 14:31:58.954,9.21286,9.21482,1.88,1.00
2014.08.05 14:31:59.156,9.21281,9.21482,1.00,1.00
2014.08.05 14:31:59.207,9.21291,9.21482,1.00,1.00
2014.08.05 14:31:59.512,9.21291,9.21472,1.00,1.00
2014.08.05 14:32:00.332,9.21291,9.21461,1.00,1.00
2014.08.05 14:32:00.635,9.21291,9.21452,1.00,1.00
2014.08.05 14:32:01.141,9.21271,9.21452,1.00,1.00
2014.08.05 14:32:01.344,9.21271,9.21442,1.00,1.00
2014.08.05 14:32:02.325,9.21271,9.21432,1.00,1.00
2014.08.05 14:32:03.373,9.21249,9.21432,1.00,1.00
2014.08.05 14:32:03.424,9.21276,9.21457,1.88,1.00
2014.08.05 14:32:03.475,9.21276,9.21462,1.88,1.00
2014.08.05 14:32:03.576,9.21276,9.21471,1.88,1.00
2014.08.05 14:32:03.778,9.21276,9.21462,1.88,1.00
2014.08.05 14:32:04.102,9.21281,9.21462,1.00,1.00
2014.08.05 14:32:04.531,9.21281,9.21471,1.00,1.00
2014.08.05 14:32:04.632,9.21281,9.21476,1.00,1.00
2014.08.05 14:32:05.049,9.21281,9.21467,1.00,1.00
2014.08.05 14:32:05.900,9.2128,9.21467,1.00,1.00
2014.08.05 14:32:05.950,9.21283,9.21476,1.00,1.00
2014.08.05 14:32:06.001,9.21283,9.2149,1.00,1.00
2014.08.05 14:32:06.288,9.21282,9.21481,1.00,1.00
2014.08.05 14:32:06.692,9.21286,9.21481,1.88,1.00
2014.08.05 14:32:07.442,9.21291,9.2149,1.00,1.50
2014.08.05 14:32:07.493,9.21295,9.2149,1.00,1.00
2014.08.05 14:32:08.428,9.21317,9.21503,1.00,1.00
2014.08.05 14:32:10.311,9.21317,9.21518,1.00,1.00
2014.08.05 14:32:10.413,9.2131,9.21516,1.00,1.00
2014.08.05 14:32:11.550,9.2131,9.21511,1.00,1.00
2014.08.05 14:32:14.633,9.2131,9.21514,1.00,1.00
2014.08.05 14:32:15.012,9.21317,9.21514,1.00,1.00
2014.08.05 14:32:15.321,9.21317,9.21518,1.00,1.00
2014.08.05 14:32:16.338,9.21317,9.21521,1.00,1.00
2014.08.05 14:32:17.641,9.21313,9.21516,1.00,1.00
2014.08.05 14:32:17.858,9.21317,9.21521,1.00,1.00
2014.08.05 14:32:19.268,9.21313,9.21516,1.00,1.00
2014.08.05 14:32:21.541,9.21317,9.21521,1.00,1.00
2014.08.05 14:32:21.592,9.21317,9.21489,1.00,1.00
2014.08.05 14:32:21.744,9.21313,9.21489,1.00,1.00
2014.08.05 14:32:21.896,9.21307,9.21489,1.00,1.00
2014.08.05 14:32:22.110,9.213,9.21489,1.00,1.00
2014.08.05 14:32:22.767,9.21301,9.21489,1.00,1.00
2014.08.05 14:32:22.919,9.21292,9.21495,1.00,1.00
2014.08.05 14:32:23.070,9.213,9.21495,1.00,1.00
2014.08.05 14:32:26.484,9.21291,9.21495,1.00,1.00
2014.08.05 14:32:26.835,9.21301,9.21495,1.00,1.00
2014.08.05 14:32:28.422,9.21301,9.21498,1.00,1.00
2014.08.05 14:32:28.625,9.21301,9.21498,1.00,2.25
2014.08.05 14:32:28.777,9.21286,9.21485,1.50,1.00
2014.08.05 14:32:29.030,9.21286,9.21475,1.50,1.00
2014.08.05 14:32:29.081,9.21269,9.21475,1.00,1.00
2014.08.05 14:32:29.334,9.21269,9.21469,1.00,1.00
2014.08.05 14:32:29.658,9.21285,9.21475,1.00,1.00
2014.08.05 14:32:29.759,9.21285,9.21485,1.00,1.00
2014.08.05 14:32:30.295,9.21286,9.21485,1.00,1.00
2014.08.05 14:32:30.766,9.21286,9.21479,1.00,1.00
2014.08.05 14:32:31.274,9.21285,9.21479,1.00,1.00
2014.08.05 14:32:31.325,9.21285,9.21485,1.00,1.00
2014.08.05 14:32:31.743,9.21285,9.21479,1.00,1.00
2014.08.05 14:32:32.165,9.21285,9.21485,1.00,1.00
2014.08.05 14:32:32.267,9.21285,9.21479,1.00,1.00
2014.08.05 14:32:32.824,9.21285,9.21485,1.00,1.00
2014.08.05 14:32:33.569,9.21316,9.21485,1.00,1.00
2014.08.05 14:32:33.619,9.21316,9.21488,1.00,1.00
2014.08.05 14:32:33.822,9.21316,9.215,1.00,1.00
2014.08.05 14:32:34.024,9.21316,9.21504,1.00,1.00
2014.08.05 14:32:34.345,9.21326,9.21504,1.00,1.00
2014.08.05 14:32:34.497,9.21326,9.21507,1.00,1.00
2014.08.05 14:32:35.718,9.21326,9.21519,1.00,1.00
2014.08.05 14:32:35.769,9.21331,9.21521,1.00,1.00
2014.08.05 14:32:36.073,9.21322,9.21472,1.00,1.00
2014.08.05 14:32:36.225,9.21346,9.21522,1.00,1.00
2014.08.05 14:32:36.326,9.21352,9.21534,1.00,1.88
2014.08.05 14:32:36.444,9.2134,9.21534,1.00,1.88
2014.08.05 14:32:36.495,9.21355,9.21534,1.00,1.88
2014.08.05 14:32:36.647,9.21341,9.21534,1.00,2.63
2014.08.05 14:32:37.059,9.21341,9.2152,1.00,3.00
2014.08.05 14:32:37.374,9.21331,9.21456,1.00,1.00
2014.08.05 14:32:37.527,9.21331,9.21501,1.00,1.00
2014.08.05 14:32:37.680,9.21331,9.21529,1.00,1.00
2014.08.05 14:32:37.983,9.21331,9.21519,1.00,1.00
2014.08.05 14:32:38.347,9.21326,9.21485,1.00,1.00
2014.08.05 14:32:38.651,9.21336,9.21451,1.00,1.00
2014.08.05 14:32:38.753,9.21336,9.21472,1.00,1.00
2014.08.05 14:32:38.854,9.21326,9.21502,1.00,1.00
2014.08.05 14:32:39.007,9.21326,9.21516,1.00,1.50
2014.08.05 14:32:39.310,9.21326,9.21485,1.00,1.00
2014.08.05 14:32:39.614,9.21336,9.21452,1.00,1.00
2014.08.05 14:32:39.715,9.21336,9.21461,1.00,1.00
2014.08.05 14:32:39.867,9.21355,9.21498,1.00,1.00
2014.08.05 14:32:39.968,9.21355,9.21517,1.00,1.00
2014.08.05 14:32:40.070,9.21334,9.21524,1.00,1.00
2014.08.05 14:32:40.121,9.21334,9.21519,1.00,1.00
2014.08.05 14:32:40.424,9.21346,9.21476,1.00,1.00
2014.08.05 14:32:40.525,9.21346,9.21486,1.00,1.00
2014.08.05 14:32:40.627,9.21346,9.21529,1.00,1.50
2014.08.05 14:32:40.831,9.21342,9.21524,1.00,1.00
2014.08.05 14:32:41.135,9.21342,9.21475,1.00,1.00
2014.08.05 14:32:41.287,9.21366,9.21534,1.00,1.00
2014.08.05 14:32:41.390,9.21366,9.21494,1.00,1.00
2014.08.05 14:32:41.492,9.21366,9.21544,1.00,1.50
2014.08.05 14:32:41.859,9.21358,9.21539,1.00,1.00
2014.08.05 14:32:41.911,9.21357,9.21534,1.00,1.00
2014.08.05 14:32:42.290,9.21366,9.21514,1.00,1.00
2014.08.05 14:32:42.341,9.21366,9.21544,1.00,1.00
2014.08.05 14:32:42.442,9.21366,9.21555,1.00,1.00
2014.08.05 14:32:42.800,9.21376,9.21555,1.00,1.00
2014.08.05 14:32:42.902,9.21376,9.21559,1.00,1.00
2014.08.05 14:32:43.003,9.21376,9.2157,1.00,1.00
2014.08.05 14:32:43.156,9.21382,9.2157,1.00,1.00
2014.08.05 14:32:43.460,9.21356,9.21522,1.00,1.00
2014.08.05 14:32:43.511,9.21356,9.21524,1.00,1.88
2014.08.05 14:32:43.562,9.21368,9.21517,1.00,1.00
2014.08.05 14:32:43.816,9.21366,9.21547,2.63,1.00
2014.08.05 14:32:44.387,9.21376,9.2156,1.00,1.00
2014.08.05 14:32:44.932,9.21357,9.21549,1.00,1.00
2014.08.05 14:32:44.983,9.21356,9.2154,1.00,1.00
2014.08.05 14:32:45.297,9.21356,9.21529,1.00,1.00
2014.08.05 14:32:45.348,9.21355,9.21537,1.00,1.00
2014.08.05 14:32:45.505,9.21355,9.21524,1.00,1.00
2014.08.05 14:32:45.819,9.21355,9.21522,1.00,1.00
2014.08.05 14:32:46.022,9.21335,9.21503,1.00,1.00
2014.08.05 14:32:46.801,9.21335,9.21499,1.38,1.00
2014.08.05 14:32:47.105,9.21376,9.21552,1.00,1.00
2014.08.05 14:32:47.206,9.21376,9.21557,1.00,1.00
2014.08.05 14:32:47.358,9.21357,9.21557,1.00,1.35
2014.08.05 14:32:47.409,9.21356,9.21543,1.00,1.00
2014.08.05 14:32:47.716,9.21336,9.21509,1.00,1.00
2014.08.05 14:32:48.046,9.21336,9.21501,1.00,1.00
2014.08.05 14:32:48.387,9.21336,9.21499,1.00,1.00
2014.08.05 14:32:50.628,9.21355,9.21499,1.00,1.00
2014.08.05 14:32:50.785,9.21355,9.21526,1.00,1.00
2014.08.05 14:32:51.057,9.21331,9.21492,1.00,1.00
2014.08.05 14:32:51.209,9.21307,9.21488,1.00,1.00
2014.08.05 14:32:51.361,9.21306,9.21476,1.00,1.00
2014.08.05 14:32:53.139,9.21286,9.21476,1.00,1.00
2014.08.05 14:32:53.190,9.21286,9.21459,1.00,1.00
2014.08.05 14:32:53.519,9.21286,9.21456,1.00,1.00
2014.08.05 14:32:54.367,9.21286,9.21449,1.00,1.00
2014.08.05 14:32:54.689,9.21248,9.21408,1.00,1.75
2014.08.05 14:32:54.740,9.21245,9.21408,1.00,1.75
2014.08.05 14:32:54.792,9.21236,9.21404,2.63,1.75
2014.08.05 14:32:54.897,9.21236,9.21388,1.88,1.00
2014.08.05 14:32:55.200,9.21236,9.21355,1.88,1.00
2014.08.05 14:32:55.251,9.21201,9.21355,1.00,1.00
2014.08.05 14:32:55.352,9.21201,9.21371,1.00,1.00
2014.08.05 14:32:55.663,9.21201,9.21356,1.00,1.00
2014.08.05 14:32:55.968,9.21201,9.21344,1.00,1.88
2014.08.05 14:32:56.271,9.21201,9.21321,1.00,1.00
2014.08.05 14:32:56.322,9.21171,9.21315,1.00,1.00
2014.08.05 14:32:56.423,9.21139,9.21315,1.00,1.00
2014.08.05 14:32:56.575,9.21139,9.21328,1.00,1.00
2014.08.05 14:32:56.878,9.21139,9.21328,1.00,1.38
2014.08.05 14:32:57.030,9.21136,9.21324,1.50,2.25
2014.08.05 14:32:57.131,9.21136,9.21314,1.50,1.00
2014.08.05 14:32:58.132,9.21246,9.21314,1.50,1.00
2014.08.05 14:32:58.233,9.21256,9.21338,1.88,1.00
2014.08.05 14:32:58.335,9.21256,9.21327,1.88,1.00
2014.08.05 14:32:58.538,9.21166,9.21305,1.50,1.88
2014.08.05 14:32:58.589,9.21166,9.21305,1.50,2.63
2014.08.05 14:32:58.792,9.21138,9.21304,1.00,2.63
2014.08.05 14:32:59.097,9.21139,9.21282,1.00,1.00
2014.08.05 14:32:59.762,9.21139,9.21294,1.00,2.63
2014.08.05 14:33:00.486,9.21134,9.21296,1.00,1.00
2014.08.05 14:33:00.537,9.21142,9.21296,1.00,1.00
2014.08.05 14:33:00.638,9.21122,9.21318,1.00,1.00
2014.08.05 14:33:00.740,9.21122,9.21295,1.00,1.00
2014.08.05 14:33:00.929,9.21102,9.21295,1.00,1.75
2014.08.05 14:33:00.980,9.21096,9.21293,1.50,1.38
2014.08.05 14:33:01.082,9.21096,9.21276,1.50,1.00
2014.08.05 14:33:01.386,9.21096,9.21262,1.50,1.00
2014.08.05 14:33:01.639,9.21107,9.21278,1.00,1.00
2014.08.05 14:33:01.741,9.21107,9.2129,1.00,1.38
2014.08.05 14:33:01.950,9.21107,9.21306,1.00,1.00
2014.08.05 14:33:02.978,9.21109,9.21306,1.00,1.00
2014.08.05 14:33:03.291,9.21074,9.21254,1.50,1.88
2014.08.05 14:33:03.493,9.21061,9.21254,1.00,1.88
2014.08.05 14:33:03.856,9.2106,9.21244,1.00,1.88
2014.08.05 14:33:04.180,9.2106,9.21239,1.00,1.00
2014.08.05 14:33:04.281,9.2106,9.21242,1.00,1.00
2014.08.05 14:33:04.383,9.2106,9.21242,1.00,1.75
2014.08.05 14:33:05.013,9.2106,9.21206,1.00,1.00
2014.08.05 14:33:05.267,9.2106,9.21237,1.00,2.25
2014.08.05 14:33:06.530,9.21047,9.21223,1.00,1.38
2014.08.05 14:33:06.634,9.21036,9.21223,1.50,1.38
2014.08.05 14:33:06.902,9.21036,9.2121,1.50,1.00
2014.08.05 14:33:06.987,9.21036,9.21224,1.50,1.50
2014.08.05 14:33:08.865,9.21036,9.21212,1.50,1.00
2014.08.05 14:33:10.009,9.21036,9.21224,1.50,1.50
2014.08.05 14:33:10.994,9.21033,9.21224,1.00,1.50
2014.08.05 14:33:11.099,9.21033,9.21211,1.00,1.00
2014.08.05 14:33:11.250,9.21029,9.21211,1.00,1.00
2014.08.05 14:33:11.410,9.21029,9.21223,1.00,1.38
2014.08.05 14:33:11.950,9.21039,9.21223,1.00,1.38
2014.08.05 14:33:19.597,9.21039,9.21225,1.00,1.00
2014.08.05 14:33:19.699,9.21062,9.21225,1.00,1.00
2014.08.05 14:33:19.857,9.21062,9.21239,1.00,1.00
2014.08.05 14:33:20.263,9.21071,9.21239,1.00,1.00
2014.08.05 14:33:20.314,9.21071,9.2125,1.00,1.00
2014.08.05 14:33:20.715,9.2108,9.2125,1.00,1.00
2014.08.05 14:33:20.868,9.2108,9.21264,1.00,1.50
2014.08.05 14:33:20.919,9.21071,9.21209,1.00,1.00
2014.08.05 14:33:21.021,9.21051,9.21209,1.00,1.00
2014.08.05 14:33:21.072,9.21042,9.21209,1.00,1.00
2014.08.05 14:33:21.224,9.2104,9.21209,1.00,1.00
2014.08.05 14:33:21.712,9.21036,9.21209,1.50,1.00
2014.08.05 14:33:21.917,9.21016,9.21212,1.00,1.75
2014.08.05 14:33:22.119,9.21005,9.21211,1.00,1.75
2014.08.05 14:33:22.648,9.21005,9.21199,1.00,1.00
2014.08.05 14:33:22.859,9.21005,9.21189,1.00,1.00
2014.08.05 14:33:24.678,9.21017,9.21189,1.00,1.50
2014.08.05 14:33:24.729,9.21028,9.21201,1.00,1.00
2014.08.05 14:33:24.780,9.21044,9.21201,1.00,1.00
2014.08.05 14:33:24.831,9.21048,9.21219,1.00,1.00
2014.08.05 14:33:24.933,9.21048,9.21234,1.00,1.00
2014.08.05 14:33:25.084,9.21056,9.21234,1.00,1.00
2014.08.05 14:33:25.809,9.21056,9.21234,1.00,1.75
2014.08.05 14:33:25.961,9.21031,9.21164,1.00,1.88
2014.08.05 14:33:26.063,9.21026,9.21164,1.00,1.88
2014.08.05 14:33:26.164,9.20986,9.21164,1.50,1.88
2014.08.05 14:33:26.417,9.20984,9.21154,1.00,1.88
2014.08.05 14:33:26.518,9.20973,9.21151,1.00,1.00
2014.08.05 14:33:26.569,9.20973,9.21147,1.00,1.00
2014.08.05 14:33:26.821,9.20936,9.21114,2.25,1.00
2014.08.05 14:33:26.923,9.20946,9.21093,1.00,1.00
2014.08.05 14:33:27.024,9.20946,9.21108,1.00,1.00
2014.08.05 14:33:27.277,9.20946,9.21128,1.00,1.00
2014.08.05 14:33:27.379,9.20946,9.21137,1.00,1.00
2014.08.05 14:33:28.354,9.20946,9.21126,1.00,1.00
2014.08.05 14:33:28.456,9.20946,9.21136,1.00,1.00
2014.08.05 14:33:29.457,9.20946,9.21137,1.00,1.00
2014.08.05 14:33:35.385,9.20946,9.21126,1.00,1.00
2014.08.05 14:33:37.405,9.20941,9.21126,1.00,1.00
2014.08.05 14:33:37.507,9.20941,9.21138,1.00,1.00
2014.08.05 14:33:38.053,9.2094,9.21138,1.00,1.00
2014.08.05 14:33:38.154,9.2095,9.21138,1.00,1.00
2014.08.05 14:33:38.679,9.2095,9.21129,1.00,1.00
2014.08.05 14:33:39.480,9.2095,9.21139,1.00,1.13
2014.08.05 14:33:40.334,9.2095,9.21127,1.00,1.00
2014.08.05 14:33:42.616,9.2094,9.21127,1.50,1.00
2014.08.05 14:33:42.767,9.2095,9.21127,1.00,1.00
2014.08.05 14:33:45.377,9.2095,9.21139,1.00,1.13
2014.08.05 14:33:45.532,9.2095,9.2113,1.00,1.00
2014.08.05 14:33:46.129,9.2095,9.21129,1.00,1.00
2014.08.05 14:33:46.479,9.2095,9.21122,1.00,1.00
2014.08.05 14:33:49.171,9.2094,9.21122,1.00,1.00
2014.08.05 14:33:50.001,9.2094,9.2113,1.50,1.00
2014.08.05 14:33:50.335,9.20939,9.21122,1.00,1.00
2014.08.05 14:33:50.690,9.20941,9.21122,1.00,1.00
2014.08.05 14:33:50.993,9.20939,9.21111,1.00,1.00
2014.08.05 14:33:51.656,9.20939,9.21121,1.00,1.00
2014.08.05 14:33:51.759,9.20936,9.21121,1.50,1.00
2014.08.05 14:33:52.903,9.20939,9.21129,1.00,1.00
2014.08.05 14:33:53.999,9.20936,9.21122,1.50,1.00
2014.08.05 14:33:55.299,9.20936,9.21109,1.50,1.00
2014.08.05 14:33:57.409,9.20936,9.21119,1.50,1.00
2014.08.05 14:33:57.611,9.20936,9.21111,1.50,1.00
2014.08.05 14:33:57.661,9.20925,9.21111,1.00,1.00
2014.08.05 14:33:57.712,9.20925,9.21102,1.00,1.00
2014.08.05 14:33:57.814,9.20929,9.21121,1.00,1.00
2014.08.05 14:33:57.966,9.20923,9.21108,1.00,1.00
2014.08.05 14:33:58.279,9.20913,9.21097,1.00,1.00
2014.08.05 14:33:58.950,9.20922,9.21097,1.00,1.00
2014.08.05 14:34:00.137,9.20922,9.21105,1.00,1.00
2014.08.05 14:34:01.132,9.20923,9.21113,1.00,1.00
2014.08.05 14:34:01.234,9.20922,9.21105,1.00,1.00
2014.08.05 14:34:02.207,9.20922,9.21106,1.00,1.00
2014.08.05 14:34:02.985,9.20931,9.21106,1.00,1.00
2014.08.05 14:34:03.525,9.20917,9.21106,1.00,1.00
2014.08.05 14:34:03.627,9.20925,9.21105,1.00,1.00
2014.08.05 14:34:03.948,9.20986,9.21105,1.00,1.00
2014.08.05 14:34:04.099,9.20986,9.21136,1.00,1.00
2014.08.05 14:34:04.201,9.20986,9.21154,1.00,1.00
2014.08.05 14:34:04.302,9.20986,9.21164,1.00,1.00
2014.08.05 14:34:04.453,9.20986,9.21172,1.00,1.00
2014.08.05 14:34:04.554,9.20986,9.21163,1.00,1.00
2014.08.05 14:34:06.057,9.20991,9.21163,1.00,1.00
2014.08.05 14:34:09.576,9.20991,9.21153,1.00,1.00
2014.08.05 14:34:09.916,9.20996,9.21153,1.00,1.00
2014.08.05 14:34:10.369,9.20996,9.21163,1.00,1.00
2014.08.05 14:34:11.163,9.21026,9.21155,1.00,1.00
2014.08.05 14:34:11.265,9.21026,9.21176,1.00,1.00
2014.08.05 14:34:11.367,9.21036,9.21176,1.00,1.00
2014.08.05 14:34:11.469,9.21036,9.21185,1.00,1.00
2014.08.05 14:34:11.570,9.21036,9.21189,1.00,1.00
2014.08.05 14:34:17.939,9.21041,9.21189,1.00,1.00
2014.08.05 14:34:18.281,9.21036,9.21189,1.00,1.00
2014.08.05 14:34:24.578,9.2103,9.21189,1.00,1.00
2014.08.05 14:34:24.781,9.21026,9.21189,1.00,1.00
2014.08.05 14:34:30.189,9.21017,9.21189,1.00,1.00
2014.08.05 14:34:30.698,9.21016,9.21189,1.00,1.50
2014.08.05 14:34:31.485,9.21016,9.21188,1.00,1.00
2014.08.05 14:34:32.800,9.21016,9.21189,1.00,1.00
2014.08.05 14:34:33.007,9.21016,9.2118,1.00,1.00
2014.08.05 14:34:33.363,9.21016,9.21188,1.00,1.00
2014.08.05 14:34:33.465,9.21016,9.21179,1.00,1.00
2014.08.05 14:34:33.730,9.21016,9.21189,1.00,1.00
2014.08.05 14:34:35.143,9.21016,9.21187,1.00,1.00
2014.08.05 14:34:35.451,9.21016,9.21189,1.00,1.00
2014.08.05 14:34:35.555,9.21016,9.21186,1.00,1.00
2014.08.05 14:34:35.867,9.21016,9.21189,1.00,1.00
2014.08.05 14:34:36.115,9.21016,9.21186,1.00,1.00
2014.08.05 14:34:36.323,9.21016,9.21189,1.00,1.00
2014.08.05 14:34:36.425,9.21018,9.21189,1.00,1.00
2014.08.05 14:34:36.683,9.21016,9.21189,1.00,1.00
2014.08.05 14:34:37.563,9.21016,9.21188,1.00,1.00
2014.08.05 14:34:38.438,9.21016,9.21189,1.00,1.00
2014.08.05 14:34:39.496,9.21017,9.21189,1.00,1.00
2014.08.05 14:34:40.382,9.21016,9.21189,1.00,1.00
2014.08.05 14:34:41.289,9.21016,9.21186,1.00,1.00
2014.08.05 14:34:43.707,9.21016,9.21189,1.00,1.50
2014.08.05 14:34:43.808,9.21016,9.21181,1.00,1.00
2014.08.05 14:34:44.386,9.21016,9.21179,1.00,1.00
2014.08.05 14:34:48.314,9.21016,9.21188,1.00,1.00
2014.08.05 14:34:52.637,9.21026,9.21188,1.00,1.00
2014.08.05 14:34:53.181,9.21026,9.21189,1.00,1.00
2014.08.05 14:34:55.817,9.21018,9.21198,1.00,1.00
2014.08.05 14:34:55.982,9.21018,9.21194,1.00,1.88
2014.08.05 14:34:56.307,9.21032,9.21174,1.00,1.00
2014.08.05 14:34:56.611,9.21056,9.21174,1.00,1.00
2014.08.05 14:34:56.670,9.21036,9.21174,1.00,1.00
2014.08.05 14:34:56.822,9.21035,9.21194,1.00,2.63
2014.08.05 14:34:56.873,9.21026,9.21194,1.00,2.63
2014.08.05 14:34:56.923,9.21036,9.21194,1.00,2.63
2014.08.05 14:34:57.263,9.21045,9.21199,1.00,1.00
2014.08.05 14:35:01.782,9.21025,9.21199,1.00,1.00
2014.08.05 14:35:01.833,9.21022,9.21199,1.00,1.00
2014.08.05 14:35:02.680,9.21038,9.21199,1.00,1.00
2014.08.05 14:35:03.742,9.21066,9.21199,1.00,1.00
2014.08.05 14:35:05.244,9.21048,9.21199,1.00,1.00
2014.08.05 14:35:07.164,9.21038,9.21199,1.00,1.00
2014.08.05 14:35:08.897,9.21019,9.21199,1.00,1.00
2014.08.05 14:35:08.998,9.21023,9.21199,1.00,1.00
2014.08.05 14:35:09.099,9.21016,9.21199,1.00,1.00
2014.08.05 14:35:09.453,9.21016,9.2119,1.00,1.00
2014.08.05 14:35:11.204,9.21016,9.21192,1.00,1.00
2014.08.05 14:35:21.535,9.21016,9.21199,1.00,1.00
2014.08.05 14:35:21.643,9.21016,9.21193,1.00,1.00
2014.08.05 14:35:22.518,9.21016,9.21192,1.00,1.00
2014.08.05 14:35:23.111,9.21026,9.21192,1.00,1.00
2014.08.05 14:35:23.456,9.21026,9.21187,1.00,1.00
2014.08.05 14:35:24.159,9.21026,9.21194,1.00,1.00
2014.08.05 14:35:28.935,9.21026,9.21185,1.00,1.00
2014.08.05 14:35:29.435,9.21026,9.21193,1.00,1.00
2014.08.05 14:35:30.147,9.21036,9.21193,1.00,1.00
2014.08.05 14:35:30.248,9.21036,9.21199,1.00,1.00
2014.08.05 14:35:30.584,9.21036,9.21193,1.00,1.00
2014.08.05 14:35:31.429,9.21036,9.21199,1.00,1.00
2014.08.05 14:35:33.928,9.21056,9.21199,1.00,1.00
2014.08.05 14:35:34.895,9.21046,9.21199,1.00,1.00
2014.08.05 14:35:39.379,9.21031,9.21199,1.00,1.00
2014.08.05 14:35:39.480,9.21017,9.21199,1.00,1.00
2014.08.05 14:35:39.581,9.21015,9.2119,1.00,1.00
2014.08.05 14:35:39.632,9.21001,9.2119,1.00,1.00
2014.08.05 14:35:40.145,9.21016,9.2119,1.00,1.00
2014.08.05 14:35:40.347,9.21016,9.21198,1.00,1.00
2014.08.05 14:35:40.708,9.21023,9.21198,1.00,1.00
2014.08.05 14:35:41.012,9.21066,9.21213,1.88,1.00
2014.08.05 14:35:41.113,9.21066,9.21223,1.88,1.00
2014.08.05 14:35:41.164,9.21066,9.2122,1.88,1.00
2014.08.05 14:35:42.441,9.21066,9.2115,1.88,1.00
2014.08.05 14:35:42.491,9.21046,9.2115,1.88,1.00
2014.08.05 14:35:42.542,9.21046,9.2114,1.88,1.00
2014.08.05 14:35:42.643,9.21046,9.21156,1.88,1.00
2014.08.05 14:35:42.694,9.21026,9.21156,1.00,1.00
2014.08.05 14:35:42.910,9.2102,9.21156,1.00,1.00
2014.08.05 14:35:43.113,9.2102,9.21144,1.00,1.88
2014.08.05 14:35:43.214,9.20986,9.21144,1.50,1.88
2014.08.05 14:35:43.316,9.20986,9.21108,1.50,1.00
2014.08.05 14:35:43.367,9.20945,9.21108,1.00,1.00
2014.08.05 14:35:43.418,9.20945,9.21092,1.00,1.00
2014.08.05 14:35:43.620,9.20945,9.21103,1.00,1.00
2014.08.05 14:35:44.268,9.20945,9.21093,1.00,1.00
2014.08.05 14:35:44.572,9.20966,9.21093,1.00,1.00
2014.08.05 14:35:44.875,9.20966,9.21084,1.00,1.00
2014.08.05 14:35:45.640,9.20956,9.21084,1.00,1.00
2014.08.05 14:35:45.893,9.20926,9.21084,3.38,1.00
2014.08.05 14:35:45.994,9.20926,9.21072,1.88,1.00
2014.08.05 14:35:46.253,9.20886,9.21057,1.00,1.00
2014.08.05 14:35:46.303,9.20886,9.21037,1.00,1.00
2014.08.05 14:35:46.623,9.20896,9.21037,1.00,1.00
2014.08.05 14:35:47.106,9.20886,9.21037,1.00,1.00
2014.08.05 14:35:47.208,9.20886,9.21047,1.00,1.00
2014.08.05 14:35:47.309,9.20869,9.21047,1.00,1.00
2014.08.05 14:35:47.410,9.20867,9.21029,1.00,1.00
2014.08.05 14:35:47.959,9.20866,9.21029,2.25,1.00
2014.08.05 14:35:49.616,9.20985,9.21029,1.00,1.00
2014.08.05 14:35:49.668,9.20986,9.21046,1.00,1.00
2014.08.05 14:35:49.719,9.20986,9.21074,1.00,1.50
2014.08.05 14:35:49.821,9.20986,9.21106,1.00,1.00
2014.08.05 14:35:49.922,9.20986,9.21121,1.00,1.00
2014.08.05 14:35:50.124,9.20986,9.21127,1.00,1.00
2014.08.05 14:35:50.653,9.20986,9.21128,1.00,1.00
2014.08.05 14:35:50.920,9.20986,9.2113,1.00,1.00
2014.08.05 14:35:51.987,9.20986,9.21129,1.00,1.00
2014.08.05 14:35:56.102,9.20986,9.21132,1.00,1.00
2014.08.05 14:35:57.270,9.20986,9.2113,1.00,1.00
2014.08.05 14:35:58.253,9.20986,9.21132,1.00,1.00
2014.08.05 14:36:00.476,9.20986,9.21129,1.00,1.00
2014.08.05 14:36:06.113,9.20986,9.21132,1.00,1.00
2014.08.05 14:36:06.393,9.20986,9.21128,1.00,1.00
2014.08.05 14:36:07.399,9.20986,9.21132,1.00,1.00
2014.08.05 14:36:08.584,9.20986,9.2113,1.00,2.10
2014.08.05 14:36:08.635,9.20966,9.21093,1.88,1.00
2014.08.05 14:36:08.686,9.20952,9.21074,1.00,1.00
2014.08.05 14:36:09.033,9.20952,9.21056,1.00,1.00
2014.08.05 14:36:10.113,9.20916,9.21056,1.00,1.00
2014.08.05 14:36:15.476,9.20955,9.21056,1.88,1.00
2014.08.05 14:36:15.577,9.20955,9.21068,1.88,1.00
2014.08.05 14:36:15.679,9.20916,9.21068,1.00,1.00
2014.08.05 14:36:15.780,9.20916,9.21049,1.00,1.00
2014.08.05 14:36:16.468,9.20921,9.21049,1.00,1.00
2014.08.05 14:36:16.572,9.20916,9.21049,1.00,1.00
2014.08.05 14:36:17.093,9.20966,9.21049,1.00,1.00
2014.08.05 14:36:17.296,9.20966,9.21076,1.00,1.00
2014.08.05 14:36:17.397,9.20966,9.2111,1.00,1.00
2014.08.05 14:36:17.549,9.20966,9.21113,1.00,1.00
2014.08.05 14:36:18.374,9.20966,9.21119,1.00,1.00
2014.08.05 14:36:18.648,9.20966,9.2113,2.63,1.00
2014.08.05 14:36:19.114,9.20976,9.21131,1.00,1.00
2014.08.05 14:36:20.375,9.21009,9.21131,1.00,1.00
2014.08.05 14:36:20.426,9.21009,9.21141,1.00,1.50
2014.08.05 14:36:20.477,9.21023,9.21141,1.00,1.50
2014.08.05 14:36:20.578,9.21009,9.21141,1.00,1.00
2014.08.05 14:36:20.629,9.21009,9.21176,1.00,1.00
2014.08.05 14:36:20.680,9.21037,9.21176,1.00,1.00
2014.08.05 14:36:20.731,9.21037,9.21189,1.00,1.00
2014.08.05 14:36:20.782,9.21037,9.21194,1.00,2.63
2014.08.05 14:36:20.883,9.21016,9.21194,1.00,1.88
2014.08.05 14:36:21.035,9.21025,9.21194,1.00,1.88
2014.08.05 14:36:21.397,9.2103,9.21194,1.00,1.88
2014.08.05 14:36:21.708,9.21036,9.21194,1.00,1.88
2014.08.05 14:36:21.809,9.21036,9.21208,1.00,1.00
2014.08.05 14:36:23.284,9.21036,9.21199,1.00,1.00
2014.08.05 14:36:23.335,9.2103,9.21199,1.00,1.00
2014.08.05 14:36:23.386,9.2103,9.21187,1.00,1.00
2014.08.05 14:36:23.551,9.21021,9.21187,1.00,1.00
2014.08.05 14:36:23.787,9.21034,9.21187,1.00,1.00
2014.08.05 14:36:23.941,9.21034,9.21204,1.00,1.00
2014.08.05 14:36:23.992,9.21021,9.21204,1.00,1.00
2014.08.05 14:36:24.044,9.21021,9.21202,1.00,1.00
2014.08.05 14:36:24.349,9.21021,9.21182,1.00,1.00
2014.08.05 14:36:24.653,9.21027,9.21182,1.00,1.00
2014.08.05 14:36:24.705,9.21027,9.21205,1.00,1.00
2014.08.05 14:36:29.600,9.21026,9.21193,1.00,1.00
2014.08.05 14:36:29.752,9.21011,9.21183,1.00,1.00
2014.08.05 14:36:29.967,9.21003,9.21183,1.00,1.00
2014.08.05 14:36:31.407,9.21002,9.21183,1.00,1.00
2014.08.05 14:36:31.457,9.21002,9.21158,1.00,1.00
2014.08.05 14:36:31.610,9.20996,9.21158,1.50,1.00
2014.08.05 14:36:31.660,9.20988,9.21147,1.00,1.00
2014.08.05 14:36:31.711,9.20976,9.21147,1.50,1.00
2014.08.05 14:36:31.762,9.20971,9.21138,1.00,1.00
2014.08.05 14:36:31.813,9.20966,9.21138,1.00,1.00
2014.08.05 14:36:31.914,9.20963,9.21138,1.00,1.00
2014.08.05 14:36:32.065,9.20956,9.21138,1.00,1.00
2014.08.05 14:36:32.644,9.20976,9.21128,1.00,1.00
2014.08.05 14:36:32.847,9.20976,9.21137,1.00,1.00
2014.08.05 14:36:35.041,9.20976,9.21128,1.00,1.00
2014.08.05 14:36:35.150,9.20966,9.21128,1.00,1.00
2014.08.05 14:36:36.128,9.20976,9.21128,1.00,1.00
2014.08.05 14:36:36.481,9.20976,9.21136,1.00,1.00
2014.08.05 14:36:36.589,9.20986,9.21136,1.00,1.00
2014.08.05 14:36:37.186,9.20986,9.21137,1.00,1.00
2014.08.05 14:36:39.417,9.20986,9.21128,1.00,1.00
2014.08.05 14:36:44.504,9.20986,9.21137,1.00,1.00
2014.08.05 14:36:49.248,9.20976,9.21137,1.00,1.00
2014.08.05 14:36:49.298,9.20976,9.21128,1.00,1.00
2014.08.05 14:36:49.508,9.20976,9.21137,1.00,1.00
2014.08.05 14:36:49.609,9.20976,9.21128,1.00,1.00
2014.08.05 14:36:50.177,9.20976,9.21137,1.00,1.00
2014.08.05 14:36:50.843,9.20976,9.21127,1.00,1.00
2014.08.05 14:36:51.050,9.20976,9.21136,1.00,1.00
2014.08.05 14:36:51.257,9.20976,9.21127,1.00,1.00
2014.08.05 14:36:51.359,9.20976,9.21137,1.00,1.00
2014.08.05 14:36:51.945,9.20976,9.21126,1.00,1.00
2014.08.05 14:36:52.276,9.20976,9.21136,1.00,1.00
2014.08.05 14:36:52.500,9.20976,9.21126,1.00,1.00
2014.08.05 14:36:52.816,9.20976,9.21138,1.00,1.00
2014.08.05 14:36:53.018,9.20976,9.21129,1.00,1.00
2014.08.05 14:36:53.376,9.20976,9.21138,1.00,1.00
2014.08.05 14:36:53.578,9.20976,9.21129,1.00,1.00
2014.08.05 14:36:54.325,9.20976,9.21138,1.00,1.00
2014.08.05 14:36:54.887,9.20976,9.21129,1.00,1.00
2014.08.05 14:36:55.097,9.20976,9.21138,1.00,1.00
2014.08.05 14:36:55.198,9.20976,9.2113,1.00,1.00
2014.08.05 14:36:56.377,9.20976,9.21138,1.00,1.00
2014.08.05 14:36:56.478,9.20976,9.2113,1.00,1.00
2014.08.05 14:36:56.681,9.20976,9.2114,1.00,1.00
2014.08.05 14:36:56.883,9.20976,9.2113,1.00,1.00
2014.08.05 14:36:57.766,9.20976,9.21139,1.00,1.50
2014.08.05 14:36:57.982,9.20976,9.21129,1.00,1.00
2014.08.05 14:36:58.314,9.20976,9.21139,1.00,1.50
2014.08.05 14:37:00.155,9.20976,9.2113,1.00,1.00
2014.08.05 14:37:00.786,9.20976,9.21139,1.00,1.50
2014.08.05 14:37:01.205,9.20976,9.21128,1.00,1.00
2014.08.05 14:37:01.408,9.20976,9.21134,1.00,1.00
2014.08.05 14:37:02.303,9.20966,9.21134,1.00,1.00
2014.08.05 14:37:02.404,9.20966,9.21139,1.00,1.00
2014.08.05 14:37:02.512,9.20966,9.21129,1.00,1.00
2014.08.05 14:37:02.986,9.20966,9.21138,1.00,1.00
2014.08.05 14:37:03.303,9.20966,9.21129,1.00,1.00
2014.08.05 14:37:05.041,9.20974,9.2112,1.00,1.00
2014.08.05 14:37:05.715,9.20966,9.2112,1.00,1.00
2014.08.05 14:37:05.924,9.20971,9.2112,1.00,1.00
2014.08.05 14:37:06.677,9.20966,9.2112,1.00,1.00
2014.08.05 14:37:06.783,9.2097,9.2112,1.00,1.00
2014.08.05 14:37:07.134,9.20966,9.2112,1.00,1.00
2014.08.05 14:37:07.809,9.2097,9.2112,1.00,1.00
2014.08.05 14:37:08.323,9.20966,9.2112,1.00,1.00
2014.08.05 14:37:08.584,9.20976,9.2112,1.00,1.00
2014.08.05 14:37:08.735,9.20976,9.21129,1.00,1.00
2014.08.05 14:37:09.510,9.20976,9.2112,1.00,1.00
2014.08.05 14:37:09.820,9.20976,9.21111,1.00,1.00
2014.08.05 14:37:11.569,9.20976,9.21122,1.00,1.00
2014.08.05 14:37:11.830,9.20976,9.21113,1.00,1.00
2014.08.05 14:37:12.049,9.20976,9.21123,1.00,1.00
2014.08.05 14:37:12.359,9.20966,9.21123,1.00,1.00
2014.08.05 14:37:15.939,9.20966,9.21115,1.00,1.00
2014.08.05 14:37:16.183,9.2097,9.21124,1.00,1.00
2014.08.05 14:37:16.300,9.2097,9.21114,1.00,1.00
2014.08.05 14:37:16.825,9.20966,9.21124,1.00,1.00
2014.08.05 14:37:16.977,9.20961,9.21115,1.00,1.00
2014.08.05 14:37:17.293,9.20961,9.21124,1.00,1.00
2014.08.05 14:37:17.920,9.20961,9.21115,1.00,1.00
2014.08.05 14:37:18.130,9.20961,9.21123,1.00,1.00
2014.08.05 14:37:18.232,9.20956,9.21123,1.00,1.00
2014.08.05 14:37:19.245,9.20956,9.21114,1.00,1.00
2014.08.05 14:37:19.468,9.20956,9.21124,1.00,1.00
2014.08.05 14:37:19.978,9.20956,9.21115,1.00,1.00
2014.08.05 14:37:20.130,9.20956,9.21124,1.00,1.00
2014.08.05 14:37:20.232,9.20956,9.21115,1.00,1.00
2014.08.05 14:37:21.179,9.20956,9.21124,1.00,1.00
2014.08.05 14:37:25.759,9.20956,9.21115,1.00,1.00
2014.08.05 14:37:28.238,9.20958,9.21115,1.00,1.00
2014.08.05 14:37:30.001,9.20956,9.21115,1.00,1.00
2014.08.05 14:37:31.442,9.20956,9.21127,1.00,1.00
2014.08.05 14:37:31.653,9.20956,9.21118,1.00,1.00
2014.08.05 14:37:32.799,9.20946,9.21118,1.88,1.00
2014.08.05 14:37:34.973,9.20951,9.21118,1.00,1.00
2014.08.05 14:37:35.648,9.20946,9.21118,1.88,1.00
2014.08.05 14:37:36.591,9.20948,9.21118,1.00,1.00
2014.08.05 14:37:41.990,9.20958,9.21118,1.00,1.00
2014.08.05 14:37:45.661,9.20958,9.21127,1.00,1.00
2014.08.05 14:37:45.762,9.20966,9.21127,1.00,1.00
2014.08.05 14:37:47.323,9.20966,9.21119,1.00,1.00
2014.08.05 14:37:47.852,9.20966,9.21127,1.00,1.00
2014.08.05 14:37:48.471,9.20964,9.21127,1.00,1.00
2014.08.05 14:37:49.745,9.20964,9.21118,1.00,1.00
2014.08.05 14:37:49.976,9.20964,9.21128,1.00,1.00
2014.08.05 14:37:50.806,9.20955,9.21119,1.00,1.00
2014.08.05 14:37:51.168,9.20955,9.21128,1.00,1.00
2014.08.05 14:37:51.483,9.20955,9.21119,1.00,1.00
2014.08.05 14:37:52.017,9.20955,9.21129,1.00,1.00
2014.08.05 14:37:52.265,9.20955,9.21119,1.00,1.00
2014.08.05 14:37:52.893,9.20955,9.21128,1.00,1.00
2014.08.05 14:37:53.044,9.20955,9.21119,1.00,1.00
2014.08.05 14:37:55.106,9.20955,9.21128,1.00,1.00
2014.08.05 14:37:56.087,9.20946,9.21128,2.63,1.00
2014.08.05 14:37:56.188,9.20953,9.21128,1.00,1.00
2014.08.05 14:37:56.542,9.20946,9.21128,2.63,1.00
2014.08.05 14:37:57.080,9.20954,9.21128,1.00,1.00
2014.08.05 14:37:57.534,9.20951,9.21128,1.00,1.00
2014.08.05 14:37:58.040,9.20946,9.21128,2.63,1.00
2014.08.05 14:37:58.192,9.20951,9.21128,1.00,1.00
2014.08.05 14:38:01.133,9.20951,9.21119,1.00,1.00
2014.08.05 14:38:01.444,9.20951,9.21129,1.00,1.00
2014.08.05 14:38:02.086,9.20951,9.2112,1.00,1.00
2014.08.05 14:38:02.306,9.20951,9.2113,1.00,1.00
2014.08.05 14:38:02.458,9.20951,9.2112,1.00,1.00
2014.08.05 14:38:02.768,9.20951,9.2113,1.00,1.00
2014.08.05 14:38:02.877,9.20951,9.2112,1.00,1.00
2014.08.05 14:38:02.986,9.20951,9.21129,1.00,1.00
2014.08.05 14:38:03.097,9.20951,9.2112,1.00,1.00
2014.08.05 14:38:03.648,9.20951,9.2112,1.00,1.38
2014.08.05 14:38:03.951,9.20936,9.21085,1.00,1.00
2014.08.05 14:38:04.052,9.20914,9.21085,1.00,1.00
2014.08.05 14:38:04.203,9.20923,9.21094,1.00,1.00
2014.08.05 14:38:04.822,9.20923,9.21083,1.00,1.00
2014.08.05 14:38:04.973,9.20911,9.21083,1.00,1.00
2014.08.05 14:38:05.263,9.20911,9.21092,1.00,1.00
2014.08.05 14:38:05.823,9.20911,9.21083,1.00,1.00
2014.08.05 14:38:06.417,9.20911,9.21092,1.00,1.00
2014.08.05 14:38:06.889,9.20921,9.21092,1.00,1.00
2014.08.05 14:38:11.618,9.20936,9.21092,1.00,1.00
2014.08.05 14:38:13.078,9.20946,9.21092,1.00,1.00
2014.08.05 14:38:13.384,9.20956,9.21092,1.00,1.00
2014.08.05 14:38:14.539,9.20956,9.2107,1.00,1.00
2014.08.05 14:38:14.589,9.20933,9.2107,1.00,1.00
2014.08.05 14:38:14.640,9.20933,9.21048,1.00,1.00
2014.08.05 14:38:14.792,9.20905,9.21032,1.00,1.00
2014.08.05 14:38:14.893,9.20891,9.21032,1.00,1.00
2014.08.05 14:38:14.994,9.2088,9.21041,1.00,1.00
2014.08.05 14:38:15.095,9.2088,9.2105,1.00,1.00
2014.08.05 14:38:15.146,9.20896,9.2105,1.00,1.00
2014.08.05 14:38:15.459,9.20905,9.2105,1.00,1.00
2014.08.05 14:38:15.564,9.20895,9.2105,1.00,1.00
2014.08.05 14:38:15.716,9.20895,9.21039,1.00,1.00
2014.08.05 14:38:16.239,9.20896,9.21039,1.00,1.00
2014.08.05 14:38:16.340,9.20886,9.21039,1.00,1.00
2014.08.05 14:38:16.571,9.20876,9.21039,1.00,1.00
2014.08.05 14:38:16.723,9.20876,9.21029,1.00,1.00
2014.08.05 14:38:17.132,9.20896,9.21029,1.00,1.00
2014.08.05 14:38:17.284,9.20896,9.21043,1.00,1.00
2014.08.05 14:38:17.385,9.20896,9.21048,1.00,1.00
2014.08.05 14:38:17.587,9.20901,9.21048,1.00,1.00
2014.08.05 14:38:18.051,9.20901,9.21061,1.00,1.00
2014.08.05 14:38:18.102,9.20895,9.21061,1.00,1.00
2014.08.05 14:38:18.152,9.20895,9.21034,1.00,1.00
2014.08.05 14:38:18.304,9.20876,9.21018,1.00,1.00
2014.08.05 14:38:18.456,9.20876,9.21009,1.00,1.00
2014.08.05 14:38:19.093,9.20866,9.21009,1.00,1.00
2014.08.05 14:38:20.859,9.20855,9.21009,1.00,1.00
2014.08.05 14:38:24.265,9.20855,9.21,1.00,1.00
2014.08.05 14:38:24.372,9.20845,9.21,1.00,1.00
2014.08.05 14:38:24.473,9.20845,9.21009,1.00,1.00
2014.08.05 14:38:25.131,9.20856,9.21009,1.00,1.00
2014.08.05 14:38:25.682,9.20856,9.21,1.00,1.00
2014.08.05 14:38:26.172,9.20846,9.21,1.00,1.00
2014.08.05 14:38:32.008,9.20846,9.21009,1.00,1.00
2014.08.05 14:38:34.766,9.20846,9.21,1.00,1.00
2014.08.05 14:38:35.132,9.20856,9.21009,1.00,1.00
2014.08.05 14:38:43.340,9.20856,9.21009,1.75,1.00
2014.08.05 14:38:43.593,9.20896,9.21042,1.00,1.00
2014.08.05 14:38:43.694,9.20885,9.21042,2.63,1.00
2014.08.05 14:38:43.808,9.20885,9.21051,2.63,1.00
2014.08.05 14:38:44.586,9.20885,9.21064,2.63,1.00
2014.08.05 14:38:44.700,9.20906,9.21064,1.00,1.00
2014.08.05 14:38:45.003,9.20916,9.21074,1.00,1.00
2014.08.05 14:38:45.590,9.20906,9.21074,1.50,1.00
2014.08.05 14:38:47.863,9.20906,9.21063,1.00,1.00
2014.08.05 14:38:47.913,9.20896,9.21063,2.63,1.00
2014.08.05 14:38:48.014,9.20896,9.21038,2.63,1.00
2014.08.05 14:38:49.882,9.20916,9.21038,1.00,1.00
2014.08.05 14:38:50.034,9.20916,9.21063,1.00,1.00
2014.08.05 14:38:50.135,9.20906,9.21072,1.00,1.00
2014.08.05 14:38:51.121,9.20916,9.21072,1.00,1.00
2014.08.05 14:38:51.222,9.20916,9.21081,1.00,1.00
2014.08.05 14:38:51.323,9.20898,9.21081,1.00,1.00
2014.08.05 14:38:51.374,9.20898,9.21054,1.00,1.88
2014.08.05 14:38:51.687,9.20916,9.2102,1.00,1.00
2014.08.05 14:38:51.788,9.20916,9.21054,1.00,1.00
2014.08.05 14:38:51.890,9.20906,9.21054,1.50,1.00
2014.08.05 14:38:52.210,9.20906,9.21074,1.00,1.00
2014.08.05 14:38:52.311,9.20915,9.21079,1.00,1.00
2014.08.05 14:38:52.850,9.20926,9.21079,1.00,1.00
2014.08.05 14:38:53.293,9.20916,9.21079,1.00,1.00
2014.08.05 14:38:54.070,9.20936,9.21079,1.00,1.00
2014.08.05 14:38:54.426,9.20916,9.21079,1.00,1.00
2014.08.05 14:38:58.139,9.20926,9.21079,1.00,1.00
2014.08.05 14:38:58.449,9.20946,9.21079,1.00,1.00
2014.08.05 14:38:59.644,9.20936,9.21079,1.00,1.00
2014.08.05 14:39:05.840,9.20946,9.21079,1.00,1.00
2014.08.05 14:39:07.155,9.20946,9.21088,1.00,1.00
2014.08.05 14:39:07.358,9.20926,9.21088,1.00,1.00
2014.08.05 14:39:07.570,9.20936,9.21088,1.00,1.00
2014.08.05 14:39:09.354,9.20926,9.21088,1.00,1.00
2014.08.05 14:39:10.888,9.20946,9.21088,1.00,1.00
2014.08.05 14:39:10.990,9.20946,9.21097,1.00,1.00
2014.08.05 14:39:11.091,9.20966,9.21097,1.00,1.00
2014.08.05 14:39:11.445,9.20976,9.21097,1.00,1.00
2014.08.05 14:39:11.881,9.20966,9.21097,1.00,1.00
2014.08.05 14:39:11.982,9.20966,9.21106,1.00,1.00
2014.08.05 14:39:12.083,9.20976,9.21106,1.00,1.00
2014.08.05 14:39:12.396,9.20976,9.21097,1.00,1.00
2014.08.05 14:39:14.150,9.20966,9.21097,1.00,1.00
2014.08.05 14:39:14.718,9.20966,9.21088,1.00,1.00
2014.08.05 14:39:14.819,9.20955,9.21097,1.00,1.00
2014.08.05 14:39:14.920,9.20955,9.21088,1.00,1.00
2014.08.05 14:39:15.133,9.20955,9.21097,1.00,1.00
2014.08.05 14:39:15.703,9.20955,9.21088,1.00,1.00
2014.08.05 14:39:18.899,9.20966,9.21088,1.00,1.00
2014.08.05 14:39:20.884,9.20956,9.21088,1.00,1.00
2014.08.05 14:39:30.141,9.20945,9.21088,1.00,1.00
2014.08.05 14:39:32.302,9.20946,9.21088,1.00,1.00
2014.08.05 14:39:32.404,9.20946,9.21116,1.00,1.00
2014.08.05 14:39:32.455,9.21006,9.21117,1.00,1.00
2014.08.05 14:39:32.606,9.21006,9.21131,1.00,1.00
2014.08.05 14:39:32.657,9.21026,9.21131,1.00,1.00
2014.08.05 14:39:32.708,9.21026,9.21143,1.00,1.00
2014.08.05 14:39:47.823,9.21036,9.21143,1.00,1.00
2014.08.05 14:39:47.874,9.21036,9.21159,1.00,1.00
2014.08.05 14:39:48.077,9.21042,9.21159,1.00,1.00
2014.08.05 14:39:50.678,9.21049,9.21159,1.00,1.00
2014.08.05 14:39:53.116,9.2104,9.21159,1.00,1.00
2014.08.05 14:39:53.989,9.21048,9.21159,1.00,1.00
2014.08.05 14:39:54.200,9.21036,9.21159,1.00,1.00
2014.08.05 14:39:57.095,9.21045,9.21168,1.00,1.00
2014.08.05 14:39:57.211,9.21036,9.21168,1.00,1.00
2014.08.05 14:39:57.727,9.21036,9.21159,1.00,1.00
2014.08.05 14:39:59.171,9.21036,9.21168,1.00,1.00
2014.08.05 14:39:59.586,9.21096,9.21168,1.00,1.00
2014.08.05 14:39:59.687,9.21096,9.21188,1.00,1.00
2014.08.05 14:39:59.789,9.21096,9.21205,1.00,1.00
2014.08.05 14:39:59.840,9.21096,9.21217,1.00,1.00
2014.08.05 14:40:00.143,9.21096,9.21208,1.00,1.00
2014.08.05 14:40:00.778,9.21096,9.21218,1.00,1.00
2014.08.05 14:40:00.929,9.21096,9.21231,2.63,1.00
2014.08.05 14:40:01.386,9.21098,9.21231,1.00,1.00
2014.08.05 14:40:01.813,9.21096,9.21231,2.63,1.00
2014.08.05 14:40:02.281,9.21106,9.21231,1.00,1.00
2014.08.05 14:40:10.906,9.21106,9.21246,1.00,1.00
2014.08.05 14:40:11.007,9.21106,9.21255,1.00,1.00
2014.08.05 14:40:11.058,9.21115,9.21255,1.00,1.00
2014.08.05 14:40:11.947,9.21117,9.21255,1.00,1.00
2014.08.05 14:40:12.781,9.21146,9.21255,1.00,1.00
2014.08.05 14:40:12.983,9.21146,9.21272,1.00,1.00
2014.08.05 14:40:13.164,9.21156,9.21281,1.00,1.00
2014.08.05 14:40:13.281,9.21156,9.21291,1.00,1.00
2014.08.05 14:40:13.332,9.21216,9.21291,1.75,1.00
2014.08.05 14:40:13.383,9.21216,9.213,1.75,1.00
2014.08.05 14:40:13.534,9.21216,9.21337,1.75,1.00
2014.08.05 14:40:13.585,9.21209,9.21359,1.75,1.00
2014.08.05 14:40:13.636,9.21209,9.21359,1.00,1.00
2014.08.05 14:40:13.687,9.21245,9.21359,1.00,1.00
2014.08.05 14:40:13.738,9.21245,9.21374,1.00,1.00
2014.08.05 14:40:13.789,9.21218,9.21374,1.00,1.00
2014.08.05 14:40:14.041,9.21216,9.21374,1.88,1.00
2014.08.05 14:40:14.400,9.21226,9.21374,1.88,1.00
2014.08.05 14:40:14.709,9.21226,9.21383,1.88,1.00
2014.08.05 14:40:14.962,9.21236,9.21383,1.88,1.00
2014.08.05 14:40:15.382,9.21245,9.21383,1.88,1.00
2014.08.05 14:40:15.584,9.21245,9.21392,1.88,1.00
2014.08.05 14:40:16.149,9.21251,9.21392,1.00,1.00
2014.08.05 14:40:16.351,9.21215,9.21392,1.75,1.00
2014.08.05 14:40:16.402,9.21215,9.21392,1.00,1.00
2014.08.05 14:40:16.554,9.21215,9.21378,1.00,1.00
2014.08.05 14:40:16.655,9.21207,9.21378,1.00,1.00
2014.08.05 14:40:16.908,9.21221,9.21378,1.00,1.00
2014.08.05 14:40:18.120,9.21226,9.21378,1.88,1.00
2014.08.05 14:40:18.924,9.21226,9.21387,1.88,1.00
2014.08.05 14:40:19.076,9.2124,9.21387,1.00,1.00
2014.08.05 14:40:19.430,9.21246,9.21387,1.88,1.00
2014.08.05 14:40:20.069,9.21261,9.21387,1.00,1.00
2014.08.05 14:40:20.541,9.21261,9.214,1.00,1.00
2014.08.05 14:40:20.984,9.21261,9.21408,1.00,1.00
2014.08.05 14:40:21.517,9.21266,9.21408,1.88,1.00
2014.08.05 14:40:21.870,9.21266,9.21417,1.88,1.00
2014.08.05 14:40:22.750,9.21233,9.21417,1.00,1.00
2014.08.05 14:40:22.801,9.21224,9.2141,1.00,1.00
2014.08.05 14:40:22.851,9.21224,9.21391,1.00,1.00
2014.08.05 14:40:22.953,9.21207,9.21381,1.00,1.00
2014.08.05 14:40:23.070,9.2121,9.21381,1.00,1.00
2014.08.05 14:40:23.590,9.21211,9.21381,1.00,1.00
2014.08.05 14:40:23.921,9.2122,9.21381,1.00,1.00
2014.08.05 14:40:32.275,9.21212,9.21381,1.00,1.00
2014.08.05 14:40:36.807,9.21216,9.21381,1.00,1.00
2014.08.05 14:40:36.959,9.2122,9.21391,1.00,1.00
2014.08.05 14:40:37.111,9.2122,9.21378,1.00,1.00
2014.08.05 14:40:37.414,9.21189,9.21315,1.75,1.00
2014.08.05 14:40:38.100,9.2116,9.21315,1.00,1.00
2014.08.05 14:40:38.252,9.2116,9.21294,1.00,1.00
2014.08.05 14:40:38.555,9.21196,9.21324,2.63,1.00
2014.08.05 14:40:38.606,9.21196,9.21347,2.63,1.50
2014.08.05 14:40:38.707,9.21206,9.21347,1.88,1.00
2014.08.05 14:40:38.980,9.21206,9.21367,1.88,1.00
2014.08.05 14:40:39.081,9.21206,9.21373,1.88,1.00
2014.08.05 14:40:39.132,9.21194,9.21324,1.00,1.88
2014.08.05 14:40:39.443,9.21167,9.21281,1.75,1.00
2014.08.05 14:40:39.747,9.21167,9.21272,1.00,1.00
2014.08.05 14:40:40.282,9.21126,9.21272,1.75,1.00
2014.08.05 14:40:40.494,9.21126,9.21272,1.75,1.00
2014.08.05 14:40:40.758,9.21126,9.21263,1.75,1.00
2014.08.05 14:40:41.279,9.21126,9.21263,1.75,1.00
2014.08.05 14:40:41.330,9.21156,9.21263,1.00,1.00
2014.08.05 14:40:41.431,9.21156,9.21279,1.00,1.00
2014.08.05 14:40:41.482,9.21176,9.21279,1.88,1.00
2014.08.05 14:40:41.533,9.21176,9.21299,1.88,1.00
2014.08.05 14:40:41.584,9.21176,9.21313,1.88,1.00
2014.08.05 14:40:41.685,9.21166,9.21313,1.88,1.00
2014.08.05 14:40:42.215,9.21166,9.21304,1.88,1.00
2014.08.05 14:40:42.529,9.21166,9.21313,1.88,1.00
2014.08.05 14:40:42.579,9.21166,9.21313,2.63,1.00
2014.08.05 14:40:42.731,9.21196,9.21333,2.63,1.00
2014.08.05 14:40:42.782,9.21196,9.21346,2.63,1.00
2014.08.05 14:40:42.833,9.21196,9.21351,2.63,1.00
2014.08.05 14:40:43.013,9.21205,9.21359,2.25,1.00
2014.08.05 14:40:44.389,9.21211,9.21359,1.00,1.00
2014.08.05 14:40:46.452,9.21211,9.21368,1.00,1.00
2014.08.05 14:40:48.621,9.21211,9.21344,1.00,1.88
2014.08.05 14:40:48.672,9.21191,9.21344,1.00,1.88
2014.08.05 14:40:48.723,9.21191,9.21342,1.00,1.00
2014.08.05 14:40:48.774,9.21181,9.21342,1.38,1.00
2014.08.05 14:40:48.825,9.21181,9.21295,1.38,1.00
2014.08.05 14:40:48.875,9.21175,9.21295,1.00,1.00
2014.08.05 14:40:50.212,9.21135,9.21295,1.75,1.00
2014.08.05 14:40:51.764,9.21135,9.21295,1.00,1.00
2014.08.05 14:40:54.158,9.21135,9.21294,1.00,1.00
2014.08.05 14:40:54.236,9.21135,9.21286,1.00,1.00
2014.08.05 14:41:11.380,9.21135,9.21295,1.00,1.00
2014.08.05 14:41:11.633,9.21135,9.21287,1.00,1.00
2014.08.05 14:41:28.842,9.21136,9.21287,1.00,1.00
2014.08.05 14:41:31.213,9.21136,9.21295,1.00,1.00
2014.08.05 14:41:35.519,9.21146,9.21295,1.00,1.00
2014.08.05 14:41:38.415,9.21156,9.21295,1.00,1.00
2014.08.05 14:41:38.797,9.21159,9.21295,2.92,1.00
2014.08.05 14:41:38.949,9.21195,9.21339,2.63,1.00
2014.08.05 14:41:39.051,9.21196,9.21359,1.50,1.50
2014.08.05 14:41:39.152,9.21196,9.21368,1.50,1.00
2014.08.05 14:41:39.203,9.21206,9.21368,1.88,1.00
2014.08.05 14:41:39.506,9.21214,9.21368,1.00,1.00
2014.08.05 14:41:39.615,9.21206,9.21368,2.63,1.00
2014.08.05 14:41:39.716,9.21206,9.21379,2.63,1.00
2014.08.05 14:41:39.818,9.21206,9.21389,2.63,1.00
2014.08.05 14:41:39.919,9.21215,9.21389,1.00,1.00
2014.08.05 14:41:40.425,9.21216,9.21389,1.00,1.00
2014.08.05 14:41:40.949,9.21211,9.2139,1.00,1.00
2014.08.05 14:41:41.439,9.21212,9.21378,1.00,1.00
2014.08.05 14:41:41.951,9.21211,9.21378,1.00,1.00
2014.08.05 14:41:42.690,9.2121,9.21378,1.00,1.00
2014.08.05 14:41:42.994,9.2121,9.21368,1.00,1.00
2014.08.05 14:41:43.920,9.2121,9.21355,1.00,1.00
2014.08.05 14:41:44.022,9.21201,9.21355,1.00,1.00
2014.08.05 14:41:46.092,9.21201,9.21343,1.00,1.00
2014.08.05 14:41:46.294,9.21201,9.21352,1.00,1.00
2014.08.05 14:41:46.845,9.21201,9.21352,1.50,1.00
2014.08.05 14:41:47.048,9.21206,9.21381,1.13,1.50
2014.08.05 14:41:47.149,9.21206,9.2139,2.25,1.00
2014.08.05 14:41:47.301,9.21211,9.2139,1.00,1.00
2014.08.05 14:41:47.605,9.21211,9.21381,1.00,1.00
2014.08.05 14:41:48.061,9.21211,9.21389,1.00,1.00
2014.08.05 14:41:49.221,9.21211,9.21398,1.00,1.00
2014.08.05 14:41:49.428,9.21216,9.21398,1.00,1.00
2014.08.05 14:41:49.755,9.2122,9.21398,1.00,1.00
2014.08.05 14:41:50.059,9.21231,9.21407,1.00,1.00
2014.08.05 14:41:50.110,9.21231,9.21417,1.00,1.00
2014.08.05 14:41:50.516,9.21237,9.21417,1.00,1.00
2014.08.05 14:41:50.830,9.21231,9.21417,1.00,1.00
2014.08.05 14:41:51.492,9.21235,9.21417,1.00,1.00
2014.08.05 14:41:52.583,9.21266,9.21417,1.00,1.00
2014.08.05 14:41:52.835,9.21286,9.21443,1.88,1.50
2014.08.05 14:41:52.936,9.21276,9.21443,1.88,1.00
2014.08.05 14:41:52.987,9.21276,9.21431,1.88,1.00
2014.08.05 14:41:53.189,9.21276,9.2144,1.88,1.00
2014.08.05 14:41:53.593,9.21291,9.2144,1.00,1.00
2014.08.05 14:41:53.815,9.21276,9.2144,2.63,1.00
2014.08.05 14:41:53.866,9.21276,9.2144,3.38,1.00
2014.08.05 14:41:53.967,9.21296,9.21458,1.88,1.00
2014.08.05 14:41:54.270,9.21296,9.21468,1.88,1.00
2014.08.05 14:41:54.371,9.21306,9.21468,1.88,1.00
2014.08.05 14:41:55.121,9.21311,9.21468,1.00,1.00
2014.08.05 14:41:55.324,9.21306,9.21468,1.88,1.00
2014.08.05 14:41:55.425,9.21306,9.21479,1.88,1.00
2014.08.05 14:41:55.475,9.21311,9.21479,1.00,1.00
2014.08.05 14:41:58.107,9.21306,9.21479,1.88,1.00
2014.08.05 14:41:58.208,9.21298,9.21479,1.00,1.00
2014.08.05 14:41:58.259,9.21298,9.21459,1.00,1.00
2014.08.05 14:41:58.410,9.21286,9.21459,1.88,1.00
2014.08.05 14:41:58.621,9.21296,9.21459,1.00,1.00
2014.08.05 14:41:59.298,9.21296,9.2145,1.00,1.00
2014.08.05 14:42:00.325,9.21296,9.2146,1.00,1.00
2014.08.05 14:42:02.237,9.21296,9.21451,1.00,1.00
2014.08.05 14:42:03.528,9.21296,9.2146,1.00,1.00
2014.08.05 14:42:04.713,9.21296,9.21451,1.00,1.00
2014.08.05 14:42:05.026,9.21296,9.21441,1.00,1.00
2014.08.05 14:42:05.699,9.21296,9.2145,1.00,1.00
2014.08.05 14:42:06.476,9.21296,9.2146,1.00,1.00
2014.08.05 14:42:07.516,9.21296,9.2145,1.00,1.00
2014.08.05 14:42:08.710,9.21296,9.2144,1.00,1.00
2014.08.05 14:42:09.165,9.21296,9.21449,1.00,1.00
2014.08.05 14:42:09.996,9.21296,9.21441,1.00,1.00
2014.08.05 14:42:15.486,9.21296,9.21431,1.00,1.00
2014.08.05 14:42:21.214,9.21296,9.21441,1.00,1.00
2014.08.05 14:42:22.363,9.21296,9.21432,1.00,1.00
2014.08.05 14:42:24.336,9.21296,9.21443,1.00,1.00
2014.08.05 14:42:25.196,9.21296,9.21431,1.00,1.00
2014.08.05 14:42:26.587,9.21276,9.21431,1.00,1.00
2014.08.05 14:42:26.945,9.21276,9.21422,1.00,1.00
2014.08.05 14:42:27.248,9.21276,9.21434,1.00,1.00
2014.08.05 14:42:27.462,9.21276,9.21425,1.00,1.00
2014.08.05 14:42:28.232,9.21276,9.21442,2.63,1.00
2014.08.05 14:42:28.799,9.21276,9.21429,1.00,1.00
2014.08.05 14:42:29.761,9.21276,9.21432,1.00,1.00
2014.08.05 14:42:30.716,9.21276,9.21442,2.63,1.50
2014.08.05 14:42:30.919,9.21276,9.21432,2.63,1.00
2014.08.05 14:42:32.106,9.21276,9.21386,1.00,1.00
2014.08.05 14:42:32.444,9.21266,9.21354,1.88,1.00
2014.08.05 14:42:32.748,9.21247,9.21283,1.88,2.10
2014.08.05 14:42:33.051,9.21096,9.21256,1.50,1.00
2014.08.05 14:42:33.748,9.21076,9.21256,1.00,1.00
2014.08.05 14:42:33.864,9.21068,9.21256,1.00,1.00
2014.08.05 14:42:33.915,9.21068,9.21243,1.00,2.10
2014.08.05 14:42:34.168,9.21047,9.21219,1.00,1.00
2014.08.05 14:42:34.672,9.21046,9.21219,1.00,1.35
2014.08.05 14:42:34.723,9.21037,9.21219,1.00,1.35
2014.08.05 14:42:35.026,9.21037,9.2121,1.00,1.00
2014.08.05 14:42:35.329,9.21037,9.21201,1.00,1.00
2014.08.05 14:42:35.798,9.21037,9.21211,1.00,1.00
2014.08.05 14:42:36.000,9.21037,9.212,1.00,1.00
2014.08.05 14:42:36.152,9.21026,9.212,1.00,1.00
2014.08.05 14:42:36.663,9.21025,9.212,1.00,1.00
2014.08.05 14:42:38.159,9.21021,9.212,1.00,1.00
2014.08.05 14:42:38.260,9.21021,9.21191,1.00,1.00
2014.08.05 14:42:39.344,9.21018,9.21191,1.00,1.00
2014.08.05 14:42:39.395,9.21018,9.21191,1.00,1.60
2014.08.05 14:42:39.648,9.20996,9.2117,3.38,1.00
2014.08.05 14:42:40.620,9.20996,9.21159,1.50,1.00
2014.08.05 14:42:42.745,9.20996,9.2115,1.50,1.00
2014.08.05 14:42:46.762,9.20974,9.2115,1.00,1.00
2014.08.05 14:42:46.913,9.20966,9.2115,1.88,1.00
2014.08.05 14:42:46.964,9.20966,9.2114,1.88,1.00
2014.08.05 14:42:48.069,9.20966,9.21129,1.88,1.00
2014.08.05 14:42:48.272,9.20952,9.21129,1.00,1.00
2014.08.05 14:42:48.323,9.20952,9.21129,1.00,1.60
2014.08.05 14:42:48.576,9.20946,9.2112,1.50,1.60
2014.08.05 14:42:48.837,9.20946,9.2112,1.50,1.00
2014.08.05 14:42:49.041,9.20946,9.21111,1.50,1.00
2014.08.05 14:42:49.294,9.20926,9.21102,1.00,1.00
2014.08.05 14:42:50.824,9.20926,9.21102,1.00,1.60
2014.08.05 14:42:50.875,9.20916,9.21102,1.00,1.60
2014.08.05 14:42:50.977,9.20916,9.2109,1.00,1.00
2014.08.05 14:42:51.078,9.20906,9.2109,1.00,1.00
2014.08.05 14:42:51.331,9.20904,9.21081,1.00,1.00
2014.08.05 14:42:52.062,9.20893,9.21081,1.00,1.00
2014.08.05 14:42:52.214,9.20896,9.21081,1.00,1.00
2014.08.05 14:42:53.603,9.20896,9.21092,1.00,1.00
2014.08.05 14:42:54.545,9.20896,9.21092,1.75,1.00
2014.08.05 14:42:54.748,9.20922,9.21104,1.00,1.00
2014.08.05 14:42:54.849,9.20927,9.2111,1.00,1.00
2014.08.05 14:42:54.950,9.20923,9.2111,1.00,1.00
2014.08.05 14:42:55.401,9.20936,9.2111,1.00,1.00
2014.08.05 14:42:55.502,9.20925,9.2111,1.00,1.00
2014.08.05 14:42:55.603,9.20925,9.21119,1.00,1.00
2014.08.05 14:42:55.704,9.20925,9.21107,1.00,1.00
2014.08.05 14:42:56.679,9.20925,9.21115,1.00,1.00
2014.08.05 14:42:56.830,9.20934,9.21115,1.00,1.00
2014.08.05 14:43:00.348,9.20922,9.21115,1.00,1.00
2014.08.05 14:43:00.862,9.20921,9.21115,1.50,1.00
2014.08.05 14:43:02.100,9.20948,9.21115,1.00,1.00
2014.08.05 14:43:02.202,9.20926,9.21115,1.00,1.00
2014.08.05 14:43:02.303,9.20943,9.21127,1.00,1.00
2014.08.05 14:43:02.621,9.20933,9.21116,1.00,1.00
2014.08.05 14:43:03.422,9.20933,9.21125,1.00,1.00
2014.08.05 14:43:03.647,9.20935,9.21125,1.00,1.00
2014.08.05 14:43:03.749,9.20935,9.21129,1.00,1.00
2014.08.05 14:43:04.002,9.20935,9.21125,1.00,1.00
2014.08.05 14:43:04.320,9.20925,9.21125,1.00,1.00
2014.08.05 14:43:04.421,9.20925,9.21116,1.00,1.00
2014.08.05 14:43:04.624,9.20921,9.21116,1.00,1.00
2014.08.05 14:43:05.268,9.20932,9.21116,1.00,1.00
2014.08.05 14:43:07.967,9.20932,9.21125,1.00,1.00
2014.08.05 14:43:08.170,9.20941,9.21125,1.00,1.00
2014.08.05 14:43:08.897,9.20934,9.21125,1.00,1.00
2014.08.05 14:43:09.477,9.2094,9.21125,1.00,1.00
2014.08.05 14:43:10.025,9.20934,9.21134,1.00,1.00
2014.08.05 14:43:10.126,9.20934,9.21125,1.00,1.00
2014.08.05 14:43:11.221,9.20934,9.21134,1.00,1.00
2014.08.05 14:43:13.200,9.20934,9.21125,1.00,1.00
2014.08.05 14:43:14.126,9.20931,9.21125,1.00,1.00
2014.08.05 14:43:15.827,9.2094,9.21125,1.00,1.00
2014.08.05 14:43:16.392,9.2093,9.21125,1.00,1.00
2014.08.05 14:43:17.324,9.2093,9.21116,1.00,1.00
2014.08.05 14:43:17.941,9.20925,9.21116,1.00,1.00
2014.08.05 14:43:18.099,9.20925,9.21107,1.00,1.00
2014.08.05 14:43:18.149,9.20919,9.21107,1.00,1.00
2014.08.05 14:43:18.200,9.20919,9.21099,1.00,1.00
2014.08.05 14:43:18.352,9.20916,9.21099,1.00,1.00
2014.08.05 14:43:18.403,9.20913,9.21099,1.00,1.00
2014.08.05 14:43:18.504,9.20913,9.21089,1.00,1.00
2014.08.05 14:43:18.717,9.20906,9.21089,1.00,1.00
2014.08.05 14:43:18.818,9.20906,9.21098,1.00,1.00
2014.08.05 14:43:18.868,9.20906,9.21089,1.00,1.00
2014.08.05 14:43:19.929,9.20906,9.21098,1.00,1.00
2014.08.05 14:43:20.943,9.20906,9.21089,1.00,1.00
2014.08.05 14:43:22.294,9.20893,9.21089,1.00,1.00
2014.08.05 14:43:22.446,9.20893,9.2108,1.00,1.00
2014.08.05 14:43:22.547,9.20893,9.21088,1.00,1.00
2014.08.05 14:43:22.900,9.20893,9.211,1.00,1.50
2014.08.05 14:43:23.001,9.20893,9.21092,1.00,1.00
2014.08.05 14:43:23.895,9.20902,9.21092,1.00,1.00
2014.08.05 14:43:25.388,9.20902,9.211,1.00,1.50
2014.08.05 14:43:28.335,9.20926,9.211,2.92,1.00
2014.08.05 14:43:28.639,9.21026,9.21129,1.88,1.35
2014.08.05 14:43:28.689,9.21006,9.21129,1.00,1.35
2014.08.05 14:43:28.790,9.20955,9.21129,1.00,1.35
2014.08.05 14:43:28.841,9.20947,9.21129,1.00,1.35
2014.08.05 14:43:28.892,9.20947,9.21125,1.00,1.98
2014.08.05 14:43:28.943,9.20921,9.21114,1.00,1.00
2014.08.05 14:43:28.993,9.20921,9.211,1.00,1.00
2014.08.05 14:43:29.196,9.20908,9.211,1.00,1.00
2014.08.05 14:43:29.298,9.20908,9.21091,1.00,1.00
2014.08.05 14:43:30.297,9.20908,9.21103,1.00,1.00
2014.08.05 14:43:30.348,9.20916,9.21103,1.00,1.00
2014.08.05 14:43:31.132,9.20925,9.21103,1.00,1.00
2014.08.05 14:43:31.339,9.2091,9.21103,1.00,1.00
2014.08.05 14:43:31.599,9.2091,9.21113,1.00,1.00
2014.08.05 14:43:31.802,9.2091,9.21103,1.00,1.00
2014.08.05 14:43:32.119,9.20908,9.21103,1.00,1.00
2014.08.05 14:43:32.372,9.20913,9.21103,1.00,1.00
2014.08.05 14:43:33.975,9.20922,9.21103,1.00,1.00
2014.08.05 14:43:34.452,9.20908,9.21103,1.00,1.00
2014.08.05 14:43:34.994,9.20922,9.21103,1.00,1.00
2014.08.05 14:43:35.416,9.20918,9.21103,1.00,1.00
2014.08.05 14:43:35.517,9.20918,9.21092,1.00,1.00
2014.08.05 14:43:36.428,9.20907,9.21092,1.00,1.00
2014.08.05 14:43:38.199,9.20913,9.21092,1.00,1.00
2014.08.05 14:43:38.349,9.20907,9.21092,1.00,1.00
2014.08.05 14:43:39.805,9.20907,9.21092,1.38,1.00
2014.08.05 14:43:40.122,9.21115,9.21185,1.00,1.88
2014.08.05 14:43:40.172,9.21156,9.21308,1.00,1.00
2014.08.05 14:43:40.223,9.21156,9.21328,1.50,1.75
2014.08.05 14:43:40.274,9.21164,9.21328,1.00,1.75
2014.08.05 14:43:40.578,9.21181,9.21344,1.00,1.75
2014.08.05 14:43:41.128,9.21168,9.21344,1.00,1.75
2014.08.05 14:43:41.610,9.21179,9.21344,1.00,1.75
2014.08.05 14:43:42.869,9.21188,9.21344,1.00,1.00
2014.08.05 14:43:42.920,9.21236,9.21344,1.00,1.00
2014.08.05 14:43:43.071,9.21286,9.21447,2.63,1.50
2014.08.05 14:43:43.223,9.21335,9.21447,1.88,1.00
2014.08.05 14:43:43.274,9.21335,9.21489,1.88,1.00
2014.08.05 14:43:43.477,9.21335,9.21498,1.88,1.00
2014.08.05 14:43:43.628,9.21346,9.21498,1.88,1.00
2014.08.05 14:43:43.729,9.21346,9.21507,1.88,1.00
2014.08.05 14:43:45.335,9.2135,9.21507,1.00,1.00
2014.08.05 14:43:46.308,9.21361,9.21507,1.00,1.00
2014.08.05 14:43:52.765,9.21361,9.21517,1.00,1.00
2014.08.05 14:43:52.921,9.21346,9.21517,1.88,1.00
2014.08.05 14:43:53.022,9.21371,9.21517,1.00,1.00
2014.08.05 14:43:53.545,9.21371,9.21443,1.00,2.10
2014.08.05 14:43:53.698,9.2134,9.21414,1.00,1.00
2014.08.05 14:43:53.799,9.21278,9.21414,1.75,1.00
2014.08.05 14:43:53.900,9.2124,9.2142,1.75,1.60
2014.08.05 14:43:53.951,9.2124,9.21411,1.75,1.00
2014.08.05 14:43:54.608,9.21228,9.21411,1.75,1.00
2014.08.05 14:43:55.316,9.21227,9.2137,1.75,2.10
2014.08.05 14:43:55.367,9.21227,9.2137,1.00,2.10
2014.08.05 14:43:55.418,9.21217,9.2137,1.38,2.10
2014.08.05 14:43:55.571,9.21182,9.21352,1.75,1.00
2014.08.05 14:43:55.723,9.21179,9.21348,1.75,1.00
2014.08.05 14:43:55.773,9.21179,9.21342,1.75,1.00
2014.08.05 14:43:57.653,9.21179,9.21342,1.75,1.00
2014.08.05 14:43:59.048,9.21179,9.21342,1.00,1.00
2014.08.05 14:43:59.206,9.21179,9.21327,1.00,1.00
2014.08.05 14:43:59.310,9.21179,9.21338,1.00,1.00
2014.08.05 14:44:01.741,9.2118,9.21338,1.00,1.00
2014.08.05 14:44:01.791,9.2118,9.21338,1.00,1.60
2014.08.05 14:44:01.842,9.21166,9.21322,1.00,1.00
2014.08.05 14:44:01.943,9.21166,9.21328,1.00,1.00
2014.08.05 14:44:02.876,9.21166,9.2133,1.00,1.00
2014.08.05 14:44:03.343,9.21166,9.21233,1.00,2.10
2014.08.05 14:44:03.444,9.21129,9.21201,1.00,1.35
2014.08.05 14:44:03.545,9.21129,9.21189,1.00,1.35
2014.08.05 14:44:03.596,9.21066,9.21189,1.50,1.35
2014.08.05 14:44:03.647,9.21019,9.21189,1.00,1.35
2014.08.05 14:44:03.748,9.21008,9.21189,1.00,2.10
2014.08.05 14:44:03.900,9.21008,9.21189,1.00,1.00
2014.08.05 14:44:04.371,9.20999,9.21189,1.00,1.00
2014.08.05 14:44:04.529,9.20999,9.21179,1.00,1.00
2014.08.05 14:44:04.631,9.20999,9.21188,1.00,1.00
2014.08.05 14:44:04.783,9.21009,9.21188,1.00,1.00
2014.08.05 14:44:05.905,9.21018,9.21188,1.00,1.00
2014.08.05 14:44:05.956,9.21018,9.21197,1.00,1.00
2014.08.05 14:44:06.565,9.21036,9.21197,1.00,1.00
2014.08.05 14:44:06.818,9.21036,9.21221,1.00,1.50
2014.08.05 14:44:06.974,9.21041,9.21221,1.00,1.00
2014.08.05 14:44:07.076,9.21041,9.21231,1.00,1.00
2014.08.05 14:44:07.126,9.21049,9.21231,1.00,1.00
2014.08.05 14:44:07.430,9.21058,9.21231,1.00,1.00
2014.08.05 14:44:07.915,9.21061,9.21231,1.00,1.00
2014.08.05 14:44:08.016,9.21058,9.21231,1.00,1.00
2014.08.05 14:44:08.118,9.21066,9.21231,1.00,1.00
2014.08.05 14:44:09.344,9.21076,9.21231,1.00,1.00
2014.08.05 14:44:09.547,9.21086,9.21253,1.88,1.00
2014.08.05 14:44:10.319,9.21101,9.21253,1.00,1.00
2014.08.05 14:44:10.420,9.21086,9.21261,1.88,1.00
2014.08.05 14:44:10.530,9.21095,9.2127,1.88,1.00
2014.08.05 14:44:10.836,9.21105,9.21271,1.00,1.00
2014.08.05 14:44:16.585,9.21105,9.21262,1.00,1.00
2014.08.05 14:44:20.842,9.21105,9.21272,1.00,1.00
2014.08.05 14:44:30.560,9.21105,9.21274,1.00,1.00
2014.08.05 14:44:32.015,9.21105,9.21276,1.00,1.00
2014.08.05 14:44:46.164,9.21105,9.21266,1.00,1.00
2014.08.05 14:44:46.266,9.21105,9.21275,1.00,1.00
2014.08.05 14:44:47.169,9.21105,9.21266,1.00,1.00
2014.08.05 14:44:47.273,9.21105,9.21276,1.00,1.00
2014.08.05 14:44:47.813,9.21105,9.21275,1.00,1.00
2014.08.05 14:44:52.106,9.21105,9.21265,1.00,1.00
2014.08.05 14:44:52.426,9.21105,9.21274,1.00,1.00
2014.08.05 14:44:52.527,9.21105,9.21266,1.00,1.00
2014.08.05 14:45:01.016,9.21105,9.21257,1.00,1.00
2014.08.05 14:45:02.111,9.21105,9.2127,1.00,1.00
2014.08.05 14:45:10.650,9.21104,9.2127,1.00,1.00
2014.08.05 14:45:22.149,9.21105,9.2127,1.00,1.00
2014.08.05 14:45:22.567,9.21105,9.21278,1.00,1.00
2014.08.05 14:45:23.456,9.21105,9.2127,1.00,1.00
2014.08.05 14:45:27.950,9.21105,9.21279,1.00,1.00
2014.08.05 14:45:41.711,9.21105,9.21265,1.00,1.00
2014.08.05 14:45:42.250,9.21106,9.21265,1.00,1.00
2014.08.05 14:45:53.586,9.21116,9.21265,1.00,1.00
2014.08.05 14:45:53.788,9.21126,9.21283,1.88,1.00
2014.08.05 14:45:53.839,9.21136,9.21283,1.00,1.00
2014.08.05 14:45:54.041,9.21156,9.21337,1.88,1.00
2014.08.05 14:45:54.143,9.21163,9.21337,1.00,1.00
2014.08.05 14:45:54.244,9.21156,9.21337,1.88,1.00
2014.08.05 14:45:54.788,9.21157,9.21337,1.00,1.00
2014.08.05 14:45:54.839,9.21157,9.21337,1.75,1.00
2014.08.05 14:45:54.889,9.21166,9.21356,1.75,1.00
2014.08.05 14:45:55.041,9.21172,9.21376,1.75,1.00
2014.08.05 14:45:55.092,9.21193,9.21377,1.00,1.00
2014.08.05 14:45:55.143,9.21193,9.21386,1.00,1.00
2014.08.05 14:45:55.244,9.21193,9.21398,1.50,1.50
2014.08.05 14:45:55.295,9.21207,9.21398,1.00,1.50
2014.08.05 14:45:55.642,9.21213,9.21398,1.00,1.00
2014.08.05 14:45:56.209,9.21213,9.21407,1.00,1.00
2014.08.05 14:45:57.087,9.21221,9.21407,1.00,1.00
2014.08.05 14:45:57.188,9.21221,9.21418,1.00,1.00
2014.08.05 14:45:57.340,9.21227,9.21425,1.00,1.00
2014.08.05 14:45:57.441,9.21232,9.21425,1.00,1.00
2014.08.05 14:45:57.744,9.21242,9.21434,1.00,1.00
2014.08.05 14:45:58.218,9.21251,9.21434,1.00,1.00
2014.08.05 14:45:58.571,9.21251,9.21443,1.00,1.00
2014.08.05 14:45:59.356,9.21255,9.21443,1.88,1.00
2014.08.05 14:45:59.659,9.2126,9.21444,1.00,1.00
2014.08.05 14:45:59.710,9.21265,9.2145,1.88,1.00
2014.08.05 14:45:59.761,9.21271,9.21453,1.00,1.00
2014.08.05 14:46:00.128,9.21271,9.21459,1.50,1.00
2014.08.05 14:46:00.344,9.21276,9.21459,1.88,1.00
2014.08.05 14:46:00.648,9.21287,9.21464,1.00,1.00
2014.08.05 14:46:00.850,9.21287,9.21482,1.00,1.00
2014.08.05 14:46:01.112,9.2129,9.21482,1.00,1.00
2014.08.05 14:46:01.415,9.21291,9.2149,1.00,1.00
2014.08.05 14:46:01.466,9.21296,9.2149,1.88,1.00
2014.08.05 14:46:01.770,9.21306,9.21482,1.88,1.00
2014.08.05 14:46:01.924,9.21306,9.21495,1.88,1.50
2014.08.05 14:46:02.378,9.21311,9.21495,1.00,1.50
2014.08.05 14:46:02.604,9.21306,9.21495,1.88,1.50
2014.08.05 14:46:02.655,9.21316,9.21495,1.88,1.00
2014.08.05 14:46:02.807,9.21321,9.21507,1.00,1.00
2014.08.05 14:46:02.908,9.21326,9.21507,1.88,1.00
2014.08.05 14:46:03.161,9.21331,9.21517,1.00,1.00
2014.08.05 14:46:04.044,9.21351,9.21517,1.00,1.00
2014.08.05 14:46:04.196,9.21351,9.21519,1.00,1.00
2014.08.05 14:46:04.858,9.21336,9.21519,1.88,1.00
2014.08.05 14:46:05.011,9.21361,9.21526,1.00,1.00
2014.08.05 14:46:05.062,9.21361,9.21535,1.00,1.00
2014.08.05 14:46:05.163,9.21339,9.21535,1.00,1.00
2014.08.05 14:46:05.225,9.21336,9.21531,1.88,1.00
2014.08.05 14:46:05.528,9.21346,9.21535,1.88,1.00
2014.08.05 14:46:05.834,9.21371,9.21535,1.00,1.00
2014.08.05 14:46:05.935,9.21346,9.21535,1.88,1.00
2014.08.05 14:46:06.036,9.21346,9.21539,1.88,1.00
2014.08.05 14:46:06.138,9.21381,9.21547,1.00,1.00
2014.08.05 14:46:06.442,9.21381,9.21539,1.00,1.00
2014.08.05 14:46:06.705,9.21381,9.21547,1.00,1.00
2014.08.05 14:46:06.757,9.21381,9.21536,1.00,1.00
2014.08.05 14:46:15.160,9.21381,9.21547,1.00,1.00
2014.08.05 14:46:16.982,9.21381,9.21539,1.00,1.00
2014.08.05 14:46:20.972,9.21381,9.21538,1.00,1.00
2014.08.05 14:46:21.275,9.21381,9.21523,1.00,1.00
2014.08.05 14:46:21.326,9.21381,9.21534,1.00,1.00
2014.08.05 14:46:27.579,9.21381,9.21543,1.00,1.00
2014.08.05 14:46:28.771,9.21381,9.21539,1.00,1.00
2014.08.05 14:46:28.975,9.21381,9.21543,1.00,1.00
2014.08.05 14:46:29.524,9.21381,9.2154,1.00,1.00
2014.08.05 14:46:29.952,9.21381,9.21543,1.00,1.00
2014.08.05 14:46:30.054,9.21381,9.2154,1.00,1.00
2014.08.05 14:46:30.274,9.21381,9.21543,1.00,1.00
2014.08.05 14:46:30.482,9.21381,9.2154,1.00,1.00
2014.08.05 14:46:34.298,9.21381,9.21545,1.00,1.00
2014.08.05 14:46:35.901,9.21381,9.21539,1.00,1.00
2014.08.05 14:46:36.431,9.21381,9.21545,1.00,1.00
2014.08.05 14:46:37.326,9.21381,9.21538,1.00,1.00
2014.08.05 14:46:37.656,9.21381,9.21545,1.00,1.00
2014.08.05 14:46:38.247,9.21381,9.21536,1.00,1.00
2014.08.05 14:46:52.555,9.21381,9.21545,1.00,1.00
2014.08.05 14:46:54.100,9.21381,9.21532,1.00,1.00
2014.08.05 14:46:54.534,9.21381,9.21543,1.00,1.00
2014.08.05 14:46:55.286,9.21381,9.21538,1.00,1.00
2014.08.05 14:46:55.620,9.21381,9.21529,1.00,1.00
2014.08.05 14:46:58.276,9.21381,9.21537,1.00,1.00
2014.08.05 14:47:00.449,9.21381,9.21526,1.00,1.00
2014.08.05 14:47:00.601,9.21381,9.21536,1.00,1.00
2014.08.05 14:47:01.904,9.21381,9.21531,1.00,1.00
2014.08.05 14:47:03.004,9.21381,9.2152,1.00,1.00
2014.08.05 14:47:03.224,9.21381,9.21529,1.00,1.00
2014.08.05 14:47:04.106,9.21381,9.21531,1.00,1.00
2014.08.05 14:47:04.432,9.21381,9.21523,1.00,1.00
2014.08.05 14:47:05.509,9.21381,9.21522,1.00,1.00
2014.08.05 14:47:06.159,9.21346,9.21522,3.38,1.00
2014.08.05 14:47:09.920,9.21346,9.21535,3.38,1.00
2014.08.05 14:47:11.998,9.21346,9.21525,3.38,1.00
2014.08.05 14:47:12.986,9.21346,9.21534,3.38,1.00
2014.08.05 14:47:15.665,9.21346,9.21527,3.38,1.00
2014.08.05 14:47:20.699,9.21346,9.21515,3.38,1.00
2014.08.05 14:47:20.801,9.21346,9.21526,3.38,1.00
2014.08.05 14:47:21.478,9.21346,9.21534,3.38,1.00
2014.08.05 14:47:22.048,9.21346,9.21523,3.38,1.00
2014.08.05 14:47:22.926,9.21346,9.21535,3.38,1.00
2014.08.05 14:47:23.027,9.21346,9.21525,3.38,1.00
2014.08.05 14:47:24.222,9.21346,9.21533,3.38,1.00
2014.08.05 14:47:24.787,9.21346,9.2152,3.38,1.00
2014.08.05 14:47:24.989,9.21346,9.21532,3.38,1.00
2014.08.05 14:47:26.979,9.21346,9.21521,3.38,1.00
2014.08.05 14:47:27.712,9.21346,9.21531,3.38,1.00
2014.08.05 14:47:28.631,9.21346,9.21519,3.38,1.00
2014.08.05 14:47:30.065,9.21346,9.21529,3.38,1.00
2014.08.05 14:47:30.167,9.21346,9.21519,3.38,1.00
2014.08.05 14:47:38.648,9.21346,9.21511,1.88,1.00
2014.08.05 14:47:38.952,9.21346,9.21501,1.88,1.00
2014.08.05 14:47:39.053,9.21346,9.2151,1.88,1.00
2014.08.05 14:47:40.052,9.21346,9.2152,1.88,1.00
2014.08.05 14:47:48.519,9.21346,9.21528,1.88,1.00
2014.08.05 14:47:51.846,9.21346,9.21538,1.88,1.00
2014.08.05 14:47:51.999,9.21346,9.21535,1.88,1.00
2014.08.05 14:47:52.947,9.21346,9.21538,1.88,1.00
2014.08.05 14:47:53.619,9.21348,9.21544,1.00,1.00
2014.08.05 14:47:59.001,9.21346,9.21538,1.88,1.00
2014.08.05 14:48:06.823,9.21349,9.21538,2.92,1.00
2014.08.05 14:48:07.126,9.21405,9.21573,1.88,1.00
2014.08.05 14:48:07.232,9.21405,9.21581,1.88,1.00
2014.08.05 14:48:08.472,9.21446,9.21581,1.00,1.00
2014.08.05 14:48:09.099,9.21427,9.21581,1.00,1.00
2014.08.05 14:48:09.200,9.21425,9.21581,1.50,1.00
2014.08.05 14:48:09.302,9.21425,9.21596,1.50,1.00
2014.08.05 14:48:09.353,9.21456,9.21596,1.50,1.00
2014.08.05 14:48:09.454,9.21456,9.21614,1.50,1.00
2014.08.05 14:48:09.982,9.21471,9.21614,1.00,1.00
2014.08.05 14:48:12.049,9.21471,9.21594,1.00,1.00
2014.08.05 14:48:12.100,9.21426,9.21594,1.50,1.00
2014.08.05 14:48:12.353,9.21426,9.21594,1.50,1.60
2014.08.05 14:48:12.556,9.21402,9.21581,1.00,1.00
2014.08.05 14:48:12.808,9.21402,9.21583,1.00,1.00
2014.08.05 14:48:13.307,9.21402,9.21579,1.00,1.00
2014.08.05 14:48:16.716,9.21402,9.21572,1.00,1.00
2014.08.05 14:48:18.903,9.21401,9.21572,1.00,1.00
2014.08.05 14:48:20.665,9.21401,9.21563,1.00,1.00
2014.08.05 14:48:20.966,9.21401,9.2155,1.00,1.00
2014.08.05 14:48:31.432,9.21401,9.21561,1.00,1.00
2014.08.05 14:48:41.540,9.21401,9.21547,1.00,1.00
2014.08.05 14:48:41.692,9.21386,9.21544,3.38,1.00
2014.08.05 14:48:41.793,9.21386,9.21538,1.50,1.00
2014.08.05 14:48:42.764,9.21386,9.21528,1.50,1.00
2014.08.05 14:48:50.558,9.21386,9.21513,1.50,1.00
2014.08.05 14:48:50.710,9.21386,9.21524,1.50,1.00
2014.08.05 14:48:51.766,9.21386,9.21533,1.50,1.00
2014.08.05 14:49:03.114,9.21386,9.21524,1.50,1.00
2014.08.05 14:49:05.305,9.21386,9.21527,1.50,1.00
2014.08.05 14:49:05.806,9.21386,9.21526,1.50,1.00
2014.08.05 14:49:06.511,9.21386,9.21525,1.50,1.00
2014.08.05 14:49:06.562,9.21376,9.21525,1.00,1.00
2014.08.05 14:49:08.269,9.21376,9.21533,1.00,1.00
2014.08.05 14:49:08.371,9.21376,9.21525,1.00,1.00
2014.08.05 14:49:10.289,9.21376,9.21515,1.00,1.00
2014.08.05 14:49:18.749,9.21376,9.21489,1.00,1.00
2014.08.05 14:49:18.961,9.21376,9.21513,1.00,1.00
2014.08.05 14:49:19.481,9.21376,9.21518,1.00,1.00
2014.08.05 14:49:20.521,9.21376,9.21515,1.00,1.00
2014.08.05 14:49:22.484,9.21376,9.21524,1.00,1.00
2014.08.05 14:49:25.237,9.21376,9.21506,1.00,1.00
2014.08.05 14:49:25.389,9.21376,9.21513,1.00,1.00
2014.08.05 14:49:26.330,9.21376,9.21512,1.00,1.00
2014.08.05 14:49:27.215,9.21376,9.21524,1.00,1.00
2014.08.05 14:49:27.989,9.21376,9.21532,1.00,1.00
2014.08.05 14:49:28.243,9.21376,9.21549,1.50,1.00
2014.08.05 14:49:28.345,9.21376,9.21535,1.50,1.00
2014.08.05 14:49:31.833,9.21377,9.21535,1.00,1.00
2014.08.05 14:49:32.136,9.21401,9.21553,1.00,1.00
2014.08.05 14:49:32.728,9.21401,9.21556,1.00,1.00
2014.08.05 14:49:33.599,9.2144,9.21556,1.00,1.00
2014.08.05 14:49:33.701,9.21427,9.21571,1.00,1.00
2014.08.05 14:49:33.879,9.21427,9.2158,1.00,1.00
2014.08.05 14:49:35.580,9.21427,9.21589,1.00,1.00
2014.08.05 14:49:35.682,9.21427,9.21584,1.00,1.88
2014.08.05 14:49:35.985,9.21426,9.21537,1.00,1.00
2014.08.05 14:49:38.345,9.21406,9.21525,1.50,1.00
2014.08.05 14:49:38.446,9.21389,9.21525,1.00,1.00
2014.08.05 14:49:38.497,9.21376,9.21513,1.50,1.00
2014.08.05 14:49:38.598,9.21376,9.21503,1.50,1.00
2014.08.05 14:49:38.965,9.21381,9.21503,1.00,1.00
2014.08.05 14:49:39.873,9.21376,9.21503,1.50,1.00
2014.08.05 14:49:39.975,9.21366,9.21503,2.25,1.00
2014.08.05 14:49:40.026,9.21366,9.21491,2.25,1.00
2014.08.05 14:49:40.584,9.21386,9.21491,1.00,1.00
2014.08.05 14:49:40.887,9.21386,9.21481,1.00,1.00
2014.08.05 14:49:44.280,9.21402,9.21481,1.00,1.00
2014.08.05 14:49:44.717,9.21386,9.21481,1.00,1.00
2014.08.05 14:49:53.799,9.21376,9.21481,1.00,1.00
2014.08.05 14:49:55.031,9.21366,9.21481,2.25,1.00
2014.08.05 14:50:01.021,9.21366,9.21476,2.25,1.00
2014.08.05 14:50:01.451,9.21366,9.21457,2.25,1.00
2014.08.05 14:50:01.552,9.21366,9.21476,2.25,1.00
2014.08.05 14:50:01.603,9.21366,9.21454,2.25,1.00
2014.08.05 14:50:05.842,9.21378,9.21454,1.00,1.00
2014.08.05 14:50:05.893,9.21378,9.21466,1.00,1.00
2014.08.05 14:50:05.944,9.21366,9.21474,1.00,1.00
2014.08.05 14:50:06.146,9.21352,9.21455,1.00,1.00
2014.08.05 14:50:06.449,9.21356,9.21455,1.50,1.00
2014.08.05 14:50:11.335,9.21375,9.21455,1.00,1.00
2014.08.05 14:50:11.387,9.21375,9.21473,1.00,1.00
2014.08.05 14:50:11.488,9.21356,9.21484,1.50,1.00
2014.08.05 14:50:11.538,9.21376,9.21484,1.00,1.00
2014.08.05 14:50:27.085,9.21356,9.21484,1.50,1.00
2014.08.05 14:50:27.136,9.21379,9.21513,1.75,1.00
2014.08.05 14:50:27.684,9.21386,9.21514,2.25,1.00
2014.08.05 14:50:28.246,9.21426,9.21514,1.00,1.00
2014.08.05 14:50:28.551,9.21426,9.21494,1.00,1.00
2014.08.05 14:50:28.602,9.21406,9.21494,1.00,1.00
2014.08.05 14:50:28.704,9.214,9.21494,1.00,1.00
2014.08.05 14:50:29.336,9.214,9.21505,1.00,1.00
2014.08.05 14:50:34.395,9.214,9.21514,1.00,1.00
2014.08.05 14:50:36.101,9.21386,9.21514,1.50,1.00
2014.08.05 14:50:36.152,9.21386,9.21508,1.50,1.00
2014.08.05 14:50:36.304,9.21376,9.21508,1.50,1.00
2014.08.05 14:50:38.338,9.21376,9.21484,2.25,1.00
2014.08.05 14:50:38.540,9.21347,9.21478,1.00,1.00
2014.08.05 14:50:38.591,9.21376,9.21478,1.00,1.00
2014.08.05 14:50:38.742,9.21376,9.21492,1.00,1.00
2014.08.05 14:50:39.902,9.21376,9.21474,1.00,1.00
2014.08.05 14:50:41.803,9.21356,9.21474,1.00,1.00
2014.08.05 14:50:43.401,9.21356,9.21493,1.00,1.00
2014.08.05 14:50:43.452,9.21376,9.21493,1.00,1.00
2014.08.05 14:50:44.629,9.21376,9.21484,1.00,1.00
2014.08.05 14:50:45.610,9.21376,9.21474,1.00,1.00
2014.08.05 14:50:47.381,9.21376,9.21481,1.00,1.00
2014.08.05 14:50:47.432,9.21356,9.21481,1.00,1.00
2014.08.05 14:50:48.082,9.21377,9.21481,1.00,1.00
2014.08.05 14:50:48.133,9.21377,9.21495,1.00,1.00
2014.08.05 14:50:48.184,9.2138,9.21495,1.00,1.00
2014.08.05 14:50:48.285,9.2138,9.21504,1.00,1.00
2014.08.05 14:50:48.386,9.21376,9.21507,1.50,1.00
2014.08.05 14:50:48.487,9.21376,9.21518,1.50,1.00
2014.08.05 14:50:48.669,9.21376,9.21524,1.50,1.00
2014.08.05 14:50:49.042,9.21401,9.21524,1.00,1.00
2014.08.05 14:50:58.601,9.21401,9.21504,1.00,1.00
2014.08.05 14:50:58.652,9.21376,9.21504,1.50,1.00
2014.08.05 14:50:58.754,9.21376,9.21496,1.50,1.00
2014.08.05 14:50:59.066,9.21376,9.21494,1.50,1.00
2014.08.05 14:50:59.371,9.21376,9.21484,1.50,1.00
2014.08.05 14:51:08.791,9.21376,9.21494,1.50,1.00
2014.08.05 14:51:09.714,9.21376,9.21488,1.50,1.00
2014.08.05 14:51:18.423,9.21376,9.21494,1.50,1.00
2014.08.05 14:51:18.525,9.21376,9.21487,1.50,1.00
2014.08.05 14:51:19.376,9.21376,9.21494,1.50,1.00
2014.08.05 14:51:19.638,9.21376,9.21486,1.50,1.00
2014.08.05 14:51:20.152,9.21376,9.21494,1.50,1.00
2014.08.05 14:51:20.253,9.21376,9.21485,1.50,1.00
2014.08.05 14:51:20.466,9.21376,9.21494,1.50,1.00
2014.08.05 14:51:20.932,9.21376,9.21487,1.50,1.00
2014.08.05 14:51:25.598,9.21376,9.21494,1.50,1.00
2014.08.05 14:51:48.307,9.21371,9.21494,1.00,1.00
2014.08.05 14:51:58.820,9.21371,9.21496,1.00,1.00
2014.08.05 14:51:59.182,9.21324,9.21496,1.75,1.00
2014.08.05 14:51:59.333,9.21317,9.21494,1.75,1.00
2014.08.05 14:51:59.638,9.21355,9.21487,1.50,1.00
2014.08.05 14:52:00.321,9.21355,9.21484,1.50,1.00
2014.08.05 14:52:00.372,9.21336,9.21484,1.50,1.00
2014.08.05 14:52:00.524,9.21336,9.21466,1.50,1.00
2014.08.05 14:52:03.652,9.21321,9.21454,1.00,2.63
2014.08.05 14:52:03.753,9.21316,9.21454,1.50,2.63
2014.08.05 14:52:03.804,9.21316,9.21443,1.50,1.00
2014.08.05 14:52:04.209,9.21296,9.21443,1.00,1.00
2014.08.05 14:52:06.381,9.21303,9.21443,1.00,1.00
2014.08.05 14:52:06.483,9.21296,9.21443,1.00,1.00
2014.08.05 14:52:10.000,9.21296,9.21434,1.00,1.00
2014.08.05 14:52:29.983,9.21296,9.21433,1.00,1.00
2014.08.05 14:52:32.428,9.21296,9.21444,1.00,1.00
2014.08.05 14:52:35.580,9.21296,9.21436,1.00,1.00
2014.08.05 14:52:40.688,9.21296,9.21427,1.00,1.00
2014.08.05 14:52:42.103,9.21296,9.21437,1.00,1.00
2014.08.05 14:52:49.303,9.21296,9.21454,1.00,1.88
2014.08.05 14:52:51.338,9.21296,9.21449,1.00,1.00
2014.08.05 14:52:51.389,9.21272,9.21449,1.00,1.00
2014.08.05 14:52:51.440,9.21272,9.21424,1.00,1.88
2014.08.05 14:52:51.942,9.21271,9.21424,1.00,1.88
2014.08.05 14:52:52.470,9.21271,9.21413,1.00,1.00
2014.08.05 14:53:01.690,9.21271,9.21411,1.00,1.00
2014.08.05 14:53:08.325,9.21271,9.21403,1.00,1.00
2014.08.05 14:53:09.424,9.21271,9.21393,1.00,1.00
2014.08.05 14:53:29.479,9.21271,9.21395,1.00,1.00
2014.08.05 14:53:44.534,9.21271,9.21385,1.00,1.00
2014.08.05 14:53:44.636,9.21271,9.21394,1.00,1.00
2014.08.05 14:53:44.737,9.21271,9.21384,1.00,1.00
2014.08.05 14:53:44.838,9.21271,9.21393,1.00,1.00
2014.08.05 14:53:51.694,9.21227,9.21393,1.00,1.00
2014.08.05 14:53:55.384,9.21251,9.21393,1.00,1.00
2014.08.05 14:53:58.154,9.21251,9.21374,1.00,1.00
2014.08.05 14:53:59.138,9.21251,9.21383,1.00,1.00
2014.08.05 14:53:59.239,9.21251,9.21394,1.00,1.50
2014.08.05 14:54:01.420,9.21251,9.21385,1.00,1.00
2014.08.05 14:54:02.065,9.21251,9.21396,1.00,1.00
2014.08.05 14:54:02.404,9.21251,9.21386,1.00,1.00
2014.08.05 14:54:04.683,9.21251,9.21397,1.00,1.00
2014.08.05 14:54:15.732,9.21251,9.21388,1.00,1.00
2014.08.05 14:54:16.813,9.21251,9.21397,1.00,1.00
2014.08.05 14:54:17.261,9.21251,9.21388,1.00,1.00
2014.08.05 14:54:21.494,9.21251,9.21397,1.00,1.00
2014.08.05 14:54:25.702,9.21251,9.21384,1.00,1.00
2014.08.05 14:54:25.905,9.21251,9.21386,1.00,1.00
2014.08.05 14:54:28.758,9.21251,9.21396,1.00,1.00
2014.08.05 14:54:28.963,9.21251,9.21387,1.00,1.00
2014.08.05 14:54:31.446,9.21251,9.21394,1.00,1.00
2014.08.05 14:54:31.766,9.21251,9.21387,1.00,1.00
2014.08.05 14:54:33.740,9.21251,9.21396,1.00,1.00
2014.08.05 14:54:33.892,9.21251,9.21394,1.00,1.00
2014.08.05 14:54:34.830,9.21251,9.21388,1.00,1.00
2014.08.05 14:54:34.931,9.21251,9.21396,1.00,1.00
2014.08.05 14:54:37.512,9.21251,9.21387,1.00,1.00
2014.08.05 14:54:38.022,9.21251,9.21386,1.00,1.00
2014.08.05 14:54:39.169,9.21251,9.21396,1.00,1.00
2014.08.05 14:54:39.422,9.21251,9.21394,1.00,1.00
2014.08.05 14:54:39.745,9.21251,9.21384,1.00,1.00
2014.08.05 14:54:42.530,9.21251,9.21395,1.00,1.00
2014.08.05 14:54:45.550,9.21251,9.21384,1.00,1.00
2014.08.05 14:54:46.881,9.21251,9.21396,1.00,1.00
2014.08.05 14:54:47.199,9.21251,9.21386,1.00,1.00
2014.08.05 14:54:50.129,9.21251,9.21395,1.00,1.00
2014.08.05 14:54:51.548,9.21251,9.21387,1.00,1.00
2014.08.05 14:54:51.649,9.21251,9.21396,1.00,1.00
2014.08.05 14:54:51.869,9.21251,9.21387,1.00,1.00
2014.08.05 14:54:51.971,9.21251,9.21396,1.00,1.00
2014.08.05 14:54:52.495,9.21251,9.21387,1.00,1.00
2014.08.05 14:54:52.753,9.21251,9.21396,1.00,1.00
2014.08.05 14:54:52.855,9.21251,9.21386,1.00,1.00
2014.08.05 14:54:52.956,9.21251,9.21396,1.00,1.00
2014.08.05 14:54:53.480,9.21251,9.21384,1.00,1.00
2014.08.05 14:54:53.732,9.21251,9.21394,1.00,1.00
2014.08.05 14:54:55.411,9.21217,9.21394,1.00,1.00
2014.08.05 14:54:55.887,9.21217,9.21382,1.00,1.00
2014.08.05 14:54:56.660,9.21217,9.21392,1.00,1.00
2014.08.05 14:54:56.922,9.21217,9.21382,1.00,1.00
2014.08.05 14:54:57.340,9.21226,9.21382,1.00,1.00
2014.08.05 14:54:59.203,9.21216,9.21382,2.25,1.00
2014.08.05 14:55:00.176,9.21217,9.21382,1.00,1.00
2014.08.05 14:55:00.638,9.21233,9.21382,1.00,1.00
2014.08.05 14:55:00.696,9.21233,9.21391,1.00,1.00
2014.08.05 14:55:00.747,9.2123,9.21391,1.00,1.00
2014.08.05 14:55:00.868,9.21218,9.21391,1.00,1.00
2014.08.05 14:55:01.392,9.21227,9.21391,1.00,1.00
2014.08.05 14:55:01.696,9.21251,9.21421,1.00,1.00
2014.08.05 14:55:01.848,9.21251,9.21414,1.00,1.00
2014.08.05 14:55:02.015,9.21246,9.21414,1.00,1.00
2014.08.05 14:55:02.170,9.21281,9.21421,1.00,1.00
2014.08.05 14:55:03.797,9.21281,9.21414,1.00,1.00
2014.08.05 14:55:20.161,9.21281,9.21393,1.00,1.00
2014.08.05 14:55:22.449,9.21281,9.21381,1.00,1.00
2014.08.05 14:55:25.472,9.21281,9.21391,1.00,1.00
2014.08.05 14:55:35.807,9.21239,9.21391,1.38,1.00
2014.08.05 14:55:35.908,9.21239,9.21391,1.00,1.00
2014.08.05 14:55:35.959,9.21229,9.2138,1.00,1.00
2014.08.05 14:55:36.262,9.21251,9.21362,1.00,1.00
2014.08.05 14:55:37.222,9.21251,9.21352,1.00,1.00
2014.08.05 14:55:38.425,9.21251,9.21363,1.00,1.00
2014.08.05 14:55:38.627,9.21251,9.21352,1.00,1.00
2014.08.05 14:55:41.563,9.21251,9.21341,1.00,1.00
2014.08.05 14:55:41.716,9.21251,9.21354,1.00,1.00
2014.08.05 14:55:48.812,9.21251,9.21344,1.00,1.00
2014.08.05 14:55:48.914,9.21251,9.21354,1.00,1.00
2014.08.05 14:56:30.087,9.21251,9.21357,1.00,1.00
2014.08.05 14:56:36.035,9.21196,9.21357,2.25,1.00
2014.08.05 14:56:39.105,9.21193,9.21354,4.42,1.00
2014.08.05 14:56:57.227,9.21193,9.21352,3.67,1.00
2014.08.05 14:56:57.778,9.21193,9.21354,3.67,1.00
2014.08.05 14:57:00.966,9.21193,9.2135,3.67,1.00
2014.08.05 14:57:01.502,9.21193,9.21351,3.67,1.00
2014.08.05 14:57:01.553,9.21193,9.21354,3.67,1.00
2014.08.05 14:57:02.075,9.21193,9.21347,3.67,1.00
2014.08.05 14:57:02.176,9.21193,9.21354,3.67,1.00
2014.08.05 14:57:02.394,9.21193,9.21347,3.67,1.00
2014.08.05 14:57:03.629,9.21193,9.21354,3.67,1.00
2014.08.05 14:57:11.096,9.21193,9.21356,3.67,1.00
2014.08.05 14:57:11.198,9.21193,9.21358,3.67,1.50
2014.08.05 14:57:18.140,9.21193,9.21346,3.67,1.00
2014.08.05 14:57:18.241,9.21193,9.21358,3.67,2.25
2014.08.05 14:57:18.345,9.21193,9.21346,3.67,1.00
2014.08.05 14:57:18.565,9.21193,9.21357,3.67,1.00
2014.08.05 14:57:19.469,9.21193,9.21346,3.67,1.00
2014.08.05 14:57:20.445,9.21193,9.21358,3.67,1.50
2014.08.05 14:57:21.967,9.21193,9.21296,3.67,1.00
2014.08.05 14:57:22.270,9.2115,9.21275,1.75,1.00
2014.08.05 14:57:22.624,9.21129,9.21278,1.75,1.00
2014.08.05 14:57:22.959,9.21126,9.21282,3.00,1.00
2014.08.05 14:57:23.476,9.21126,9.21282,3.00,1.00
2014.08.05 14:57:24.457,9.21161,9.21282,1.75,1.00
2014.08.05 14:57:24.665,9.21161,9.21275,1.75,1.00
2014.08.05 14:57:25.597,9.21161,9.21275,1.75,1.00
2014.08.05 14:57:28.470,9.21161,9.21275,1.00,1.00
2014.08.05 14:58:09.449,9.21161,9.21297,1.00,1.00
2014.08.05 14:58:10.328,9.21144,9.21297,1.00,1.00
2014.08.05 14:58:10.378,9.21144,9.21297,1.75,1.00
2014.08.05 14:58:10.581,9.21157,9.21309,1.75,1.00
2014.08.05 14:58:10.682,9.21168,9.21319,1.75,1.00
2014.08.05 14:58:11.121,9.21168,9.21308,1.75,1.00
2014.08.05 14:58:11.428,9.21176,9.21322,1.75,1.00
2014.08.05 14:58:11.580,9.21176,9.21322,2.63,1.00
2014.08.05 14:58:11.681,9.21211,9.21308,1.00,1.00
2014.08.05 14:58:12.625,9.21166,9.21308,2.63,1.00
2014.08.05 14:58:12.777,9.21185,9.21322,1.75,1.00
2014.08.05 14:58:13.092,9.21236,9.21322,1.00,1.00
2014.08.05 14:58:14.389,9.21176,9.21322,1.00,1.00
2014.08.05 14:58:14.491,9.21176,9.21303,1.00,1.00
2014.08.05 14:58:14.642,9.21165,9.21303,1.50,1.00
2014.08.05 14:58:14.794,9.21146,9.21303,2.25,1.00
2014.08.05 14:58:15.276,9.21139,9.21295,1.75,1.00
2014.08.05 14:58:15.594,9.21213,9.21295,1.00,1.00
2014.08.05 14:58:15.645,9.21181,9.21295,1.00,1.00
2014.08.05 14:58:15.696,9.21181,9.21304,1.00,1.00
2014.08.05 14:58:16.472,9.21181,9.21328,1.00,1.00
2014.08.05 14:58:16.624,9.21181,9.21328,1.75,1.00
2014.08.05 14:58:16.725,9.21176,9.21334,3.00,1.88
2014.08.05 14:58:17.256,9.21207,9.21334,1.00,1.88
2014.08.05 14:58:17.520,9.21207,9.21371,1.00,1.00
2014.08.05 14:58:17.945,9.21235,9.21371,1.00,1.00
2014.08.05 14:58:18.269,9.21235,9.2136,1.00,1.00
2014.08.05 14:58:25.466,9.21235,9.21371,1.00,1.00
2014.08.05 14:58:25.668,9.21237,9.21371,1.00,1.00
2014.08.05 14:58:25.993,9.21247,9.21371,1.00,1.00
2014.08.05 14:58:27.183,9.21256,9.21371,1.00,1.00
2014.08.05 14:58:27.493,9.2127,9.21371,1.00,1.00
2014.08.05 14:58:27.646,9.21263,9.21371,1.38,1.00
2014.08.05 14:58:27.747,9.21263,9.21387,1.38,1.00
2014.08.05 14:58:27.849,9.21263,9.21429,1.38,1.00
2014.08.05 14:58:27.900,9.21273,9.21429,1.00,1.00
2014.08.05 14:58:28.330,9.21284,9.2143,1.00,1.00
2014.08.05 14:58:28.692,9.21295,9.2143,1.00,1.00
2014.08.05 14:58:29.933,9.21295,9.21421,1.00,1.00
2014.08.05 14:58:30.666,9.21284,9.21421,1.38,1.00
2014.08.05 14:58:30.767,9.21284,9.21432,1.38,1.00
2014.08.05 14:58:30.868,9.21296,9.21443,1.00,1.00
2014.08.05 14:58:31.150,9.2132,9.21443,1.00,1.00
2014.08.05 14:58:35.713,9.2132,9.21452,1.00,1.00
2014.08.05 14:58:37.694,9.2132,9.21462,1.00,1.00
2014.08.05 14:58:42.046,9.21327,9.21484,1.00,1.88
2014.08.05 14:58:42.248,9.21327,9.21504,1.00,1.88
2014.08.05 14:58:42.299,9.2133,9.21504,1.00,1.88
2014.08.05 14:58:42.639,9.21351,9.21504,1.00,1.88
2014.08.05 14:58:44.222,9.2133,9.21484,1.00,1.88
2014.08.05 14:58:44.323,9.21326,9.21484,1.00,1.88
2014.08.05 14:58:53.145,9.21326,9.21486,1.50,1.00
2014.08.05 14:58:53.246,9.21326,9.21504,1.00,1.88
2014.08.05 14:58:53.449,9.21351,9.21504,1.00,1.88
2014.08.05 14:58:59.384,9.21351,9.21497,1.00,1.00
2014.08.05 14:58:59.485,9.21312,9.21484,1.00,1.88
2014.08.05 14:58:59.637,9.21326,9.21484,1.00,1.88
2014.08.05 14:59:04.158,9.21326,9.21482,1.00,1.00
2014.08.05 14:59:04.310,9.21326,9.21484,1.00,1.88
2014.08.05 14:59:05.837,9.21335,9.21484,1.00,1.88
2014.08.05 14:59:05.888,9.21335,9.215,1.00,1.00
2014.08.05 14:59:05.990,9.21335,9.21504,1.00,1.88
2014.08.05 14:59:06.091,9.21351,9.21504,1.00,1.88
2014.08.05 14:59:10.306,9.21351,9.21504,1.00,2.48
2014.08.05 14:59:10.407,9.21326,9.21504,1.00,4.35
2014.08.05 14:59:10.458,9.21305,9.21447,1.00,1.00
2014.08.05 14:59:10.660,9.21276,9.21428,1.88,1.00
2014.08.05 14:59:11.014,9.21256,9.21424,1.00,1.88
2014.08.05 14:59:11.672,9.21242,9.21364,1.00,1.88
2014.08.05 14:59:11.773,9.21228,9.21364,1.00,1.88
2014.08.05 14:59:11.874,9.212,9.21362,1.00,1.00
2014.08.05 14:59:11.975,9.21192,9.21362,1.00,1.00
2014.08.05 14:59:12.076,9.21189,9.21362,1.00,1.00
2014.08.05 14:59:12.228,9.21176,9.21354,1.00,1.88
2014.08.05 14:59:12.684,9.21163,9.21354,1.00,1.88
2014.08.05 14:59:12.734,9.21168,9.21348,1.00,1.00
2014.08.05 14:59:13.038,9.21164,9.21334,1.00,1.88
2014.08.05 14:59:13.288,9.21154,9.21333,1.00,1.00
2014.08.05 14:59:13.753,9.21165,9.21333,1.00,1.00
2014.08.05 14:59:14.056,9.21163,9.21324,1.00,2.63
2014.08.05 14:59:14.272,9.21152,9.21314,1.00,1.88
2014.08.05 14:59:14.865,9.21161,9.21314,1.00,1.88
2014.08.05 14:59:14.966,9.21133,9.21305,1.00,1.88
2014.08.05 14:59:15.169,9.21133,9.21323,1.00,1.75
2014.08.05 14:59:15.219,9.21107,9.21315,1.00,1.75
2014.08.05 14:59:15.270,9.21107,9.21276,1.00,1.00
2014.08.05 14:59:15.321,9.21093,9.21276,1.00,1.00
2014.08.05 14:59:15.372,9.21093,9.2126,1.00,1.00
2014.08.05 14:59:15.423,9.21082,9.2126,1.00,1.00
2014.08.05 14:59:15.524,9.21118,9.2126,1.00,1.00
2014.08.05 14:59:15.625,9.21085,9.2126,1.00,1.00
2014.08.05 14:59:15.755,9.21085,9.2128,1.00,1.00
2014.08.05 14:59:15.806,9.21085,9.2127,1.00,1.00
2014.08.05 14:59:15.959,9.21082,9.2127,1.00,1.00
2014.08.05 14:59:16.060,9.21082,9.21263,1.00,1.00
2014.08.05 14:59:16.161,9.21082,9.2127,1.00,1.00
2014.08.05 14:59:16.505,9.21082,9.21266,1.00,1.00
2014.08.05 14:59:17.061,9.21082,9.2127,1.00,1.00
2014.08.05 14:59:17.213,9.21082,9.21261,1.00,1.00
2014.08.05 14:59:17.593,9.21089,9.21261,1.00,1.00
2014.08.05 14:59:17.896,9.21084,9.21252,1.00,1.00
2014.08.05 14:59:18.149,9.21082,9.21252,1.00,1.00
2014.08.05 14:59:18.351,9.21073,9.21252,1.00,1.00
2014.08.05 14:59:18.688,9.21073,9.21262,1.00,1.00
2014.08.05 14:59:18.851,9.21126,9.21262,1.00,1.00
2014.08.05 14:59:18.902,9.21126,9.21291,1.75,1.50
2014.08.05 14:59:19.004,9.21135,9.213,1.75,1.00
2014.08.05 14:59:19.157,9.21147,9.21324,1.00,1.00
2014.08.05 14:59:19.258,9.21147,9.21334,1.00,2.63
2014.08.05 14:59:19.883,9.21147,9.21337,1.75,1.00
2014.08.05 14:59:19.984,9.21159,9.21345,1.75,1.00
2014.08.05 14:59:20.035,9.21165,9.21349,1.38,1.00
2014.08.05 14:59:21.440,9.212,9.21349,1.00,1.00
2014.08.05 14:59:22.119,9.21176,9.21349,1.00,1.00
2014.08.05 14:59:22.170,9.21179,9.21349,1.75,1.00
2014.08.05 14:59:22.313,9.21192,9.21382,1.00,1.00
2014.08.05 14:59:22.565,9.212,9.21382,1.00,1.00
2014.08.05 14:59:22.986,9.21226,9.21382,1.00,1.00
2014.08.05 14:59:23.361,9.21226,9.21382,1.75,1.00
2014.08.05 14:59:23.564,9.21243,9.21397,1.00,1.00
2014.08.05 14:59:23.666,9.21252,9.21409,1.00,1.00
2014.08.05 14:59:23.767,9.21232,9.21409,1.38,1.00
2014.08.05 14:59:24.753,9.21266,9.21409,1.00,1.00
2014.08.05 14:59:25.869,9.21266,9.21425,1.00,1.00
2014.08.05 14:59:25.972,9.21266,9.21423,1.00,1.00
2014.08.05 14:59:26.313,9.21266,9.2142,1.00,1.00
2014.08.05 14:59:26.718,9.21266,9.21408,1.00,1.00
2014.08.05 14:59:26.824,9.21266,9.2142,1.00,1.00
2014.08.05 14:59:27.513,9.21266,9.21425,1.00,1.00
2014.08.05 14:59:27.614,9.21266,9.21428,1.00,1.00
2014.08.05 14:59:29.964,9.21276,9.21428,1.88,1.00
2014.08.05 14:59:30.015,9.21276,9.21438,1.88,1.00
2014.08.05 14:59:30.066,9.21291,9.21438,1.00,1.00
2014.08.05 14:59:30.167,9.21291,9.21444,1.00,1.00
2014.08.05 14:59:30.269,9.21291,9.21447,1.00,1.00
2014.08.05 14:59:30.371,9.21291,9.21438,1.00,1.00
2014.08.05 14:59:30.472,9.21291,9.2144,1.00,1.00
2014.08.05 14:59:30.574,9.21291,9.21357,1.00,3.10
2014.08.05 14:59:30.878,9.2124,9.213,1.00,1.00
2014.08.05 14:59:31.131,9.21093,9.2127,1.75,1.00
2014.08.05 14:59:31.774,9.21093,9.21267,1.75,1.00
2014.08.05 14:59:32.084,9.21096,9.21252,1.75,1.00
2014.08.05 14:59:32.134,9.21096,9.21262,1.75,1.00
2014.08.05 14:59:32.236,9.21096,9.2127,1.75,1.00
2014.08.05 14:59:33.625,9.21114,9.21199,1.00,1.35
2014.08.05 14:59:33.676,9.21103,9.21199,1.00,1.35
2014.08.05 14:59:33.726,9.21103,9.21194,1.00,1.88
2014.08.05 14:59:33.777,9.21026,9.21194,1.00,1.88
2014.08.05 14:59:33.833,9.21026,9.21189,1.00,1.00
2014.08.05 14:59:34.137,9.21106,9.21174,1.88,1.00
2014.08.05 14:59:34.238,9.21106,9.21224,1.88,1.00
2014.08.05 14:59:34.340,9.21106,9.2126,1.88,1.00
2014.08.05 14:59:34.442,9.21121,9.21272,1.00,1.00
2014.08.05 14:59:35.117,9.21116,9.21272,1.00,1.00
2014.08.05 14:59:35.219,9.21116,9.21284,1.00,1.00
2014.08.05 14:59:35.372,9.21116,9.21284,1.00,1.75
2014.08.05 14:59:35.676,9.21116,9.21215,1.00,1.00
2014.08.05 14:59:35.777,9.2107,9.21202,1.00,1.00
2014.08.05 14:59:35.894,9.21076,9.21202,1.00,1.00
2014.08.05 14:59:35.945,9.21063,9.21202,1.00,1.00
2014.08.05 14:59:36.516,9.21052,9.21194,1.00,1.00
2014.08.05 14:59:36.769,9.21052,9.21175,1.00,1.00
2014.08.05 14:59:36.870,9.21039,9.21175,1.00,1.00
2014.08.05 14:59:36.972,9.21015,9.21175,1.00,1.00
2014.08.05 14:59:37.073,9.21005,9.21175,1.00,1.00
2014.08.05 14:59:37.175,9.21018,9.21175,1.00,1.00
2014.08.05 14:59:37.276,9.21008,9.21175,1.00,1.00
2014.08.05 14:59:37.630,9.21006,9.21175,1.00,1.00
2014.08.05 14:59:37.935,9.21002,9.21175,1.00,1.00
2014.08.05 14:59:38.188,9.21012,9.21175,1.00,1.00
2014.08.05 14:59:38.557,9.21012,9.21163,1.00,1.00
2014.08.05 14:59:38.893,9.21006,9.2113,1.00,1.00
2014.08.05 14:59:38.944,9.21006,9.2115,1.00,1.00
2014.08.05 14:59:38.996,9.21006,9.21157,1.00,1.00
2014.08.05 14:59:39.046,9.21025,9.21166,1.00,1.00
2014.08.05 14:59:39.350,9.21006,9.2113,1.00,1.00
2014.08.05 14:59:40.170,9.21006,9.21146,1.00,1.00
2014.08.05 14:59:40.272,9.21006,9.21158,1.00,1.00
2014.08.05 14:59:40.373,9.21013,9.21167,1.00,1.00
2014.08.05 14:59:40.474,9.21001,9.21158,1.00,1.00
2014.08.05 14:59:40.797,9.21001,9.21152,1.00,1.00
2014.08.05 14:59:41.112,9.21001,9.21147,1.00,1.00
2014.08.05 14:59:41.415,9.20989,9.2113,1.00,1.00
2014.08.05 14:59:41.466,9.20956,9.2113,1.75,1.00
2014.08.05 14:59:41.568,9.20955,9.21112,1.75,1.00
2014.08.05 14:59:41.772,9.20954,9.21121,1.75,1.00
2014.08.05 14:59:41.992,9.20955,9.21114,1.75,1.00
2014.08.05 14:59:42.145,9.20955,9.21121,1.75,1.00
2014.08.05 14:59:42.246,9.20955,9.21114,1.75,1.00
2014.08.05 14:59:42.451,9.20967,9.21125,1.38,1.00
2014.08.05 14:59:42.553,9.2096,9.21117,1.75,1.00
2014.08.05 14:59:42.662,9.20965,9.21124,1.75,1.00
2014.08.05 14:59:43.138,9.20986,9.21124,1.00,1.00
2014.08.05 14:59:43.240,9.20986,9.21144,2.63,1.00
2014.08.05 14:59:43.341,9.20989,9.21144,1.00,1.00
2014.08.05 14:59:43.442,9.20989,9.2115,1.00,1.00
2014.08.05 14:59:43.544,9.20987,9.21144,1.00,1.00
2014.08.05 14:59:43.861,9.20988,9.21151,1.00,1.00
2014.08.05 14:59:44.014,9.20999,9.21156,1.00,1.00
2014.08.05 14:59:44.391,9.21001,9.21156,1.00,1.00
2014.08.05 14:59:44.703,9.21036,9.21156,2.63,1.00
2014.08.05 14:59:44.754,9.21036,9.21194,2.63,1.00
2014.08.05 14:59:44.855,9.21073,9.21194,1.00,1.00
2014.08.05 14:59:45.072,9.21073,9.21202,1.00,1.00
2014.08.05 14:59:45.848,9.21073,9.21195,1.00,1.00
2014.08.05 14:59:46.000,9.21073,9.21209,1.00,1.00
2014.08.05 14:59:46.203,9.21073,9.21211,1.00,1.00
2014.08.05 14:59:46.304,9.21073,9.21218,1.00,1.00
2014.08.05 14:59:46.622,9.21073,9.21213,1.00,1.00
2014.08.05 14:59:46.732,9.21073,9.21218,1.00,1.00
2014.08.05 14:59:46.834,9.21073,9.21209,1.00,1.00
2014.08.05 14:59:46.884,9.21051,9.21209,2.25,1.00
2014.08.05 14:59:47.613,9.21051,9.2121,1.00,1.00
2014.08.05 14:59:47.823,9.21056,9.21209,1.00,1.00
2014.08.05 14:59:48.087,9.21055,9.21216,1.00,1.00
2014.08.05 14:59:48.413,9.21079,9.21216,1.00,1.00
2014.08.05 14:59:48.515,9.2108,9.21237,1.00,1.00
2014.08.05 14:59:48.616,9.21086,9.21244,1.00,1.00
2014.08.05 14:59:48.843,9.21079,9.21236,1.50,1.00
2014.08.05 14:59:49.146,9.21088,9.21236,1.00,1.00
2014.08.05 14:59:49.693,9.21093,9.21236,1.00,1.00
2014.08.05 14:59:50.215,9.21093,9.21251,1.00,1.00
2014.08.05 14:59:50.265,9.21075,9.21223,1.00,1.00
2014.08.05 14:59:51.152,9.21075,9.21232,1.50,1.00
2014.08.05 14:59:51.567,9.21075,9.21158,1.00,1.00
2014.08.05 14:59:51.618,9.21073,9.21158,1.00,1.50
2014.08.05 14:59:51.719,9.21031,9.21158,1.00,1.00
2014.08.05 14:59:51.770,9.21031,9.21142,1.00,1.00
2014.08.05 14:59:51.974,9.21076,9.21195,1.00,1.00
2014.08.05 14:59:52.126,9.21076,9.21229,1.00,1.00
2014.08.05 14:59:52.177,9.21066,9.21224,2.63,1.00
2014.08.05 14:59:52.227,9.21054,9.21207,1.00,1.00
2014.08.05 14:59:52.480,9.21029,9.21187,1.00,1.00
2014.08.05 14:59:52.582,9.21023,9.2118,1.00,1.00
2014.08.05 14:59:52.919,9.21033,9.2119,1.00,1.50
2014.08.05 14:59:53.223,9.21027,9.21184,1.00,1.00
2014.08.05 14:59:53.527,9.2103,9.21187,1.00,1.50
2014.08.05 14:59:53.910,9.21023,9.2118,1.00,1.00
2014.08.05 14:59:54.011,9.21026,9.21184,1.00,1.00
2014.08.05 14:59:54.113,9.21026,9.21169,1.00,2.10
2014.08.05 14:59:54.316,9.21002,9.21145,1.00,1.00
2014.08.05 14:59:54.417,9.21002,9.21159,1.00,1.00
2014.08.05 14:59:54.468,9.21001,9.21146,1.00,1.00
2014.08.05 14:59:54.772,9.21001,9.21144,1.00,1.00
2014.08.05 14:59:54.874,9.21001,9.2115,1.00,1.00
2014.08.05 14:59:55.127,9.21016,9.2115,1.00,1.00
2014.08.05 14:59:55.229,9.21016,9.21161,1.00,1.00
2014.08.05 14:59:55.330,9.21016,9.21167,1.00,1.00
2014.08.05 14:59:55.459,9.21016,9.21175,1.00,1.00
2014.08.05 14:59:55.561,9.21018,9.21175,1.00,1.00
2014.08.05 14:59:55.663,9.21023,9.21181,1.00,1.00
2014.08.05 14:59:56.352,9.21018,9.21174,1.00,1.00
2014.08.05 14:59:57.260,9.21016,9.21174,1.00,1.00
2014.08.05 14:59:57.462,9.21009,9.21167,1.00,1.00
2014.08.05 14:59:57.766,9.21044,9.2119,1.00,1.00
2014.08.05 14:59:58.071,9.21036,9.2119,2.63,1.00
2014.08.05 14:59:58.123,9.21044,9.21202,1.00,1.00
2014.08.05 14:59:58.225,9.21033,9.21191,1.00,1.00
2014.08.05 14:59:58.529,9.21027,9.21184,1.00,1.00
2014.08.05 14:59:58.855,9.21032,9.21189,1.00,1.00
2014.08.05 14:59:59.320,9.21027,9.21184,1.00,1.00
2014.08.05 14:59:59.652,9.21028,9.21186,1.00,1.00
