2014.08.25 16:00:00.836,9.14192,9.1435,1.19,1.19
2014.08.25 16:00:01.903,9.14198,9.14356,1.19,1.19
2014.08.25 16:00:04.150,9.14201,9.14359,1.19,1.19
2014.08.25 16:00:05.111,9.14203,9.14361,1.19,1.19
2014.08.25 16:00:07.255,9.14204,9.14362,1.19,1.19
2014.08.25 16:00:08.221,9.14205,9.14363,1.19,1.19
2014.08.25 16:00:10.959,9.14197,9.14355,1.19,1.19
2014.08.25 16:00:12.132,9.14195,9.14355,1.19,1.19
2014.08.25 16:00:13.367,9.14198,9.14356,1.19,1.19
2014.08.25 16:00:14.438,9.142,9.14358,1.19,1.19
2014.08.25 16:00:15.440,9.14202,9.1436,1.19,1.19
2014.08.25 16:00:16.668,9.14204,9.14362,1.19,1.19
2014.08.25 16:00:17.647,9.14205,9.14363,1.19,1.19
2014.08.25 16:00:21.455,9.14196,9.14354,1.19,1.19
2014.08.25 16:00:22.585,9.14199,9.14357,1.19,1.19
2014.08.25 16:00:23.570,9.14203,9.14361,1.19,1.19
2014.08.25 16:00:24.703,9.14196,9.14354,1.19,1.19
2014.08.25 16:00:25.666,9.142,9.1436,1.19,1.19
2014.08.25 16:00:28.295,9.14203,9.14361,1.19,1.19
2014.08.25 16:00:35.587,9.14206,9.14364,1.19,1.19
2014.08.25 16:00:38.219,9.14194,9.14352,1.19,1.19
2014.08.25 16:00:40.101,9.14201,9.14359,1.19,1.19
2014.08.25 16:00:41.605,9.14203,9.14361,1.19,1.19
2014.08.25 16:00:46.217,9.14195,9.14353,1.19,1.19
2014.08.25 16:00:47.219,9.14198,9.14356,1.19,1.19
2014.08.25 16:00:49.023,9.142,9.14358,1.19,1.19
2014.08.25 16:00:50.526,9.14203,9.14361,1.19,1.19
2014.08.25 16:00:51.728,9.14204,9.14362,1.19,1.19
2014.08.25 16:00:55.169,9.14169,9.14395,1.19,2.10
2014.08.25 16:00:55.271,9.14205,9.14378,1.19,1.79
2014.08.25 16:00:56.269,9.142,9.14358,1.19,1.19
2014.08.25 16:01:02.085,9.14192,9.1435,1.19,1.19
2014.08.25 16:01:03.055,9.14194,9.14352,1.19,1.19
2014.08.25 16:01:04.057,9.14191,9.14351,1.19,1.19
2014.08.25 16:01:05.059,9.14165,9.14392,1.19,2.29
2014.08.25 16:01:05.961,9.14194,9.14365,1.19,1.19
2014.08.25 16:01:06.640,9.14187,9.14345,1.19,1.19
2014.08.25 16:01:15.334,9.14183,9.14341,1.19,1.19
2014.08.25 16:01:16.288,9.14184,9.14342,1.19,1.19
2014.08.25 16:01:17.290,9.14185,9.14343,1.19,1.19
2014.08.25 16:01:18.993,9.14186,9.14344,1.19,1.19
2014.08.25 16:01:21.297,9.14183,9.14341,1.19,1.19
2014.08.25 16:01:22.500,9.14184,9.14342,1.19,1.19
2014.08.25 16:01:23.630,9.14192,9.1435,1.19,1.19
2014.08.25 16:01:24.929,9.14195,9.14353,1.19,1.19
2014.08.25 16:01:31.140,9.14193,9.14355,1.19,1.19
2014.08.25 16:01:32.121,9.14195,9.14354,1.19,1.19
2014.08.25 16:01:33.125,9.14186,9.14389,1.19,1.19
2014.08.25 16:01:34.436,9.14195,9.14353,1.19,1.19
2014.08.25 16:01:35.466,9.14194,9.14354,1.19,1.19
2014.08.25 16:01:37.934,9.14195,9.14353,1.19,1.19
2014.08.25 16:02:01.386,9.14205,9.14363,1.19,1.19
2014.08.25 16:02:06.009,9.14208,9.14366,1.19,1.19
2014.08.25 16:02:07.018,9.14205,9.14363,1.19,1.19
2014.08.25 16:02:09.606,9.14207,9.14365,1.19,1.19
2014.08.25 16:02:10.144,9.14201,9.14403,1.19,1.79
2014.08.25 16:02:11.510,9.14204,9.14367,1.19,1.19
2014.08.25 16:02:13.818,9.14206,9.14364,1.19,1.19
2014.08.25 16:02:15.221,9.14204,9.14364,1.19,1.19
2014.08.25 16:02:16.624,9.14205,9.14363,1.19,1.19
2014.08.25 16:02:17.727,9.14207,9.14365,1.19,1.19
2014.08.25 16:02:19.130,9.14205,9.14363,1.19,1.19
2014.08.25 16:02:20.233,9.14206,9.14364,1.19,1.19
2014.08.25 16:02:24.341,9.14205,9.14363,1.19,1.19
2014.08.25 16:02:25.745,9.14206,9.14364,1.19,1.19
2014.08.25 16:02:27.748,9.14205,9.14363,1.19,1.19
2014.08.25 16:02:28.850,9.14207,9.14365,1.19,1.19
2014.08.25 16:02:30.353,9.14205,9.14363,1.19,1.19
2014.08.25 16:02:32.658,9.14204,9.14362,1.19,1.19
2014.08.25 16:02:33.960,9.14206,9.14364,1.19,1.19
2014.08.25 16:02:35.500,9.14205,9.14363,1.19,1.19
2014.08.25 16:02:37.720,9.14207,9.14365,1.19,1.19
2014.08.25 16:02:39.189,9.14205,9.14363,1.19,1.19
2014.08.25 16:02:43.882,9.14208,9.14366,1.19,1.19
2014.08.25 16:02:45.427,9.14205,9.14363,1.19,1.19
2014.08.25 16:02:51.943,9.14206,9.14364,1.19,1.19
2014.08.25 16:02:56.111,9.14157,9.144,1.19,1.85
2014.08.25 16:02:56.908,9.14197,9.14355,1.19,1.19
2014.08.25 16:02:59.313,9.14187,9.14345,1.19,1.19
2014.08.25 16:03:00.415,9.14186,9.14344,1.19,1.19
2014.08.25 16:03:01.917,9.14177,9.14347,1.19,1.19
2014.08.25 16:03:02.963,9.14175,9.14348,1.19,1.19
2014.08.25 16:03:04.123,9.14174,9.1435,1.19,1.19
2014.08.25 16:03:05.127,9.14172,9.14351,1.19,1.19
2014.08.25 16:03:06.162,9.14173,9.14349,1.19,1.19
2014.08.25 16:03:07.152,9.14179,9.14359,1.19,1.19
2014.08.25 16:03:07.253,9.14196,9.14359,1.00,1.19
2014.08.25 16:03:07.405,9.14179,9.14359,1.19,1.19
2014.08.25 16:03:08.536,9.14191,9.14349,1.19,1.19
2014.08.25 16:03:09.970,9.1419,9.14348,1.19,1.19
2014.08.25 16:03:10.990,9.14188,9.14346,1.19,1.19
2014.08.25 16:03:12.744,9.14182,9.1434,1.19,1.19
2014.08.25 16:03:16.699,9.14183,9.14342,1.19,1.19
2014.08.25 16:03:20.056,9.14168,9.14359,1.19,1.19
2014.08.25 16:03:21.759,9.14172,9.14349,1.19,1.19
2014.08.25 16:03:24.981,9.14171,9.14349,1.19,1.19
2014.08.25 16:03:25.284,9.14175,9.14333,1.19,1.19
2014.08.25 16:03:26.170,9.1417,9.14328,1.19,1.19
2014.08.25 16:03:27.196,9.14171,9.14329,1.19,1.19
2014.08.25 16:03:28.707,9.14164,9.1433,1.19,1.19
2014.08.25 16:03:30.674,9.14171,9.14329,1.19,1.19
2014.08.25 16:03:34.782,9.14153,9.14325,1.19,1.19
2014.08.25 16:03:36.585,9.14151,9.1433,1.19,1.19
2014.08.25 16:03:39.090,9.14144,9.14331,1.69,1.19
2014.08.25 16:03:39.195,9.14156,9.14331,1.00,1.19
2014.08.25 16:03:40.092,9.14156,9.14333,1.19,1.19
2014.08.25 16:03:41.795,9.14156,9.14331,1.19,1.19
2014.08.25 16:03:44.800,9.14156,9.14338,1.19,1.19
2014.08.25 16:03:46.134,9.14156,9.14341,1.19,1.19
2014.08.25 16:03:49.139,9.14156,9.14333,1.00,1.19
2014.08.25 16:03:50.141,9.14156,9.14334,1.19,1.19
2014.08.25 16:03:51.243,9.14156,9.14336,1.19,1.19
2014.08.25 16:03:54.549,9.14156,9.14334,1.19,1.19
2014.08.25 16:03:57.793,9.14156,9.14327,1.00,1.19
2014.08.25 16:03:58.274,9.14139,9.14327,1.19,1.19
2014.08.25 16:03:58.629,9.14171,9.14327,1.00,1.19
2014.08.25 16:03:58.680,9.14171,9.14394,1.19,1.85
2014.08.25 16:03:58.731,9.14169,9.14394,1.19,1.85
2014.08.25 16:03:58.782,9.14166,9.14326,1.19,1.19
2014.08.25 16:04:01.491,9.14161,9.14319,1.19,1.19
2014.08.25 16:04:02.778,9.14151,9.14324,1.19,1.19
2014.08.25 16:04:04.472,9.14152,9.14326,1.19,1.19
2014.08.25 16:04:10.082,9.14141,9.14324,1.19,1.19
2014.08.25 16:04:14.189,9.14141,9.14319,1.19,1.19
2014.08.25 16:04:16.593,9.14141,9.14324,1.19,1.19
2014.08.25 16:04:17.996,9.14141,9.14322,1.19,1.19
2014.08.25 16:04:20.101,9.14141,9.14324,1.19,1.19
2014.08.25 16:04:21.339,9.14142,9.14327,1.19,1.19
2014.08.25 16:04:22.606,9.14141,9.14324,1.19,1.19
2014.08.25 16:04:25.812,9.14147,9.14317,1.25,1.19
2014.08.25 16:04:27.113,9.14147,9.14324,1.19,1.19
2014.08.25 16:04:28.457,9.14147,9.14321,1.19,1.19
2014.08.25 16:04:29.618,9.14147,9.14327,1.19,1.19
2014.08.25 16:04:30.720,9.14147,9.1433,1.19,1.19
2014.08.25 16:04:32.042,9.14147,9.14325,1.19,1.19
2014.08.25 16:04:33.170,9.14147,9.14327,1.19,1.19
2014.08.25 16:04:34.126,9.14147,9.14324,1.19,1.19
2014.08.25 16:04:36.246,9.14147,9.14322,1.19,1.19
2014.08.25 16:04:37.279,9.14147,9.14324,1.19,1.19
2014.08.25 16:04:38.552,9.14147,9.1433,1.19,1.19
2014.08.25 16:04:40.140,9.14147,9.14321,1.19,1.19
2014.08.25 16:04:42.244,9.14147,9.14319,1.19,1.19
2014.08.25 16:04:43.481,9.14147,9.14324,1.19,1.19
2014.08.25 16:04:44.650,9.14147,9.14327,1.19,1.19
2014.08.25 16:04:46.858,9.14145,9.14324,1.19,1.19
2014.08.25 16:04:53.579,9.14164,9.14324,1.19,1.19
2014.08.25 16:04:53.893,9.14151,9.14309,1.19,1.19
2014.08.25 16:04:55.721,9.14131,9.14289,1.19,1.19
2014.08.25 16:04:56.877,9.14125,9.14283,1.19,1.19
2014.08.25 16:04:58.279,9.14121,9.14279,1.19,1.19
2014.08.25 16:05:02.791,9.14111,9.14278,1.19,1.19
2014.08.25 16:05:03.820,9.14127,9.14293,1.19,1.19
2014.08.25 16:05:04.901,9.14129,9.14287,1.19,1.19
2014.08.25 16:05:06.035,9.14125,9.14283,1.19,1.19
2014.08.25 16:05:08.402,9.14118,9.14276,1.19,1.19
2014.08.25 16:05:11.417,9.14126,9.14284,1.19,1.19
2014.08.25 16:05:12.811,9.14111,9.14284,1.19,1.19
2014.08.25 16:05:14.530,9.14109,9.14284,1.19,1.19
2014.08.25 16:05:15.558,9.14112,9.14287,1.19,1.19
2014.08.25 16:05:18.121,9.14108,9.14286,1.19,1.19
2014.08.25 16:05:20.175,9.14109,9.14285,1.19,1.19
2014.08.25 16:05:21.127,9.14107,9.14283,1.19,1.19
2014.08.25 16:05:24.134,9.14104,9.1429,1.19,1.19
2014.08.25 16:05:27.240,9.14105,9.14281,1.19,1.19
2014.08.25 16:05:32.350,9.14103,9.14278,1.19,1.19
2014.08.25 16:05:34.188,9.14117,9.14293,1.19,1.19
2014.08.25 16:05:35.254,9.14118,9.14294,1.19,1.19
2014.08.25 16:05:36.257,9.14111,9.14287,1.19,1.19
2014.08.25 16:05:40.163,9.14105,9.14281,1.19,1.19
2014.08.25 16:05:45.573,9.14106,9.14282,1.19,1.19
2014.08.25 16:05:50.699,9.1411,9.14288,1.19,1.19
2014.08.25 16:05:55.592,9.14103,9.14279,1.19,1.19
2014.08.25 16:05:56.894,9.14111,9.14287,1.19,1.19
2014.08.25 16:06:02.249,9.14102,9.14278,1.69,1.19
2014.08.25 16:06:03.707,9.14115,9.14291,1.19,1.19
2014.08.25 16:06:04.911,9.14112,9.14286,1.19,1.19
2014.08.25 16:06:07.359,9.14126,9.14284,1.19,1.19
2014.08.25 16:06:10.121,9.14134,9.14292,1.19,1.19
2014.08.25 16:06:11.223,9.14127,9.14285,1.19,1.19
2014.08.25 16:06:15.130,9.14123,9.14281,1.19,1.19
2014.08.25 16:06:16.934,9.14115,9.14283,1.19,1.19
2014.08.25 16:06:21.579,9.14106,9.14276,1.19,1.19
2014.08.25 16:06:22.646,9.14113,9.14283,1.19,1.19
2014.08.25 16:06:24.451,9.14111,9.14281,1.19,1.19
2014.08.25 16:06:26.403,9.14126,9.14284,1.19,1.19
2014.08.25 16:06:28.058,9.14126,9.14284,1.19,1.19
2014.08.25 16:06:30.864,9.14122,9.1428,1.19,1.19
2014.08.25 16:06:32.769,9.14125,9.14285,1.19,1.19
2014.08.25 16:06:33.971,9.1412,9.14278,1.19,1.19
2014.08.25 16:06:35.174,9.14126,9.14284,1.19,1.19
2014.08.25 16:06:38.480,9.14126,9.14284,1.19,1.19
2014.08.25 16:06:40.092,9.14115,9.14277,1.19,1.19
2014.08.25 16:06:41.630,9.14126,9.14284,1.19,1.19
2014.08.25 16:06:42.589,9.14121,9.14279,1.19,1.19
2014.08.25 16:06:46.598,9.1412,9.14278,1.19,1.19
2014.08.25 16:06:47.700,9.14121,9.14279,1.19,1.19
2014.08.25 16:06:50.504,9.14123,9.14281,1.19,1.19
2014.08.25 16:06:52.536,9.14111,9.14281,1.19,1.19
2014.08.25 16:06:56.615,9.14109,9.14279,1.19,1.19
2014.08.25 16:06:59.019,9.14117,9.14287,1.19,1.19
2014.08.25 16:07:00.928,9.14113,9.14283,1.19,1.19
2014.08.25 16:07:02.125,9.1411,9.1428,1.19,1.19
2014.08.25 16:07:03.728,9.1411,9.1428,1.19,1.19
2014.08.25 16:07:05.030,9.14112,9.14282,1.19,1.19
2014.08.25 16:07:06.833,9.14114,9.14286,1.19,1.19
2014.08.25 16:07:09.280,9.14106,9.14291,1.19,1.19
2014.08.25 16:07:11.042,9.14107,9.14292,1.19,1.19
2014.08.25 16:07:16.800,9.14099,9.14284,1.19,1.19
2014.08.25 16:07:18.154,9.14104,9.14291,1.19,1.19
2014.08.25 16:07:19.357,9.14108,9.14291,1.19,1.19
2014.08.25 16:07:26.108,9.14098,9.14284,1.19,1.19
2014.08.25 16:07:27.271,9.14104,9.14291,1.19,1.19
2014.08.25 16:07:28.474,9.14106,9.14293,1.19,1.19
2014.08.25 16:07:31.829,9.141,9.14287,1.19,1.19
2014.08.25 16:07:36.890,9.14111,9.14289,1.19,1.19
2014.08.25 16:07:38.695,9.14111,9.14302,1.19,1.19
2014.08.25 16:07:39.698,9.14112,9.14303,1.19,1.19
2014.08.25 16:07:41.609,9.1413,9.14291,1.19,1.19
2014.08.25 16:07:43.612,9.14131,9.14289,1.19,1.19
2014.08.25 16:07:46.917,9.14116,9.14301,1.19,1.19
2014.08.25 16:07:51.124,9.14111,9.14301,1.19,1.19
2014.08.25 16:07:55.131,9.14114,9.143,1.19,1.19
2014.08.25 16:07:56.134,9.14111,9.14304,1.19,1.19
2014.08.25 16:07:59.849,9.1413,9.14291,1.19,1.19
2014.08.25 16:08:00.886,9.14127,9.14287,1.19,1.19
2014.08.25 16:08:02.049,9.14125,9.14283,1.19,1.19
2014.08.25 16:08:03.552,9.14124,9.14282,1.19,1.19
2014.08.25 16:08:04.592,9.14121,9.1428,1.19,1.19
2014.08.25 16:08:06.058,9.14134,9.14294,1.19,1.19
2014.08.25 16:08:09.063,9.14134,9.14292,1.19,1.19
2014.08.25 16:08:24.090,9.14115,9.14295,1.19,1.19
2014.08.25 16:08:25.615,9.14117,9.14282,1.19,1.19
2014.08.25 16:08:32.052,9.14119,9.14297,1.19,1.19
2014.08.25 16:08:32.752,9.1414,9.14298,1.19,1.19
2014.08.25 16:08:33.818,9.14145,9.14303,1.19,1.19
2014.08.25 16:08:35.666,9.14146,9.14304,1.19,1.19
2014.08.25 16:08:43.170,9.14135,9.14323,1.19,1.19
2014.08.25 16:08:45.346,9.14132,9.14318,1.19,1.19
2014.08.25 16:08:47.607,9.14145,9.14305,1.19,1.19
2014.08.25 16:08:50.364,9.14142,9.1431,1.19,1.19
2014.08.25 16:08:51.967,9.14137,9.14311,1.19,1.19
2014.08.25 16:08:53.073,9.14134,9.14317,1.19,1.19
2014.08.25 16:08:54.207,9.14131,9.14319,1.19,1.19
2014.08.25 16:08:55.678,9.14132,9.14321,1.19,1.19
2014.08.25 16:08:56.981,9.14131,9.1432,1.19,1.19
2014.08.25 16:09:04.222,9.14134,9.14325,1.19,1.19
2014.08.25 16:09:05.237,9.1413,9.14321,1.19,1.19
2014.08.25 16:09:07.500,9.14132,9.14323,1.19,1.19
2014.08.25 16:09:09.232,9.1413,9.14321,1.19,1.19
2014.08.25 16:09:12.309,9.14132,9.14323,1.19,1.19
2014.08.25 16:09:14.549,9.1413,9.14321,1.19,1.19
2014.08.25 16:09:17.731,9.14132,9.14323,1.19,1.19
2014.08.25 16:09:19.034,9.14131,9.14322,1.19,1.19
2014.08.25 16:09:20.484,9.1413,9.14321,1.19,1.19
2014.08.25 16:09:22.041,9.14131,9.14322,1.19,1.19
2014.08.25 16:09:23.571,9.1413,9.14321,1.19,1.19
2014.08.25 16:09:24.687,9.14131,9.14322,1.19,1.19
2014.08.25 16:09:30.056,9.14134,9.14325,1.19,1.19
2014.08.25 16:09:36.064,9.14132,9.14323,1.19,1.19
2014.08.25 16:09:38.068,9.1413,9.14321,1.19,1.19
2014.08.25 16:09:46.081,9.14128,9.14318,1.19,1.19
2014.08.25 16:09:48.035,9.14131,9.14322,1.19,1.19
2014.08.25 16:09:50.290,9.1413,9.1432,1.19,1.19
2014.08.25 16:09:54.898,9.14133,9.14324,1.19,1.19
2014.08.25 16:09:56.501,9.1413,9.14323,1.19,1.19
2014.08.25 16:10:02.346,9.14141,9.14305,1.19,1.19
2014.08.25 16:10:05.418,9.14143,9.14304,1.19,1.19
2014.08.25 16:10:08.451,9.14131,9.14316,1.19,1.19
2014.08.25 16:10:10.530,9.1413,9.1432,1.19,1.19
2014.08.25 16:10:12.135,9.1413,9.1432,1.19,1.19
2014.08.25 16:10:14.139,9.14131,9.14323,1.19,1.19
2014.08.25 16:10:15.143,9.14128,9.14319,1.19,1.19
2014.08.25 16:10:16.546,9.14128,9.1432,1.19,1.19
2014.08.25 16:10:21.957,9.14134,9.14325,1.19,1.19
2014.08.25 16:10:24.161,9.1413,9.14323,1.19,1.19
2014.08.25 16:10:25.564,9.14128,9.14319,1.19,1.19
2014.08.25 16:10:26.866,9.14127,9.14305,1.19,1.19
2014.08.25 16:10:38.240,9.14125,9.14305,1.19,1.19
2014.08.25 16:10:40.194,9.14127,9.14305,1.19,1.19
2014.08.25 16:10:41.396,9.1413,9.14303,1.19,1.19
2014.08.25 16:10:44.603,9.14129,9.14302,1.19,1.19
2014.08.25 16:10:46.106,9.14144,9.14302,1.19,1.19
2014.08.25 16:10:48.249,9.14145,9.14303,1.19,1.19
2014.08.25 16:10:49.213,9.1415,9.14308,1.19,1.19
2014.08.25 16:10:50.215,9.14151,9.14309,1.19,1.19
2014.08.25 16:10:54.321,9.14141,9.14322,1.19,1.19
2014.08.25 16:10:55.424,9.1414,9.14319,1.19,1.19
2014.08.25 16:10:56.526,9.14146,9.14322,1.19,1.19
2014.08.25 16:10:58.230,9.14144,9.1432,1.19,1.19
2014.08.25 16:11:00.534,9.14146,9.14322,1.19,1.19
2014.08.25 16:11:02.939,9.14148,9.14326,1.19,1.19
2014.08.25 16:11:05.544,9.14153,9.1433,1.19,1.19
2014.08.25 16:11:11.878,9.14149,9.14313,1.19,1.19
2014.08.25 16:11:15.261,9.14151,9.14309,1.19,1.19
2014.08.25 16:11:16.583,9.14147,9.14305,1.19,1.19
2014.08.25 16:11:17.717,9.14149,9.14307,1.19,1.19
2014.08.25 16:11:20.272,9.14146,9.14304,1.19,1.19
2014.08.25 16:11:25.481,9.14148,9.14306,1.19,1.19
2014.08.25 16:11:27.085,9.14153,9.14311,1.19,1.19
2014.08.25 16:11:30.516,9.14144,9.1431,1.19,1.19
2014.08.25 16:11:34.819,9.14128,9.14297,1.19,1.19
2014.08.25 16:11:36.126,9.14135,9.14293,1.19,1.19
2014.08.25 16:11:37.404,9.1415,9.14308,1.19,1.19
2014.08.25 16:11:38.077,9.14193,9.14308,1.00,1.19
2014.08.25 16:11:38.128,9.14206,9.14384,1.50,1.88
2014.08.25 16:11:38.179,9.14206,9.14413,1.50,1.00
2014.08.25 16:11:38.230,9.14224,9.14398,1.19,1.19
2014.08.25 16:11:38.533,9.14246,9.14406,1.19,1.19
2014.08.25 16:11:38.836,9.14257,9.14485,1.00,1.00
2014.08.25 16:11:38.887,9.14257,9.14525,1.00,1.38
2014.08.25 16:11:38.971,9.14206,9.14564,2.25,1.75
2014.08.25 16:11:39.022,9.14206,9.14564,2.25,1.75
2014.08.25 16:11:39.124,9.14176,9.14564,1.75,1.75
2014.08.25 16:11:39.326,9.14196,9.14564,2.25,1.75
2014.08.25 16:11:39.631,9.14364,9.14612,1.00,1.00
2014.08.25 16:11:39.935,9.14364,9.14612,1.19,1.00
2014.08.25 16:11:40.036,9.14364,9.14608,1.00,1.00
2014.08.25 16:11:40.087,9.1434,9.14588,1.00,1.00
2014.08.25 16:11:40.608,9.14366,9.14588,1.00,1.00
2014.08.25 16:11:40.709,9.144,9.14644,1.00,1.00
2014.08.25 16:11:40.760,9.14526,9.14644,1.50,1.00
2014.08.25 16:11:41.677,9.14526,9.14666,1.50,1.00
2014.08.25 16:11:43.202,9.14456,9.14666,1.50,1.00
2014.08.25 16:11:43.759,9.14472,9.14687,1.19,1.00
2014.08.25 16:11:44.579,9.14475,9.14709,1.19,1.00
2014.08.25 16:11:45.523,9.14488,9.14709,1.19,1.00
2014.08.25 16:11:46.574,9.14509,9.14709,1.19,1.00
2014.08.25 16:11:46.676,9.14525,9.14728,1.50,1.69
2014.08.25 16:11:46.930,9.14535,9.14728,1.19,1.25
2014.08.25 16:11:47.940,9.1454,9.14749,1.19,1.19
2014.08.25 16:11:48.929,9.14538,9.14749,1.19,1.19
2014.08.25 16:11:50.042,9.1454,9.14747,1.19,1.19
2014.08.25 16:11:52.238,9.14534,9.14751,1.19,1.19
2014.08.25 16:11:52.874,9.14566,9.14748,1.69,1.19
2014.08.25 16:11:53.178,9.14646,9.1481,1.50,1.00
2014.08.25 16:11:53.229,9.14646,9.14837,1.50,1.00
2014.08.25 16:11:53.280,9.14649,9.14838,1.19,1.19
2014.08.25 16:11:54.373,9.14652,9.14838,1.19,1.19
2014.08.25 16:11:54.677,9.14646,9.14821,1.69,1.19
2014.08.25 16:11:55.876,9.14646,9.14815,1.69,1.19
2014.08.25 16:11:57.181,9.14646,9.14814,1.69,1.19
2014.08.25 16:11:57.283,9.14646,9.1483,1.69,1.19
2014.08.25 16:11:58.372,9.14646,9.14831,1.69,1.19
2014.08.25 16:11:59.485,9.14646,9.14811,1.50,1.19
2014.08.25 16:12:01.559,9.14646,9.14812,1.50,1.19
2014.08.25 16:12:02.363,9.14646,9.14795,1.69,1.19
2014.08.25 16:12:02.566,9.14646,9.14821,1.50,1.19
2014.08.25 16:12:03.607,9.14646,9.14826,1.69,1.19
2014.08.25 16:12:04.867,9.14646,9.14839,1.69,1.19
2014.08.25 16:12:06.015,9.14646,9.14839,1.69,1.19
2014.08.25 16:12:06.355,9.14624,9.14811,1.19,1.19
2014.08.25 16:12:07.414,9.14636,9.1482,1.19,1.19
2014.08.25 16:12:08.375,9.14641,9.1482,1.19,1.19
2014.08.25 16:12:09.479,9.14637,9.1483,1.19,1.19
2014.08.25 16:12:10.479,9.14642,9.14826,1.19,1.19
2014.08.25 16:12:12.628,9.14634,9.14808,1.19,1.19
2014.08.25 16:12:12.830,9.14611,9.14808,1.19,1.19
2014.08.25 16:12:13.887,9.146,9.14804,1.19,1.19
2014.08.25 16:12:14.897,9.14596,9.14801,1.19,1.19
2014.08.25 16:12:15.820,9.14576,9.14763,1.69,1.19
2014.08.25 16:12:16.125,9.14576,9.14738,1.69,1.19
2014.08.25 16:12:16.331,9.14533,9.14761,1.00,1.19
2014.08.25 16:12:16.381,9.14533,9.14684,1.00,1.88
2014.08.25 16:12:16.534,9.145,9.14684,1.00,2.07
2014.08.25 16:12:16.636,9.14473,9.14677,1.19,1.25
2014.08.25 16:12:16.738,9.14454,9.14668,1.00,1.19
2014.08.25 16:12:16.839,9.14435,9.14668,1.19,1.19
2014.08.25 16:12:18.128,9.14428,9.1462,1.00,1.19
2014.08.25 16:12:18.230,9.14398,9.1462,1.19,1.19
2014.08.25 16:12:19.298,9.14392,9.14616,1.19,1.19
2014.08.25 16:12:20.300,9.14397,9.14621,1.19,1.57
2014.08.25 16:12:21.803,9.14401,9.1462,1.19,1.19
2014.08.25 16:12:24.727,9.14415,9.14622,1.19,1.19
2014.08.25 16:12:25.749,9.14415,9.14622,1.19,1.19
2014.08.25 16:12:26.783,9.14415,9.14622,1.19,1.19
2014.08.25 16:12:28.713,9.14415,9.14622,1.19,1.19
2014.08.25 16:12:29.738,9.14415,9.14622,1.19,1.19
2014.08.25 16:12:30.918,9.14415,9.14634,1.19,2.07
2014.08.25 16:12:32.320,9.14415,9.14634,1.19,2.07
2014.08.25 16:12:32.523,9.14426,9.14634,1.19,1.88
2014.08.25 16:12:32.624,9.14415,9.14634,1.69,1.88
2014.08.25 16:12:32.675,9.14476,9.14667,1.50,1.75
2014.08.25 16:12:32.726,9.14476,9.14667,1.50,1.00
2014.08.25 16:12:32.777,9.14476,9.14693,1.50,1.38
2014.08.25 16:12:32.828,9.14476,9.14696,1.50,1.50
2014.08.25 16:12:32.879,9.14485,9.14716,1.00,1.13
2014.08.25 16:12:32.930,9.14485,9.14722,1.00,1.00
2014.08.25 16:12:33.234,9.14496,9.14722,1.00,1.00
2014.08.25 16:12:34.200,9.14482,9.14722,1.00,1.00
2014.08.25 16:12:34.402,9.14482,9.14684,1.00,1.88
2014.08.25 16:12:34.453,9.14476,9.14684,1.50,1.88
2014.08.25 16:12:34.555,9.14476,9.14676,1.50,1.00
2014.08.25 16:12:34.656,9.14428,9.14676,1.19,1.00
2014.08.25 16:12:35.427,9.14433,9.14676,1.19,1.00
2014.08.25 16:12:35.933,9.14433,9.14676,1.19,1.75
2014.08.25 16:12:36.560,9.14428,9.14676,1.19,1.75
2014.08.25 16:12:36.611,9.14428,9.14644,1.19,1.88
2014.08.25 16:12:36.914,9.14415,9.14644,1.19,2.07
2014.08.25 16:12:37.433,9.14415,9.14634,1.19,1.88
2014.08.25 16:12:39.685,9.14397,9.14634,1.19,1.88
2014.08.25 16:12:40.636,9.14417,9.14634,1.19,1.88
2014.08.25 16:12:42.749,9.14423,9.14634,1.19,1.88
2014.08.25 16:12:44.643,9.14423,9.14634,1.19,1.88
2014.08.25 16:12:46.847,9.14421,9.14634,1.19,1.88
2014.08.25 16:12:48.550,9.14429,9.14634,1.19,1.88
2014.08.25 16:12:49.677,9.14431,9.14634,1.19,1.88
2014.08.25 16:12:50.654,9.1443,9.14634,1.19,1.88
2014.08.25 16:12:52.457,9.1443,9.14634,1.19,1.88
2014.08.25 16:12:56.864,9.14441,9.14634,1.19,1.88
2014.08.25 16:13:01.553,9.14441,9.14634,1.19,2.48
2014.08.25 16:13:01.604,9.14384,9.14627,1.00,1.60
2014.08.25 16:13:01.655,9.14384,9.14618,1.00,1.00
2014.08.25 16:13:01.991,9.14386,9.14598,1.19,1.19
2014.08.25 16:13:02.976,9.14376,9.14595,1.19,1.19
2014.08.25 16:13:06.983,9.14387,9.14598,1.19,1.19
2014.08.25 16:13:07.986,9.14396,9.14596,1.19,1.00
2014.08.25 16:13:11.091,9.14404,9.14596,1.19,1.00
2014.08.25 16:13:12.796,9.14398,9.14596,1.19,1.00
2014.08.25 16:13:16.302,9.14377,9.14596,1.19,1.19
2014.08.25 16:13:17.722,9.14381,9.14591,1.19,1.19
2014.08.25 16:13:19.126,9.14401,9.14598,1.19,1.00
2014.08.25 16:13:19.177,9.14401,9.14613,1.19,1.19
2014.08.25 16:13:19.846,9.14405,9.14622,1.19,1.00
2014.08.25 16:13:19.948,9.14427,9.14638,1.19,1.00
2014.08.25 16:13:19.999,9.14427,9.1465,1.19,1.00
2014.08.25 16:13:20.103,9.14476,9.14667,1.50,1.00
2014.08.25 16:13:20.154,9.14476,9.14687,1.50,1.38
2014.08.25 16:13:20.205,9.14476,9.1469,1.50,1.00
2014.08.25 16:13:20.256,9.14476,9.14711,1.50,1.00
2014.08.25 16:13:20.307,9.14476,9.14714,1.50,1.00
2014.08.25 16:13:24.422,9.14481,9.14714,1.00,1.00
2014.08.25 16:13:26.078,9.14481,9.14727,1.00,1.00
2014.08.25 16:13:28.872,9.14481,9.14684,1.00,1.88
2014.08.25 16:13:29.024,9.14461,9.14682,1.00,1.00
2014.08.25 16:13:29.075,9.14434,9.14662,1.00,1.00
2014.08.25 16:13:29.126,9.14419,9.14662,1.19,1.00
2014.08.25 16:13:30.368,9.14419,9.14662,1.19,1.00
2014.08.25 16:13:31.570,9.14415,9.14662,1.19,1.00
2014.08.25 16:13:31.949,9.14415,9.14654,1.19,1.88
2014.08.25 16:13:32.649,9.14414,9.14649,1.19,1.19
2014.08.25 16:13:35.840,9.14411,9.14642,1.19,1.19
2014.08.25 16:13:37.543,9.14407,9.14642,1.19,1.19
2014.08.25 16:13:39.446,9.14411,9.14642,1.19,1.19
2014.08.25 16:13:41.150,9.144,9.14642,1.19,1.69
2014.08.25 16:13:42.172,9.14411,9.14642,1.19,1.19
2014.08.25 16:13:43.553,9.14416,9.14642,1.19,1.19
2014.08.25 16:13:44.688,9.14416,9.14645,1.19,1.19
2014.08.25 16:13:45.764,9.14422,9.14646,1.19,1.19
2014.08.25 16:13:46.783,9.1442,9.14646,1.19,1.19
2014.08.25 16:13:47.903,9.14418,9.14645,1.19,1.19
2014.08.25 16:13:49.164,9.14417,9.14644,1.19,1.19
2014.08.25 16:13:50.265,9.14421,9.14646,1.19,1.19
2014.08.25 16:13:51.467,9.14423,9.14646,1.19,1.19
2014.08.25 16:13:52.076,9.14438,9.14646,1.19,1.00
2014.08.25 16:13:52.280,9.14476,9.14681,1.50,1.00
2014.08.25 16:13:52.432,9.14476,9.14701,1.50,1.00
2014.08.25 16:13:52.483,9.14476,9.14703,1.50,1.00
2014.08.25 16:13:52.584,9.14478,9.14703,1.00,1.00
2014.08.25 16:13:53.405,9.14478,9.14724,1.00,1.00
2014.08.25 16:13:54.561,9.14478,9.14721,1.00,1.00
2014.08.25 16:13:54.764,9.14431,9.14679,1.00,1.00
2014.08.25 16:13:54.815,9.14429,9.14658,1.25,1.00
2014.08.25 16:13:55.899,9.1441,9.14658,1.19,1.19
2014.08.25 16:13:56.608,9.14405,9.14637,1.69,1.00
2014.08.25 16:13:57.780,9.14396,9.14635,1.69,1.19
2014.08.25 16:13:59.224,9.14405,9.14637,1.19,1.19
2014.08.25 16:14:00.786,9.14405,9.14637,1.19,1.19
2014.08.25 16:14:01.787,9.14405,9.14637,1.19,1.19
2014.08.25 16:14:05.093,9.14406,9.14637,1.19,1.19
2014.08.25 16:14:06.631,9.14405,9.14635,1.19,1.19
2014.08.25 16:14:07.699,9.14396,9.1462,1.69,1.19
2014.08.25 16:14:08.916,9.14396,9.14622,1.69,1.19
2014.08.25 16:14:10.136,9.14397,9.14628,1.19,1.19
2014.08.25 16:14:10.454,9.14383,9.14599,1.19,1.19
2014.08.25 16:14:11.432,9.14384,9.14601,1.19,1.19
2014.08.25 16:14:14.025,9.14384,9.146,1.19,1.19
2014.08.25 16:14:16.325,9.14452,9.1462,1.00,1.00
2014.08.25 16:14:16.376,9.14472,9.14647,1.00,1.00
2014.08.25 16:14:16.427,9.145,9.14675,1.19,1.19
2014.08.25 16:14:16.731,9.14491,9.14625,1.00,1.19
2014.08.25 16:14:16.782,9.14422,9.14625,1.19,1.19
2014.08.25 16:14:17.035,9.14403,9.14638,1.19,1.19
2014.08.25 16:14:17.851,9.14446,9.14649,1.50,1.00
2014.08.25 16:14:18.156,9.14446,9.1467,1.50,1.38
2014.08.25 16:14:18.258,9.14448,9.1467,1.00,1.00
2014.08.25 16:14:18.707,9.14446,9.1467,1.50,1.00
2014.08.25 16:14:21.128,9.14446,9.14654,1.50,2.07
2014.08.25 16:14:21.180,9.14437,9.14648,1.00,1.25
2014.08.25 16:14:21.281,9.14415,9.14648,1.19,1.25
2014.08.25 16:14:22.129,9.144,9.14648,1.19,1.19
2014.08.25 16:14:23.256,9.14401,9.14648,1.19,1.25
2014.08.25 16:14:24.234,9.14406,9.14648,1.19,1.00
2014.08.25 16:14:26.638,9.14407,9.14648,1.19,1.00
2014.08.25 16:14:27.471,9.14407,9.1465,1.19,1.25
2014.08.25 16:14:29.342,9.14418,9.1465,1.19,1.19
2014.08.25 16:14:29.686,9.14544,9.14725,1.19,1.19
2014.08.25 16:14:29.990,9.14503,9.14654,1.00,1.88
2014.08.25 16:14:30.092,9.14441,9.14654,1.19,1.88
2014.08.25 16:14:30.860,9.14441,9.14654,1.19,1.88
2014.08.25 16:14:30.912,9.14441,9.14689,1.19,1.75
2014.08.25 16:14:31.013,9.14441,9.14689,1.19,1.75
2014.08.25 16:14:31.115,9.14441,9.14689,1.19,1.75
2014.08.25 16:14:31.166,9.14474,9.14689,1.19,1.75
2014.08.25 16:14:31.318,9.14474,9.14689,1.19,1.50
2014.08.25 16:14:31.369,9.14451,9.14689,1.19,1.50
2014.08.25 16:14:33.000,9.14446,9.14689,1.50,1.50
2014.08.25 16:14:34.371,9.14526,9.14689,1.50,1.50
2014.08.25 16:14:34.472,9.14526,9.14727,1.50,1.94
2014.08.25 16:14:34.574,9.14532,9.1473,1.19,1.19
2014.08.25 16:14:35.605,9.14534,9.14751,1.19,1.19
2014.08.25 16:14:36.895,9.14536,9.14742,1.19,1.19
2014.08.25 16:14:37.891,9.14535,9.1474,1.19,1.19
2014.08.25 16:14:39.095,9.14527,9.14724,1.19,1.19
2014.08.25 16:14:39.399,9.14497,9.14709,1.19,1.94
2014.08.25 16:14:40.703,9.14496,9.14721,1.19,1.94
2014.08.25 16:14:42.667,9.14497,9.14722,1.19,1.94
2014.08.25 16:14:43.669,9.14499,9.1472,1.19,1.94
2014.08.25 16:14:44.688,9.14499,9.14722,1.19,1.94
2014.08.25 16:14:50.180,9.145,9.14721,1.19,1.94
2014.08.25 16:14:53.087,9.14494,9.14714,1.19,1.94
2014.08.25 16:14:55.591,9.14495,9.14716,1.19,1.57
2014.08.25 16:14:56.593,9.14494,9.14714,1.19,1.32
2014.08.25 16:15:00.123,9.14495,9.14718,1.19,1.57
2014.08.25 16:15:02.008,9.14493,9.14715,1.19,1.57
2014.08.25 16:15:03.611,9.14492,9.14713,1.19,1.19
2014.08.25 16:15:04.759,9.1449,9.14711,1.19,1.19
2014.08.25 16:15:05.716,9.1449,9.14711,1.19,1.19
2014.08.25 16:15:10.525,9.14497,9.14718,1.19,1.57
2014.08.25 16:15:11.728,9.14493,9.14715,1.19,1.57
2014.08.25 16:15:12.874,9.14488,9.14703,1.19,1.19
2014.08.25 16:15:13.960,9.14491,9.14701,1.19,1.19
2014.08.25 16:15:14.162,9.14488,9.14711,1.00,1.00
2014.08.25 16:15:14.264,9.14476,9.14711,1.50,1.00
2014.08.25 16:15:14.517,9.14485,9.14711,1.00,1.00
2014.08.25 16:15:15.023,9.14476,9.14711,1.50,1.00
2014.08.25 16:15:17.893,9.14476,9.14699,1.50,1.00
2014.08.25 16:15:20.653,9.14476,9.14678,1.50,1.00
2014.08.25 16:15:21.961,9.14476,9.14657,1.50,1.00
2014.08.25 16:15:22.876,9.14434,9.14657,1.00,1.00
2014.08.25 16:15:23.082,9.14426,9.14657,1.50,1.00
2014.08.25 16:15:23.184,9.14426,9.14657,1.69,1.00
2014.08.25 16:15:23.503,9.14438,9.14657,1.00,1.00
2014.08.25 16:15:24.147,9.14426,9.14657,2.44,1.00
2014.08.25 16:15:24.897,9.14426,9.14657,2.25,1.00
2014.08.25 16:15:34.471,9.14426,9.14657,2.44,1.19
2014.08.25 16:15:35.579,9.14426,9.14655,2.44,1.19
2014.08.25 16:15:36.599,9.14426,9.14655,2.44,1.19
2014.08.25 16:15:37.721,9.14426,9.14655,2.44,1.19
2014.08.25 16:15:39.580,9.14426,9.14655,2.25,1.19
2014.08.25 16:15:40.686,9.14426,9.14655,2.25,1.19
2014.08.25 16:15:42.627,9.14426,9.14655,2.44,1.19
2014.08.25 16:15:45.025,9.14426,9.1465,1.69,1.19
2014.08.25 16:15:46.833,9.14426,9.1465,1.50,1.19
2014.08.25 16:15:47.894,9.14426,9.1465,1.50,1.19
2014.08.25 16:15:49.496,9.14426,9.1465,1.50,1.19
2014.08.25 16:15:50.644,9.14426,9.1465,1.50,1.19
2014.08.25 16:15:55.531,9.14426,9.1465,1.50,1.19
2014.08.25 16:15:56.654,9.14426,9.14647,1.50,1.19
2014.08.25 16:15:57.610,9.14426,9.14646,1.50,1.19
2014.08.25 16:15:59.714,9.14426,9.14643,1.50,1.19
2014.08.25 16:16:01.216,9.14426,9.14648,1.50,1.19
2014.08.25 16:16:05.124,9.14426,9.14645,1.50,1.19
2014.08.25 16:16:06.161,9.14426,9.14649,1.50,1.19
2014.08.25 16:16:07.545,9.14426,9.14643,1.50,1.19
2014.08.25 16:16:08.563,9.14426,9.14637,1.50,1.19
2014.08.25 16:16:09.932,9.14426,9.14639,1.50,1.69
2014.08.25 16:16:11.072,9.14426,9.14625,1.50,1.19
2014.08.25 16:16:11.174,9.14401,9.14625,1.19,1.19
2014.08.25 16:16:12.142,9.14398,9.14617,1.19,1.19
2014.08.25 16:16:12.544,9.14413,9.14639,1.19,1.19
2014.08.25 16:16:12.696,9.14436,9.14645,1.50,1.19
2014.08.25 16:16:13.050,9.14436,9.14663,1.50,1.00
2014.08.25 16:16:14.550,9.14436,9.14663,1.50,1.19
2014.08.25 16:16:15.686,9.14436,9.14663,1.50,1.19
2014.08.25 16:16:16.669,9.14436,9.14663,1.50,1.25
2014.08.25 16:16:17.797,9.14436,9.14663,1.50,1.19
2014.08.25 16:16:18.762,9.14436,9.14663,1.69,1.19
2014.08.25 16:16:21.155,9.14436,9.14663,1.69,1.19
2014.08.25 16:16:22.184,9.14436,9.14652,1.50,1.19
2014.08.25 16:16:23.178,9.14436,9.14652,1.69,1.19
2014.08.25 16:16:24.873,9.14436,9.14652,1.50,1.00
2014.08.25 16:16:25.866,9.14436,9.14652,1.50,1.19
2014.08.25 16:16:29.175,9.14436,9.14652,1.69,1.19
2014.08.25 16:16:30.323,9.14436,9.14658,1.69,1.19
2014.08.25 16:16:31.394,9.14436,9.14658,1.69,1.19
2014.08.25 16:16:32.419,9.14436,9.14658,1.50,1.19
2014.08.25 16:16:33.885,9.14436,9.14658,1.50,1.19
2014.08.25 16:16:35.232,9.14436,9.14655,1.50,1.19
2014.08.25 16:16:36.197,9.14436,9.14648,1.50,1.19
2014.08.25 16:16:37.892,9.14436,9.14647,1.50,1.19
2014.08.25 16:16:39.395,9.14436,9.14649,1.50,1.19
2014.08.25 16:16:44.905,9.14436,9.14649,1.50,1.19
2014.08.25 16:16:45.367,9.14412,9.14649,1.19,1.19
2014.08.25 16:16:46.033,9.14406,9.14642,1.69,1.19
2014.08.25 16:16:47.010,9.14406,9.14646,1.19,1.19
2014.08.25 16:16:48.312,9.14406,9.14644,1.19,1.19
2014.08.25 16:16:49.815,9.14406,9.14641,1.19,1.19
2014.08.25 16:16:50.817,9.14408,9.14644,1.19,1.19
2014.08.25 16:16:56.238,9.14406,9.1464,1.19,1.19
2014.08.25 16:16:57.242,9.14403,9.14637,1.19,1.19
2014.08.25 16:17:00.334,9.14401,9.14642,1.19,1.19
2014.08.25 16:17:01.537,9.14396,9.14635,2.44,1.19
2014.08.25 16:17:04.141,9.14396,9.14633,1.69,1.19
2014.08.25 16:17:06.674,9.14398,9.14636,1.19,1.69
2014.08.25 16:17:07.648,9.14397,9.14635,1.19,1.19
2014.08.25 16:17:11.673,9.144,9.14636,1.19,1.19
2014.08.25 16:17:12.958,9.14396,9.14627,1.69,1.19
2014.08.25 16:17:14.101,9.14403,9.14636,1.19,1.00
2014.08.25 16:17:14.203,9.14446,9.14659,1.50,1.19
2014.08.25 16:17:14.608,9.14446,9.14659,1.50,1.00
2014.08.25 16:17:17.605,9.14446,9.14659,1.50,1.19
2014.08.25 16:17:19.073,9.14446,9.14659,1.50,1.19
2014.08.25 16:17:20.576,9.14446,9.14659,1.50,1.19
2014.08.25 16:17:22.980,9.14446,9.14652,1.50,1.19
2014.08.25 16:17:26.810,9.14413,9.14652,1.19,1.19
2014.08.25 16:17:27.788,9.14411,9.14645,1.19,1.19
2014.08.25 16:17:28.890,9.14409,9.14639,1.69,1.19
2014.08.25 16:17:30.012,9.14409,9.14641,1.69,1.19
2014.08.25 16:17:31.094,9.14409,9.14651,1.19,1.19
2014.08.25 16:17:32.947,9.14409,9.14644,1.19,1.19
2014.08.25 16:17:33.899,9.14409,9.14645,1.19,1.19
2014.08.25 16:17:34.944,9.14409,9.14644,1.19,1.19
2014.08.25 16:17:36.603,9.14409,9.14638,1.19,1.19
2014.08.25 16:17:37.810,9.14404,9.14633,1.19,1.19
2014.08.25 16:17:40.831,9.14404,9.14636,1.19,1.19
2014.08.25 16:17:41.821,9.14404,9.14636,1.19,1.19
2014.08.25 16:17:42.962,9.14406,9.14636,1.19,1.19
2014.08.25 16:17:44.116,9.14411,9.14636,1.19,1.19
2014.08.25 16:17:45.121,9.14408,9.14643,1.19,1.19
2014.08.25 16:17:46.152,9.14405,9.14634,1.19,1.19
2014.08.25 16:17:47.123,9.14404,9.14624,1.19,1.19
2014.08.25 16:17:48.125,9.14395,9.14621,1.19,1.19
2014.08.25 16:17:49.839,9.14385,9.14614,1.19,1.19
2014.08.25 16:17:50.870,9.14387,9.14611,1.19,1.19
2014.08.25 16:17:51.972,9.14385,9.1459,1.19,1.19
2014.08.25 16:17:52.944,9.14381,9.14585,1.19,1.19
2014.08.25 16:17:53.936,9.14378,9.14585,1.19,1.19
2014.08.25 16:17:55.677,9.1438,9.14588,1.19,1.19
2014.08.25 16:17:56.841,9.1438,9.14592,1.19,1.19
2014.08.25 16:17:57.843,9.14383,9.14596,1.19,1.19
2014.08.25 16:17:59.468,9.14384,9.14596,1.19,1.19
2014.08.25 16:18:00.650,9.14366,9.14587,1.19,1.19
2014.08.25 16:18:04.357,9.14364,9.14587,1.19,1.19
2014.08.25 16:18:05.891,9.14369,9.14586,1.19,1.19
2014.08.25 16:18:06.863,9.14363,9.14588,1.19,1.19
2014.08.25 16:18:07.865,9.14362,9.14579,1.19,1.19
2014.08.25 16:18:08.198,9.14488,9.14668,1.19,1.94
2014.08.25 16:18:08.401,9.14456,9.14624,1.50,2.07
2014.08.25 16:18:08.503,9.14456,9.14624,1.00,2.63
2014.08.25 16:18:08.554,9.14378,9.14624,1.00,2.63
2014.08.25 16:18:08.605,9.14384,9.1461,1.19,1.19
2014.08.25 16:18:09.718,9.14386,9.14608,1.19,1.19
2014.08.25 16:18:10.770,9.144,9.14626,1.19,1.75
2014.08.25 16:18:10.872,9.14425,9.14626,1.19,1.00
2014.08.25 16:18:11.276,9.14429,9.14672,1.19,1.75
2014.08.25 16:18:11.327,9.14429,9.14672,1.19,1.00
2014.08.25 16:18:12.291,9.14422,9.14672,1.19,1.19
2014.08.25 16:18:13.406,9.14422,9.14672,1.19,1.25
2014.08.25 16:18:14.157,9.14412,9.14665,1.19,1.00
2014.08.25 16:18:14.460,9.14411,9.14645,1.19,1.19
2014.08.25 16:18:15.398,9.14409,9.14641,1.19,1.19
2014.08.25 16:18:16.422,9.14436,9.14645,1.19,1.19
2014.08.25 16:18:17.384,9.14436,9.14645,1.19,1.19
2014.08.25 16:18:18.632,9.14457,9.1464,1.19,1.19
2014.08.25 16:18:18.835,9.14457,9.14656,1.19,1.19
2014.08.25 16:18:19.701,9.14479,9.14667,1.19,1.94
2014.08.25 16:18:20.726,9.14475,9.14672,1.19,1.94
2014.08.25 16:18:21.692,9.1448,9.14686,1.19,1.94
2014.08.25 16:18:22.112,9.1446,9.14662,1.19,1.19
2014.08.25 16:18:22.314,9.14428,9.1465,1.19,1.19
2014.08.25 16:18:23.840,9.14426,9.14667,1.19,1.57
2014.08.25 16:18:25.334,9.14425,9.14666,1.19,1.57
2014.08.25 16:18:26.317,9.14439,9.14669,1.19,1.00
2014.08.25 16:18:27.172,9.14439,9.14667,1.19,1.00
2014.08.25 16:18:28.120,9.14439,9.14667,1.00,1.00
2014.08.25 16:18:33.397,9.14439,9.14664,1.00,1.00
2014.08.25 16:18:33.499,9.14427,9.14664,1.19,1.00
2014.08.25 16:18:34.319,9.14427,9.14664,1.00,1.00
2014.08.25 16:18:34.745,9.14416,9.14664,1.19,1.00
2014.08.25 16:18:36.147,9.14416,9.14664,1.19,1.00
2014.08.25 16:18:36.678,9.14416,9.14664,1.19,1.38
2014.08.25 16:18:37.626,9.14416,9.14664,1.19,1.57
2014.08.25 16:18:38.675,9.14406,9.14646,1.19,1.00
2014.08.25 16:18:39.529,9.14403,9.14646,1.19,1.19
2014.08.25 16:18:41.376,9.14414,9.14646,1.19,1.19
2014.08.25 16:18:42.366,9.14402,9.14646,1.69,1.19
2014.08.25 16:18:43.157,9.14429,9.14646,1.19,1.00
2014.08.25 16:18:43.207,9.14433,9.14667,1.19,1.00
2014.08.25 16:18:45.370,9.14419,9.14667,1.69,1.00
2014.08.25 16:18:46.344,9.14419,9.14667,1.69,1.00
2014.08.25 16:18:46.698,9.14408,9.14646,1.19,1.00
2014.08.25 16:18:47.852,9.14407,9.14646,1.19,1.00
2014.08.25 16:18:49.579,9.14407,9.14646,1.19,1.19
2014.08.25 16:18:50.553,9.14407,9.14646,1.19,1.19
2014.08.25 16:18:52.180,9.14401,9.14635,1.19,1.19
2014.08.25 16:18:53.184,9.14401,9.14628,1.19,1.19
2014.08.25 16:18:54.209,9.14398,9.14623,1.19,1.19
2014.08.25 16:18:55.162,9.14396,9.1463,1.69,1.19
2014.08.25 16:18:56.165,9.14393,9.14625,1.19,1.19
2014.08.25 16:18:56.991,9.14431,9.14657,1.19,1.19
2014.08.25 16:18:57.396,9.14425,9.14657,1.00,1.00
2014.08.25 16:18:59.395,9.14425,9.14657,1.19,1.19
2014.08.25 16:19:02.276,9.14425,9.14657,1.19,1.19
2014.08.25 16:19:02.606,9.14425,9.14651,1.19,1.00
2014.08.25 16:19:03.579,9.14425,9.14651,1.19,1.19
2014.08.25 16:19:04.681,9.14414,9.14651,1.69,1.19
2014.08.25 16:19:05.801,9.14415,9.14651,1.19,1.19
2014.08.25 16:19:06.785,9.14414,9.14647,1.19,1.19
2014.08.25 16:19:08.126,9.14412,9.14643,1.19,1.19
2014.08.25 16:19:09.920,9.14425,9.14645,1.19,1.19
2014.08.25 16:19:10.428,9.14458,9.14659,1.19,1.57
2014.08.25 16:19:10.630,9.14435,9.14674,1.19,2.25
2014.08.25 16:19:11.196,9.14475,9.14684,1.19,1.00
2014.08.25 16:19:11.297,9.14464,9.14684,1.19,1.00
2014.08.25 16:19:11.348,9.14468,9.14718,1.19,1.00
2014.08.25 16:19:11.450,9.14494,9.14734,1.00,1.57
2014.08.25 16:19:11.501,9.14494,9.14734,1.00,1.94
2014.08.25 16:19:11.552,9.1447,9.14718,1.19,1.75
2014.08.25 16:19:11.704,9.1447,9.14718,1.19,1.00
2014.08.25 16:19:12.108,9.1447,9.14718,1.00,1.38
2014.08.25 16:19:12.159,9.1447,9.14718,1.00,1.75
2014.08.25 16:19:12.463,9.14451,9.14692,1.00,1.75
2014.08.25 16:19:17.124,9.14444,9.14692,1.00,1.75
2014.08.25 16:19:17.529,9.14437,9.14685,1.69,1.75
2014.08.25 16:19:18.437,9.14437,9.14663,1.19,1.00
2014.08.25 16:19:20.113,9.14427,9.14663,1.00,1.00
2014.08.25 16:19:21.115,9.14427,9.14663,1.19,1.00
2014.08.25 16:19:23.686,9.14427,9.14655,1.19,1.00
2014.08.25 16:19:24.757,9.14427,9.14655,1.19,1.19
2014.08.25 16:19:26.424,9.14427,9.14655,1.19,1.19
2014.08.25 16:19:27.449,9.14427,9.14655,1.19,1.19
2014.08.25 16:19:28.629,9.14427,9.14655,1.00,1.19
2014.08.25 16:19:29.731,9.14427,9.14655,1.25,1.19
2014.08.25 16:19:30.833,9.14427,9.14655,1.19,1.19
2014.08.25 16:19:31.955,9.14427,9.14652,1.19,1.19
2014.08.25 16:19:33.084,9.14414,9.14652,1.19,1.19
2014.08.25 16:19:34.841,9.14414,9.14652,1.19,1.19
2014.08.25 16:19:35.846,9.14414,9.14652,1.19,1.19
2014.08.25 16:19:36.959,9.14415,9.14652,1.19,1.19
2014.08.25 16:19:37.970,9.14415,9.14652,1.19,1.69
2014.08.25 16:19:41.155,9.14415,9.14645,1.00,1.19
2014.08.25 16:19:41.498,9.14404,9.14645,1.19,1.19
2014.08.25 16:19:42.373,9.14405,9.1463,1.19,1.19
2014.08.25 16:19:43.371,9.14404,9.1463,1.19,1.19
2014.08.25 16:19:44.685,9.14404,9.14628,1.19,1.19
2014.08.25 16:19:45.785,9.14404,9.14625,1.19,1.19
2014.08.25 16:19:46.889,9.14392,9.1462,1.19,1.19
2014.08.25 16:19:48.298,9.14374,9.146,1.19,1.19
2014.08.25 16:19:50.276,9.14368,9.14594,1.19,1.19
2014.08.25 16:19:51.381,9.14392,9.14594,1.00,1.19
2014.08.25 16:19:51.794,9.14392,9.146,1.19,1.19
2014.08.25 16:19:53.095,9.14398,9.14605,1.19,1.19
2014.08.25 16:19:53.481,9.14396,9.1458,1.19,1.19
2014.08.25 16:19:54.128,9.14399,9.14611,1.19,1.19
2014.08.25 16:19:54.230,9.14398,9.14637,1.19,1.19
2014.08.25 16:19:54.281,9.14409,9.14637,1.00,1.19
2014.08.25 16:19:54.600,9.14419,9.14637,1.00,1.19
2014.08.25 16:19:55.289,9.14419,9.14646,1.19,1.19
2014.08.25 16:19:58.697,9.14419,9.14643,1.19,1.19
2014.08.25 16:19:59.899,9.14419,9.14641,1.19,1.19
2014.08.25 16:20:00.950,9.14419,9.14644,1.19,1.19
2014.08.25 16:20:01.904,9.14419,9.14635,1.19,1.19
2014.08.25 16:20:02.907,9.14419,9.14644,1.19,1.19
2014.08.25 16:20:03.909,9.14419,9.14643,1.19,1.19
2014.08.25 16:20:05.033,9.14419,9.14637,1.19,1.19
2014.08.25 16:20:06.142,9.14419,9.14642,1.19,1.19
2014.08.25 16:20:12.573,9.14419,9.14643,1.19,1.19
2014.08.25 16:20:14.732,9.14419,9.14642,1.19,1.19
2014.08.25 16:20:18.138,9.14419,9.14646,1.19,1.19
2014.08.25 16:20:19.141,9.14419,9.14642,1.19,1.19
2014.08.25 16:20:24.552,9.14419,9.14643,1.19,1.19
2014.08.25 16:20:27.781,9.14419,9.14642,1.19,1.19
2014.08.25 16:20:28.797,9.14419,9.14644,1.19,1.19
2014.08.25 16:20:29.764,9.14419,9.14643,1.19,1.19
2014.08.25 16:20:31.669,9.14419,9.14648,1.19,1.19
2014.08.25 16:20:32.871,9.14419,9.14648,1.19,1.19
2014.08.25 16:20:33.211,9.14419,9.1456,1.00,1.00
2014.08.25 16:20:33.542,9.14419,9.14537,1.00,1.19
2014.08.25 16:20:33.754,9.14386,9.14537,1.00,1.19
2014.08.25 16:20:34.374,9.14386,9.14535,1.00,1.19
2014.08.25 16:20:35.527,9.14318,9.14535,1.19,1.19
2014.08.25 16:20:35.687,9.14318,9.14531,1.19,1.19
2014.08.25 16:20:36.678,9.14322,9.14537,1.19,1.69
2014.08.25 16:20:37.808,9.14321,9.14532,1.19,1.19
2014.08.25 16:20:39.683,9.14322,9.14533,1.19,1.19
2014.08.25 16:20:41.130,9.14321,9.14531,1.19,1.19
2014.08.25 16:20:42.088,9.14332,9.14537,1.19,1.19
2014.08.25 16:20:43.791,9.14352,9.14543,1.19,1.19
2014.08.25 16:20:45.127,9.14336,9.14542,1.19,1.19
2014.08.25 16:20:46.096,9.14336,9.14536,1.19,1.19
2014.08.25 16:20:47.299,9.1434,9.1454,1.19,1.19
2014.08.25 16:20:49.231,9.14325,9.14528,1.19,1.19
2014.08.25 16:20:52.547,9.14323,9.14523,1.19,1.19
2014.08.25 16:20:54.241,9.14326,9.14529,1.19,1.19
2014.08.25 16:20:56.418,9.14327,9.14534,1.19,1.69
2014.08.25 16:20:58.522,9.14328,9.14534,1.19,1.19
2014.08.25 16:21:00.158,9.14328,9.14535,1.19,1.19
2014.08.25 16:21:01.426,9.14327,9.14534,1.19,1.19
2014.08.25 16:21:02.428,9.14325,9.14532,1.19,1.19
2014.08.25 16:21:04.031,9.14323,9.1453,1.19,1.19
2014.08.25 16:21:05.734,9.14321,9.14528,1.19,1.19
2014.08.25 16:21:06.840,9.1432,9.14527,1.19,1.19
2014.08.25 16:21:07.867,9.14329,9.14536,1.19,1.69
2014.08.25 16:21:09.341,9.14329,9.14536,1.19,1.69
2014.08.25 16:21:10.443,9.14327,9.14534,1.19,1.19
2014.08.25 16:21:11.552,9.14325,9.14532,1.19,1.19
2014.08.25 16:21:12.678,9.14323,9.1453,1.19,1.19
2014.08.25 16:21:13.908,9.1433,9.14536,1.19,1.69
2014.08.25 16:21:15.062,9.14333,9.14536,1.19,1.19
2014.08.25 16:21:16.465,9.14329,9.14536,1.19,1.69
2014.08.25 16:21:17.868,9.14332,9.14536,1.19,1.19
2014.08.25 16:21:19.872,9.14329,9.14536,1.19,1.69
2014.08.25 16:21:22.606,9.14335,9.14536,1.19,1.19
2014.08.25 16:21:23.392,9.14369,9.14564,1.19,1.94
2014.08.25 16:21:23.697,9.14386,9.14575,1.19,1.19
2014.08.25 16:21:24.043,9.14408,9.14567,1.19,1.19
2014.08.25 16:21:24.881,9.14407,9.14566,1.19,1.19
2014.08.25 16:21:25.282,9.14386,9.14549,1.19,1.19
2014.08.25 16:21:26.216,9.14359,9.14542,1.19,1.19
2014.08.25 16:21:26.825,9.14349,9.14556,1.19,1.19
2014.08.25 16:21:28.237,9.14352,9.14551,1.19,1.19
2014.08.25 16:21:29.791,9.14366,9.1456,1.19,1.19
2014.08.25 16:21:31.292,9.14363,9.14552,1.19,1.19
2014.08.25 16:21:33.097,9.14351,9.14554,1.19,1.19
2014.08.25 16:21:34.099,9.14343,9.14552,1.19,1.19
2014.08.25 16:21:36.027,9.14347,9.14552,1.19,1.19
2014.08.25 16:21:37.205,9.14342,9.14552,1.19,1.19
2014.08.25 16:21:40.533,9.14338,9.14546,1.19,1.19
2014.08.25 16:21:42.565,9.14331,9.14539,1.19,1.19
2014.08.25 16:21:43.617,9.14329,9.14537,1.19,1.19
2014.08.25 16:21:46.221,9.14342,9.1455,1.19,1.19
2014.08.25 16:21:55.137,9.14355,9.14551,1.19,1.19
2014.08.25 16:21:56.178,9.1434,9.14551,1.19,1.19
2014.08.25 16:22:03.051,9.14342,9.1455,1.19,1.19
2014.08.25 16:22:04.253,9.14355,9.14551,1.19,1.19
2014.08.25 16:22:06.056,9.14343,9.14551,1.19,1.19
2014.08.25 16:22:07.259,9.14341,9.14551,1.19,1.69
2014.08.25 16:22:08.462,9.14345,9.14551,1.19,1.19
2014.08.25 16:22:10.467,9.14339,9.14547,1.19,1.19
2014.08.25 16:22:11.568,9.14334,9.14542,1.19,1.19
2014.08.25 16:22:12.571,9.14332,9.1454,1.19,1.19
2014.08.25 16:22:14.521,9.1433,9.1454,1.19,1.19
2014.08.25 16:22:15.778,9.14329,9.14537,1.19,1.19
2014.08.25 16:22:19.686,9.14345,9.14551,1.19,1.19
2014.08.25 16:22:20.888,9.14342,9.1455,1.19,1.19
2014.08.25 16:22:24.995,9.14332,9.1454,1.19,1.19
2014.08.25 16:22:26.097,9.14343,9.14551,1.19,1.19
2014.08.25 16:22:27.126,9.14342,9.14548,1.19,1.19
2014.08.25 16:22:30.507,9.14343,9.14548,1.19,1.19
2014.08.25 16:22:32.211,9.14322,9.14535,1.19,1.19
2014.08.25 16:22:33.518,9.14339,9.14535,1.00,1.19
2014.08.25 16:22:33.821,9.14364,9.14547,1.19,1.19
2014.08.25 16:22:33.923,9.14347,9.14537,1.19,1.19
2014.08.25 16:22:34.949,9.14317,9.1453,1.19,1.19
2014.08.25 16:22:35.624,9.14343,9.14542,1.19,1.19
2014.08.25 16:22:36.747,9.14355,9.14541,1.19,1.19
2014.08.25 16:22:40.936,9.1435,9.14536,1.19,1.19
2014.08.25 16:22:43.976,9.14323,9.14541,1.19,1.19
2014.08.25 16:22:45.134,9.14322,9.14538,1.19,1.19
2014.08.25 16:22:47.767,9.14325,9.14537,1.19,1.19
2014.08.25 16:22:50.844,9.14329,9.1454,1.19,1.19
2014.08.25 16:22:54.151,9.14328,9.14535,1.19,1.19
2014.08.25 16:23:01.864,9.14327,9.14534,1.19,1.19
2014.08.25 16:23:04.111,9.14306,9.14474,1.19,1.88
2014.08.25 16:23:04.212,9.14295,9.14474,1.19,1.88
2014.08.25 16:23:04.465,9.14295,9.14498,1.19,1.19
2014.08.25 16:23:05.383,9.14303,9.14509,1.19,1.19
2014.08.25 16:23:06.706,9.14317,9.14513,1.19,1.19
2014.08.25 16:23:07.975,9.14314,9.14515,1.19,1.19
2014.08.25 16:23:09.077,9.14316,9.14512,1.19,1.19
2014.08.25 16:23:10.580,9.14314,9.14513,1.19,1.19
2014.08.25 16:23:14.987,9.1433,9.14524,1.19,2.07
2014.08.25 16:23:15.989,9.14321,9.14524,1.19,2.07
2014.08.25 16:23:20.498,9.14321,9.14524,1.19,2.07
2014.08.25 16:23:21.843,9.14321,9.14524,1.19,2.07
2014.08.25 16:23:25.107,9.14319,9.14524,1.19,2.07
2014.08.25 16:23:27.312,9.14321,9.14524,1.19,2.07
2014.08.25 16:23:29.133,9.1431,9.14519,1.19,1.19
2014.08.25 16:23:30.118,9.14312,9.14514,1.19,2.07
2014.08.25 16:23:30.942,9.14312,9.14494,1.19,1.88
2014.08.25 16:23:32.026,9.14314,9.14494,1.19,2.07
2014.08.25 16:23:32.374,9.14335,9.145,1.00,1.19
2014.08.25 16:23:32.677,9.14372,9.14516,1.00,1.19
2014.08.25 16:23:33.828,9.14372,9.14512,1.00,1.19
2014.08.25 16:23:34.082,9.14352,9.14512,1.19,1.19
2014.08.25 16:23:34.133,9.14327,9.14486,1.19,1.19
2014.08.25 16:23:34.449,9.14326,9.14457,1.00,1.19
2014.08.25 16:23:34.753,9.14306,9.14457,1.19,1.19
2014.08.25 16:23:34.854,9.14278,9.1444,1.19,1.19
2014.08.25 16:23:35.158,9.14276,9.14472,1.19,1.19
2014.08.25 16:23:36.375,9.14272,9.14464,1.19,2.07
2014.08.25 16:23:37.344,9.14271,9.14464,1.19,2.07
2014.08.25 16:23:38.454,9.14273,9.14454,1.19,2.07
2014.08.25 16:23:39.589,9.14271,9.14454,1.19,2.07
2014.08.25 16:23:40.641,9.14271,9.14454,1.19,2.07
2014.08.25 16:23:42.446,9.14263,9.14454,1.19,2.07
2014.08.25 16:23:42.984,9.1428,9.14474,1.19,2.07
2014.08.25 16:23:43.187,9.1428,9.14464,1.19,1.88
2014.08.25 16:23:44.073,9.14276,9.14464,1.19,2.07
2014.08.25 16:23:45.552,9.14271,9.14455,1.19,2.07
2014.08.25 16:23:47.082,9.14258,9.14455,1.19,2.07
2014.08.25 16:23:47.393,9.14279,9.14455,1.19,1.88
2014.08.25 16:23:47.444,9.14279,9.14474,1.19,2.07
2014.08.25 16:23:47.697,9.14279,9.14464,1.19,1.88
2014.08.25 16:23:48.602,9.14272,9.14464,1.19,2.07
2014.08.25 16:23:49.860,9.14264,9.14464,1.19,2.07
2014.08.25 16:23:50.892,9.14258,9.14454,1.19,2.07
2014.08.25 16:23:52.209,9.14286,9.14464,1.19,2.07
2014.08.25 16:23:53.911,9.14273,9.14464,1.19,2.07
2014.08.25 16:23:54.737,9.14273,9.14454,1.19,1.88
2014.08.25 16:23:55.376,9.14257,9.14454,1.19,2.07
2014.08.25 16:23:56.392,9.14257,9.14454,1.19,2.07
2014.08.25 16:23:56.802,9.14276,9.14472,1.19,1.19
2014.08.25 16:23:57.882,9.14264,9.14464,1.19,2.07
2014.08.25 16:23:59.078,9.14264,9.14464,1.19,2.82
2014.08.25 16:24:04.899,9.1427,9.14454,1.19,1.88
2014.08.25 16:24:04.951,9.1427,9.14474,1.19,2.07
2014.08.25 16:24:05.503,9.1427,9.14464,1.19,1.88
2014.08.25 16:24:05.891,9.14267,9.14464,1.19,2.07
2014.08.25 16:24:06.902,9.14272,9.14464,1.19,2.07
2014.08.25 16:24:16.107,9.14268,9.14464,1.19,2.07
2014.08.25 16:24:18.311,9.14266,9.14454,1.19,2.07
2014.08.25 16:24:19.614,9.14267,9.14454,1.19,2.07
2014.08.25 16:24:20.616,9.14269,9.14454,1.19,2.07
2014.08.25 16:24:21.618,9.1427,9.14454,1.19,2.07
2014.08.25 16:24:23.146,9.14284,9.14464,1.19,2.07
2014.08.25 16:24:24.625,9.14273,9.14464,1.19,2.82
2014.08.25 16:24:25.850,9.14278,9.14454,1.19,2.07
2014.08.25 16:24:26.446,9.14283,9.14474,1.19,2.07
2014.08.25 16:24:26.598,9.14283,9.14464,1.19,1.88
2014.08.25 16:24:27.570,9.14275,9.14462,1.19,1.19
2014.08.25 16:24:28.835,9.1427,9.14458,1.19,1.19
2014.08.25 16:24:29.870,9.14265,9.14454,1.19,2.07
2014.08.25 16:24:30.840,9.14279,9.14454,1.19,1.88
2014.08.25 16:24:30.891,9.14279,9.14474,1.19,2.07
2014.08.25 16:24:32.041,9.14273,9.14464,1.19,2.07
2014.08.25 16:24:33.144,9.14283,9.14463,1.19,1.19
2014.08.25 16:24:34.581,9.14276,9.14461,1.19,1.19
2014.08.25 16:24:35.549,9.14278,9.14464,1.19,2.07
2014.08.25 16:24:36.551,9.14283,9.14464,1.19,2.07
2014.08.25 16:24:37.775,9.14276,9.14454,1.19,2.07
2014.08.25 16:24:39.757,9.14276,9.14454,1.19,2.07
2014.08.25 16:24:41.806,9.14279,9.14454,1.19,2.07
2014.08.25 16:24:45.568,9.1428,9.14454,1.19,2.07
2014.08.25 16:24:49.277,9.14285,9.14454,1.19,1.88
2014.08.25 16:24:52.923,9.14285,9.14472,1.19,1.19
2014.08.25 16:24:54.111,9.1428,9.14464,1.19,2.07
2014.08.25 16:24:55.133,9.14278,9.14464,1.19,2.07
2014.08.25 16:24:55.804,9.14269,9.14451,1.19,1.19
2014.08.25 16:24:56.793,9.14267,9.14449,1.19,1.19
2014.08.25 16:24:58.595,9.14267,9.14454,1.19,2.07
2014.08.25 16:24:59.797,9.14266,9.14446,1.19,1.19
2014.08.25 16:25:00.901,9.14266,9.14454,1.19,2.82
2014.08.25 16:25:03.618,9.14268,9.1445,1.19,1.19
2014.08.25 16:25:04.763,9.14262,9.14453,1.19,1.19
2014.08.25 16:25:05.720,9.14268,9.14447,1.19,1.19
2014.08.25 16:25:06.820,9.14261,9.1445,1.19,1.19
2014.08.25 16:25:08.023,9.14275,9.14444,1.19,1.88
2014.08.25 16:25:08.176,9.14275,9.14463,1.19,1.19
2014.08.25 16:25:08.227,9.14282,9.14474,1.19,2.07
2014.08.25 16:25:08.732,9.14282,9.14464,1.19,1.88
2014.08.25 16:25:09.368,9.14271,9.14464,1.19,2.07
2014.08.25 16:25:10.370,9.1427,9.14464,1.19,2.07
2014.08.25 16:25:11.344,9.14272,9.14454,1.19,2.07
2014.08.25 16:25:15.542,9.14267,9.14454,1.19,2.07
2014.08.25 16:25:16.557,9.14269,9.14454,1.19,2.07
2014.08.25 16:25:17.547,9.14265,9.14454,1.19,2.07
2014.08.25 16:25:19.651,9.14267,9.14454,1.19,2.07
2014.08.25 16:25:20.795,9.14258,9.14454,1.19,2.82
2014.08.25 16:25:21.889,9.14256,9.14444,1.19,2.07
2014.08.25 16:25:22.872,9.14268,9.14444,1.19,2.07
2014.08.25 16:25:24.196,9.14264,9.14461,1.19,1.19
2014.08.25 16:25:25.213,9.1427,9.14464,1.19,2.07
2014.08.25 16:25:26.305,9.14272,9.14464,1.19,2.07
2014.08.25 16:25:27.369,9.1427,9.14454,1.19,2.07
2014.08.25 16:25:28.417,9.14268,9.14454,1.19,2.07
2014.08.25 16:25:30.376,9.14265,9.14452,1.19,1.19
2014.08.25 16:25:31.478,9.14266,9.14454,1.19,2.07
2014.08.25 16:25:32.682,9.14267,9.14454,1.19,2.07
2014.08.25 16:25:34.215,9.14267,9.14454,1.19,2.07
2014.08.25 16:25:35.188,9.14268,9.14454,1.19,2.07
2014.08.25 16:25:36.290,9.14267,9.14454,1.19,2.07
2014.08.25 16:25:40.298,9.14268,9.14454,1.19,2.07
2014.08.25 16:25:42.306,9.14269,9.14454,1.19,2.07
2014.08.25 16:25:43.424,9.14265,9.14454,1.19,2.07
2014.08.25 16:25:43.636,9.14277,9.14474,1.19,2.07
2014.08.25 16:25:45.122,9.14259,9.14454,1.19,2.07
2014.08.25 16:25:46.157,9.14255,9.14454,1.19,2.07
2014.08.25 16:25:46.442,9.14271,9.14474,1.19,2.07
2014.08.25 16:25:46.699,9.14271,9.14464,1.19,1.88
2014.08.25 16:25:47.622,9.14272,9.14464,1.19,2.82
2014.08.25 16:25:48.951,9.14275,9.14464,1.19,2.07
2014.08.25 16:25:50.923,9.14278,9.14474,1.19,2.07
2014.08.25 16:25:51.961,9.14279,9.14464,1.19,2.07
2014.08.25 16:25:53.024,9.14275,9.14464,1.19,2.07
2014.08.25 16:25:54.026,9.14273,9.14464,1.19,2.07
2014.08.25 16:25:55.029,9.14274,9.14464,1.19,2.07
2014.08.25 16:25:56.172,9.14276,9.14464,1.19,2.07
2014.08.25 16:25:57.172,9.1427,9.14464,1.19,2.07
2014.08.25 16:25:59.238,9.14281,9.14454,1.19,1.19
2014.08.25 16:26:03.758,9.1428,9.14455,1.19,1.19
2014.08.25 16:26:05.802,9.14282,9.14455,1.19,1.19
2014.08.25 16:26:07.255,9.14281,9.14455,1.19,1.19
2014.08.25 16:26:08.858,9.14282,9.14454,1.19,1.19
2014.08.25 16:26:15.569,9.14282,9.14452,1.19,1.19
2014.08.25 16:26:22.694,9.14284,9.14454,1.19,1.19
2014.08.25 16:26:23.081,9.14274,9.14464,1.19,2.07
2014.08.25 16:26:25.085,9.14283,9.14453,1.19,1.19
2014.08.25 16:26:29.894,9.14281,9.14444,1.19,1.19
2014.08.25 16:26:35.105,9.14281,9.14444,1.19,1.19
2014.08.25 16:26:36.331,9.14273,9.14437,1.19,1.19
2014.08.25 16:26:37.310,9.14275,9.14438,1.19,1.19
2014.08.25 16:26:38.413,9.14274,9.14438,1.19,1.19
2014.08.25 16:26:39.415,9.14274,9.14439,1.19,1.19
2014.08.25 16:26:40.416,9.14273,9.14432,1.19,1.19
2014.08.25 16:26:41.462,9.14268,9.14427,1.19,1.19
2014.08.25 16:26:43.122,9.14257,9.14418,1.19,1.19
2014.08.25 16:26:49.833,9.14257,9.14416,1.19,1.19
2014.08.25 16:26:51.762,9.14253,9.14412,1.19,1.19
2014.08.25 16:26:52.874,9.14252,9.14411,1.19,1.19
2014.08.25 16:26:54.943,9.14253,9.14412,1.19,1.19
2014.08.25 16:26:59.452,9.14251,9.14412,1.19,1.19
2014.08.25 16:27:00.593,9.14253,9.14412,1.19,1.19
2014.08.25 16:27:01.193,9.14247,9.14442,1.19,1.19
2014.08.25 16:27:01.395,9.14253,9.14412,1.19,1.19
2014.08.25 16:27:03.180,9.14252,9.14411,1.19,1.19
2014.08.25 16:27:07.267,9.14251,9.1441,1.19,1.19
2014.08.25 16:27:09.071,9.14252,9.14411,1.19,1.19
2014.08.25 16:27:11.075,9.14228,9.14444,1.19,3.23
2014.08.25 16:27:11.176,9.14247,9.14442,1.19,1.19
2014.08.25 16:27:11.479,9.14251,9.1441,1.19,1.19
2014.08.25 16:27:11.792,9.14233,9.14407,1.19,1.19
2014.08.25 16:27:13.179,9.14236,9.14396,1.19,1.19
2014.08.25 16:27:15.582,9.14237,9.14396,1.19,1.19
2014.08.25 16:27:17.287,9.14244,9.14403,1.19,1.19
2014.08.25 16:27:18.391,9.14235,9.14394,1.19,1.19
2014.08.25 16:27:19.425,9.14236,9.14395,1.19,1.19
2014.08.25 16:27:21.941,9.14239,9.14398,1.19,1.19
2014.08.25 16:27:23.150,9.14231,9.14392,1.19,1.19
2014.08.25 16:27:24.220,9.1423,9.14389,1.19,1.19
2014.08.25 16:27:26.619,9.14227,9.14386,1.19,1.19
2014.08.25 16:27:28.646,9.14219,9.1438,1.19,1.19
2014.08.25 16:27:30.417,9.14209,9.14363,1.19,1.19
2014.08.25 16:27:31.452,9.14197,9.14356,1.19,1.19
2014.08.25 16:27:32.570,9.14194,9.14353,1.19,1.19
2014.08.25 16:27:33.624,9.14193,9.14352,1.19,1.19
2014.08.25 16:27:35.428,9.1419,9.14349,1.19,1.19
2014.08.25 16:27:35.742,9.1419,9.14364,1.19,2.07
2014.08.25 16:27:36.875,9.14208,9.14364,1.19,1.88
2014.08.25 16:27:36.926,9.14208,9.14409,1.19,1.19
2014.08.25 16:27:36.977,9.14239,9.1441,1.19,1.00
2014.08.25 16:27:37.028,9.14239,9.14428,1.19,1.19
2014.08.25 16:27:37.079,9.1424,9.14442,1.19,1.19
2014.08.25 16:27:38.153,9.14252,9.14454,1.19,1.88
2014.08.25 16:27:38.456,9.14252,9.14444,1.19,1.88
2014.08.25 16:27:39.246,9.14246,9.14444,1.19,1.88
2014.08.25 16:27:39.449,9.14246,9.14434,1.19,1.88
2014.08.25 16:27:40.461,9.14245,9.14434,1.19,1.88
2014.08.25 16:27:42.042,9.14248,9.14434,1.19,1.88
2014.08.25 16:27:48.352,9.14253,9.14434,1.19,1.88
2014.08.25 16:27:49.755,9.14245,9.14434,1.19,1.88
2014.08.25 16:27:50.870,9.14249,9.14454,1.19,2.07
2014.08.25 16:27:52.082,9.14255,9.14454,1.19,2.07
2014.08.25 16:27:52.429,9.14255,9.14444,1.19,1.88
2014.08.25 16:27:54.620,9.14255,9.14454,1.19,2.07
2014.08.25 16:27:55.092,9.14262,9.14454,1.19,2.07
2014.08.25 16:27:56.082,9.14249,9.14454,1.19,1.88
2014.08.25 16:27:56.133,9.14249,9.14444,1.19,1.88
2014.08.25 16:27:57.412,9.14249,9.14444,1.19,1.88
2014.08.25 16:27:59.418,9.1425,9.14444,1.19,1.88
2014.08.25 16:28:02.579,9.14255,9.14444,1.19,1.88
2014.08.25 16:28:03.881,9.14259,9.14444,1.19,1.88
2014.08.25 16:28:11.119,9.14241,9.14444,1.19,1.88
2014.08.25 16:28:12.397,9.14247,9.14444,1.19,1.88
2014.08.25 16:28:14.148,9.1425,9.14444,1.19,1.88
2014.08.25 16:28:15.486,9.14255,9.14444,1.19,1.88
2014.08.25 16:28:16.406,9.14257,9.14444,1.19,1.88
2014.08.25 16:28:17.532,9.1426,9.14444,1.19,1.88
2014.08.25 16:28:17.735,9.1426,9.14454,1.19,1.88
2014.08.25 16:28:19.122,9.1425,9.14445,1.19,1.88
2014.08.25 16:28:20.129,9.14248,9.14445,1.19,1.88
2014.08.25 16:28:21.906,9.14248,9.14454,1.19,1.88
2014.08.25 16:28:23.233,9.14258,9.14454,1.19,2.07
2014.08.25 16:28:23.541,9.14258,9.14444,1.19,1.88
2014.08.25 16:28:23.642,9.14258,9.14454,1.19,2.07
2014.08.25 16:28:24.422,9.1426,9.14454,1.19,1.88
2014.08.25 16:28:25.181,9.1426,9.14444,1.19,1.88
2014.08.25 16:28:25.473,9.14249,9.14444,1.19,1.88
2014.08.25 16:28:27.656,9.14252,9.14444,1.19,1.88
2014.08.25 16:28:28.932,9.14254,9.14444,1.19,1.88
2014.08.25 16:28:30.134,9.14262,9.14444,1.19,1.88
2014.08.25 16:28:33.077,9.14264,9.14444,1.19,1.88
2014.08.25 16:28:34.141,9.14265,9.14444,1.19,1.88
2014.08.25 16:28:35.444,9.14264,9.14444,1.19,1.88
2014.08.25 16:28:35.647,9.14264,9.14454,1.19,1.88
2014.08.25 16:28:37.047,9.1425,9.14454,1.19,1.88
2014.08.25 16:28:37.199,9.1425,9.14444,1.19,1.88
2014.08.25 16:28:37.401,9.1425,9.14454,1.19,1.88
2014.08.25 16:28:38.154,9.14259,9.14454,1.19,2.07
2014.08.25 16:28:38.939,9.14259,9.14444,1.19,1.88
2014.08.25 16:28:39.452,9.1425,9.14444,1.19,1.88
2014.08.25 16:28:40.720,9.1425,9.14454,1.19,1.88
2014.08.25 16:28:43.159,9.14261,9.14454,1.19,1.88
2014.08.25 16:28:44.662,9.14259,9.14454,1.19,2.07
2014.08.25 16:28:45.208,9.14259,9.14444,1.19,1.88
2014.08.25 16:28:45.688,9.1425,9.14444,1.19,1.88
2014.08.25 16:28:46.208,9.1425,9.14478,1.19,1.19
2014.08.25 16:28:46.689,9.14257,9.1448,1.19,1.19
2014.08.25 16:28:46.767,9.14268,9.14481,1.19,1.00
2014.08.25 16:28:46.868,9.14291,9.14481,1.19,1.00
2014.08.25 16:28:47.020,9.14291,9.1451,1.19,1.57
2014.08.25 16:28:47.276,9.14268,9.14513,1.19,1.00
2014.08.25 16:28:49.994,9.14263,9.14513,1.69,1.19
2014.08.25 16:28:52.276,9.14265,9.14513,1.19,1.19
2014.08.25 16:28:53.678,9.14265,9.14513,1.69,1.19
2014.08.25 16:28:57.514,9.14273,9.14513,1.19,1.19
2014.08.25 16:28:58.611,9.14267,9.14515,1.19,1.19
2014.08.25 16:28:59.001,9.14267,9.14515,1.19,1.94
2014.08.25 16:28:59.367,9.14267,9.14515,1.19,1.19
2014.08.25 16:28:59.671,9.14267,9.14515,1.19,1.94
2014.08.25 16:29:01.292,9.14267,9.14515,1.19,1.94
2014.08.25 16:29:02.182,9.14267,9.14498,1.19,1.00
2014.08.25 16:29:02.594,9.14267,9.14498,1.19,1.19
2014.08.25 16:29:03.716,9.14267,9.14498,1.19,1.19
2014.08.25 16:29:04.725,9.14267,9.14498,1.19,1.19
2014.08.25 16:29:06.302,9.14267,9.14498,1.19,1.69
2014.08.25 16:29:07.305,9.14268,9.14497,1.19,1.19
2014.08.25 16:29:08.338,9.1427,9.14498,1.19,1.19
2014.08.25 16:29:09.309,9.14272,9.14498,1.19,1.69
2014.08.25 16:29:10.310,9.14273,9.14498,1.19,1.19
2014.08.25 16:29:13.216,9.1426,9.14498,1.19,1.19
2014.08.25 16:29:17.123,9.14264,9.14498,1.19,1.19
2014.08.25 16:29:19.326,9.14257,9.14494,1.19,1.19
2014.08.25 16:29:21.329,9.14264,9.14494,1.19,1.19
2014.08.25 16:29:22.932,9.14267,9.14493,1.19,1.19
2014.08.25 16:29:24.034,9.14253,9.14491,1.69,1.19
2014.08.25 16:29:25.136,9.14255,9.14491,1.19,1.19
2014.08.25 16:29:26.138,9.14259,9.14485,1.19,1.19
2014.08.25 16:29:27.741,9.14262,9.14485,1.19,1.19
2014.08.25 16:29:35.358,9.14271,9.1449,1.19,1.19
2014.08.25 16:29:43.076,9.14265,9.14496,1.19,1.00
2014.08.25 16:29:43.177,9.14265,9.145,1.19,1.00
2014.08.25 16:29:44.273,9.14274,9.145,1.19,1.00
2014.08.25 16:29:47.909,9.14255,9.145,1.19,1.00
2014.08.25 16:29:48.061,9.14259,9.14507,1.19,1.00
2014.08.25 16:29:49.782,9.14269,9.14507,1.19,1.19
2014.08.25 16:29:51.785,9.14268,9.14507,1.19,1.19
2014.08.25 16:29:57.795,9.14271,9.14506,1.19,1.19
2014.08.25 16:30:00.537,9.14273,9.14507,1.19,1.19
2014.08.25 16:30:01.615,9.14275,9.14512,1.19,1.19
2014.08.25 16:30:02.606,9.14277,9.14512,1.19,1.69
2014.08.25 16:30:02.809,9.14263,9.14512,1.19,1.00
2014.08.25 16:30:03.830,9.14263,9.14512,1.19,1.25
2014.08.25 16:30:05.047,9.14266,9.14512,1.19,1.19
2014.08.25 16:30:06.118,9.14264,9.14518,1.19,1.19
2014.08.25 16:30:07.152,9.14263,9.14512,1.19,1.19
2014.08.25 16:30:12.954,9.14275,9.14512,1.19,1.19
2014.08.25 16:30:13.961,9.14275,9.14512,1.19,1.19
2014.08.25 16:30:15.032,9.14276,9.14512,1.19,1.19
2014.08.25 16:30:18.588,9.14273,9.14512,1.19,1.69
2014.08.25 16:30:19.841,9.14266,9.14512,1.19,1.19
2014.08.25 16:30:21.854,9.14266,9.14512,1.19,1.19
2014.08.25 16:30:24.602,9.14262,9.14508,1.19,1.19
2014.08.25 16:30:25.559,9.14262,9.14501,1.19,1.19
2014.08.25 16:30:26.662,9.14262,9.14501,1.19,1.19
2014.08.25 16:30:29.567,9.14262,9.14501,1.69,1.19
2014.08.25 16:30:31.588,9.14247,9.14497,1.19,1.19
2014.08.25 16:30:34.608,9.14256,9.14486,1.19,1.00
2014.08.25 16:30:34.760,9.14256,9.14493,1.19,1.00
2014.08.25 16:30:36.105,9.14245,9.14493,1.19,1.00
2014.08.25 16:30:37.695,9.14245,9.14493,1.19,1.00
2014.08.25 16:30:38.883,9.14246,9.14493,1.19,1.00
2014.08.25 16:30:39.748,9.14251,9.14499,1.19,1.00
2014.08.25 16:30:40.722,9.14253,9.14499,1.19,1.19
2014.08.25 16:30:41.791,9.14254,9.14499,1.19,1.19
2014.08.25 16:30:44.892,9.14254,9.14499,1.19,1.19
2014.08.25 16:30:46.510,9.14251,9.14491,1.19,1.19
2014.08.25 16:30:47.580,9.14247,9.14491,1.19,1.19
2014.08.25 16:30:50.625,9.14244,9.14491,1.19,1.19
2014.08.25 16:30:51.605,9.14242,9.1449,1.19,1.19
2014.08.25 16:30:53.206,9.14246,9.1449,1.69,1.19
2014.08.25 16:30:54.747,9.14248,9.1449,1.19,1.19
2014.08.25 16:30:56.643,9.14247,9.1449,1.19,1.19
2014.08.25 16:30:57.917,9.14251,9.1449,1.19,1.19
2014.08.25 16:31:00.221,9.14252,9.14497,1.19,1.19
2014.08.25 16:31:02.356,9.14249,9.14487,1.19,1.19
2014.08.25 16:31:03.328,9.14253,9.14487,1.19,1.19
2014.08.25 16:31:06.579,9.14253,9.14471,1.19,1.00
2014.08.25 16:31:06.680,9.14246,9.14471,1.00,1.00
2014.08.25 16:31:07.964,9.14246,9.14471,1.00,1.19
2014.08.25 16:31:08.939,9.14246,9.14471,1.00,1.19
2014.08.25 16:31:11.062,9.14246,9.14471,1.00,1.19
2014.08.25 16:31:12.214,9.14249,9.14481,1.00,1.19
2014.08.25 16:31:12.946,9.14249,9.14487,1.19,1.69
2014.08.25 16:31:14.187,9.14255,9.14497,1.19,1.69
2014.08.25 16:31:15.178,9.14264,9.14497,1.19,1.19
2014.08.25 16:31:15.692,9.14259,9.14497,1.19,1.00
2014.08.25 16:31:15.895,9.14272,9.1452,1.19,1.19
2014.08.25 16:31:16.897,9.14272,9.1452,1.19,1.00
2014.08.25 16:31:18.858,9.14272,9.1452,1.19,1.00
2014.08.25 16:31:19.860,9.14272,9.1452,1.19,1.19
2014.08.25 16:31:21.028,9.14262,9.14506,1.19,1.00
2014.08.25 16:31:21.180,9.14253,9.14506,1.19,1.19
2014.08.25 16:31:22.379,9.14253,9.145,1.19,1.19
2014.08.25 16:31:23.396,9.14261,9.14502,1.19,1.19
2014.08.25 16:31:24.403,9.14255,9.14502,1.19,1.19
2014.08.25 16:31:25.407,9.14257,9.14506,1.19,1.19
2014.08.25 16:31:26.420,9.1426,9.14506,1.19,1.19
2014.08.25 16:31:27.576,9.14261,9.14506,1.19,1.19
2014.08.25 16:31:29.395,9.14257,9.14506,1.19,1.19
2014.08.25 16:31:30.427,9.14261,9.14506,1.19,1.19
2014.08.25 16:31:31.785,9.14253,9.14495,1.00,1.19
2014.08.25 16:31:31.836,9.14236,9.14373,1.00,1.00
2014.08.25 16:31:31.886,9.14187,9.14373,1.19,1.00
2014.08.25 16:31:31.988,9.14182,9.14341,1.19,1.19
2014.08.25 16:31:32.089,9.14228,9.14372,1.19,1.19
2014.08.25 16:31:32.191,9.14193,9.14411,1.19,1.00
2014.08.25 16:31:32.244,9.14204,9.14415,1.57,1.00
2014.08.25 16:31:32.295,9.14251,9.14436,1.19,1.00
2014.08.25 16:31:32.346,9.14251,9.14457,1.19,1.19
2014.08.25 16:31:33.718,9.14258,9.14461,1.19,1.19
2014.08.25 16:31:34.286,9.14258,9.14447,1.19,2.29
2014.08.25 16:31:34.337,9.14219,9.14374,1.00,1.00
2014.08.25 16:31:34.388,9.14206,9.14374,1.00,1.00
2014.08.25 16:31:34.439,9.14161,9.14374,1.94,1.00
2014.08.25 16:31:34.540,9.14182,9.14343,1.19,1.19
2014.08.25 16:31:34.642,9.1421,9.14391,1.19,1.00
2014.08.25 16:31:34.693,9.14205,9.14402,1.69,1.00
2014.08.25 16:31:34.744,9.14205,9.1441,1.69,1.00
2014.08.25 16:31:34.795,9.14205,9.14424,1.69,1.00
2014.08.25 16:31:34.846,9.14205,9.14445,2.07,1.00
2014.08.25 16:31:34.897,9.1424,9.14445,1.19,1.00
2014.08.25 16:31:34.948,9.1424,9.14465,1.19,1.19
2014.08.25 16:31:34.998,9.14243,9.14465,1.19,1.00
2014.08.25 16:31:35.049,9.14243,9.14476,1.19,1.00
2014.08.25 16:31:36.110,9.1423,9.14476,1.19,1.00
2014.08.25 16:31:37.702,9.1423,9.14476,1.19,1.00
2014.08.25 16:31:39.117,9.1423,9.14476,1.19,1.19
2014.08.25 16:31:40.153,9.14229,9.14464,1.19,1.00
2014.08.25 16:31:40.460,9.14231,9.14454,1.19,1.19
2014.08.25 16:31:41.404,9.14233,9.14455,1.19,1.19
2014.08.25 16:31:42.608,9.14234,9.14456,1.19,1.19
2014.08.25 16:31:44.913,9.14239,9.14454,1.19,1.19
2014.08.25 16:31:46.027,9.14239,9.14446,1.19,1.19
2014.08.25 16:31:47.239,9.14238,9.14444,1.19,1.19
2014.08.25 16:31:48.261,9.14239,9.14456,1.19,1.19
2014.08.25 16:31:49.221,9.1424,9.14455,1.19,1.19
2014.08.25 16:31:50.223,9.14233,9.14446,1.19,1.19
2014.08.25 16:31:50.934,9.1421,9.14417,1.19,1.19
2014.08.25 16:31:52.148,9.14203,9.14406,1.19,1.19
2014.08.25 16:31:53.235,9.14202,9.1441,1.19,1.19
2014.08.25 16:31:54.532,9.14205,9.14413,1.19,1.19
2014.08.25 16:31:55.954,9.14205,9.14417,1.19,1.19
2014.08.25 16:31:57.438,9.14205,9.1442,1.19,1.19
2014.08.25 16:32:01.045,9.14205,9.14423,1.19,1.19
2014.08.25 16:32:05.954,9.14209,9.14428,1.19,1.19
2014.08.25 16:32:07.256,9.14205,9.14424,1.19,1.19
2014.08.25 16:32:11.173,9.14209,9.14428,1.19,1.19
2014.08.25 16:32:12.715,9.14204,9.14419,1.19,1.19
2014.08.25 16:32:14.269,9.14205,9.14424,1.19,1.19
2014.08.25 16:32:16.574,9.14208,9.14427,1.19,1.19
2014.08.25 16:32:17.876,9.14203,9.14426,1.19,1.19
2014.08.25 16:32:19.279,9.14202,9.14425,1.19,1.19
2014.08.25 16:32:20.595,9.142,9.14423,1.19,1.19
2014.08.25 16:32:22.685,9.14199,9.14422,1.19,1.19
2014.08.25 16:32:24.589,9.14205,9.14424,1.19,1.19
2014.08.25 16:32:27.241,9.14203,9.14419,1.19,1.19
2014.08.25 16:32:27.343,9.14181,9.14401,1.19,1.19
2014.08.25 16:32:27.394,9.14163,9.14348,1.19,1.19
2014.08.25 16:32:27.698,9.14177,9.1435,1.19,1.00
2014.08.25 16:32:27.799,9.14201,9.14372,1.19,1.19
2014.08.25 16:32:28.845,9.14198,9.1437,1.19,1.19
2014.08.25 16:32:29.900,9.14193,9.14377,1.19,1.19
2014.08.25 16:32:30.920,9.14191,9.1438,1.19,1.19
2014.08.25 16:32:32.304,9.14193,9.14379,1.19,1.19
2014.08.25 16:32:33.632,9.14189,9.14379,1.19,1.19
2014.08.25 16:32:35.634,9.14185,9.1438,1.19,1.19
2014.08.25 16:32:38.316,9.14178,9.14388,1.19,1.19
2014.08.25 16:32:39.419,9.1418,9.1439,1.19,1.19
2014.08.25 16:32:40.651,9.14178,9.14389,1.19,1.19
2014.08.25 16:32:40.985,9.14165,9.14327,1.19,1.19
2014.08.25 16:32:43.026,9.14161,9.14319,1.19,1.19
2014.08.25 16:32:44.442,9.14152,9.14331,1.19,1.19
2014.08.25 16:32:46.336,9.14151,9.1433,1.19,1.19
2014.08.25 16:32:47.535,9.14151,9.1433,1.19,1.19
2014.08.25 16:32:50.639,9.14149,9.14328,1.19,1.19
2014.08.25 16:32:53.181,9.14149,9.14328,1.19,1.19
2014.08.25 16:32:57.168,9.14147,9.14342,1.19,1.19
2014.08.25 16:33:00.255,9.14144,9.14339,1.19,1.19
2014.08.25 16:33:04.663,9.14147,9.14342,1.19,1.19
2014.08.25 16:33:08.509,9.14144,9.14339,1.19,1.19
2014.08.25 16:33:10.498,9.14145,9.1434,1.19,1.19
2014.08.25 16:33:11.620,9.14144,9.14339,1.19,1.19
2014.08.25 16:33:16.782,9.14146,9.14343,1.19,1.19
2014.08.25 16:33:18.184,9.14143,9.14338,1.19,1.19
2014.08.25 16:33:20.588,9.14144,9.14339,1.19,1.19
2014.08.25 16:33:22.440,9.14146,9.14337,1.19,1.19
2014.08.25 16:33:23.594,9.14145,9.14336,1.19,1.19
2014.08.25 16:33:27.099,9.14146,9.14341,1.19,1.19
2014.08.25 16:33:28.202,9.14143,9.14338,1.19,1.19
2014.08.25 16:33:29.230,9.1416,9.14351,1.19,1.19
2014.08.25 16:33:30.105,9.14163,9.14325,1.19,1.19
2014.08.25 16:33:34.412,9.14155,9.14339,1.19,1.19
2014.08.25 16:33:36.316,9.14152,9.1434,1.19,1.19
2014.08.25 16:33:37.619,9.14154,9.14344,1.19,1.19
2014.08.25 16:33:38.863,9.1415,9.14344,1.69,1.19
2014.08.25 16:33:39.825,9.14152,9.14346,1.19,1.19
2014.08.25 16:33:42.649,9.14155,9.14349,1.19,1.19
2014.08.25 16:33:45.736,9.14152,9.14347,1.19,1.19
2014.08.25 16:33:47.888,9.14151,9.14346,1.19,1.19
2014.08.25 16:33:50.546,9.14152,9.14347,1.19,1.19
2014.08.25 16:33:54.654,9.14153,9.14348,1.19,1.19
2014.08.25 16:33:55.755,9.14155,9.14351,1.19,1.19
2014.08.25 16:33:56.777,9.14157,9.14351,1.19,1.19
2014.08.25 16:33:59.464,9.14153,9.14344,1.19,1.19
2014.08.25 16:34:00.491,9.14152,9.14347,1.19,1.19
2014.08.25 16:34:01.469,9.14151,9.14346,1.19,1.19
2014.08.25 16:34:04.376,9.14152,9.14347,1.19,1.19
2014.08.25 16:34:06.426,9.14154,9.14349,1.19,1.19
2014.08.25 16:34:07.683,9.14155,9.14352,1.19,1.19
2014.08.25 16:34:08.889,9.14151,9.14346,1.19,1.19
2014.08.25 16:34:10.330,9.14152,9.14347,1.19,1.19
2014.08.25 16:34:12.392,9.1415,9.14345,1.69,1.19
2014.08.25 16:34:14.319,9.14152,9.14347,1.19,1.19
2014.08.25 16:34:15.598,9.14151,9.14346,1.19,1.19
2014.08.25 16:34:17.208,9.14152,9.14347,1.19,1.19
2014.08.25 16:34:18.325,9.14151,9.14348,1.19,1.19
2014.08.25 16:34:19.453,9.14151,9.14346,1.19,1.19
2014.08.25 16:34:25.118,9.14155,9.1435,1.19,1.19
2014.08.25 16:34:26.421,9.14156,9.14351,1.19,1.19
2014.08.25 16:34:28.152,9.14153,9.14348,1.19,1.19
2014.08.25 16:34:29.826,9.14151,9.14348,1.19,1.19
2014.08.25 16:34:34.735,9.1415,9.14343,1.19,1.19
2014.08.25 16:34:35.738,9.14152,9.14347,1.19,1.19
2014.08.25 16:34:45.158,9.1415,9.14343,1.19,1.19
2014.08.25 16:34:46.706,9.14153,9.14348,1.19,1.19
2014.08.25 16:34:47.703,9.14152,9.14347,1.19,1.19
2014.08.25 16:34:48.867,9.14151,9.14346,1.19,1.19
2014.08.25 16:34:50.715,9.14153,9.14348,1.19,1.19
2014.08.25 16:34:51.773,9.1415,9.14359,1.00,1.00
2014.08.25 16:34:51.875,9.14189,9.14359,1.19,1.00
2014.08.25 16:34:52.026,9.14191,9.14408,1.19,1.00
2014.08.25 16:34:52.077,9.14233,9.14408,1.19,1.00
2014.08.25 16:34:52.128,9.14233,9.14444,1.19,1.00
2014.08.25 16:34:52.230,9.14235,9.14464,1.19,1.25
2014.08.25 16:34:53.097,9.14233,9.14462,1.19,1.00
2014.08.25 16:34:53.304,9.14214,9.14456,1.69,1.19
2014.08.25 16:34:55.382,9.14214,9.14461,1.19,1.19
2014.08.25 16:34:57.218,9.14214,9.14448,1.19,1.19
2014.08.25 16:34:58.204,9.14217,9.1445,1.19,1.19
2014.08.25 16:34:59.898,9.14208,9.14456,1.69,1.25
2014.08.25 16:35:01.435,9.14208,9.14456,1.19,1.19
2014.08.25 16:35:02.401,9.14208,9.14456,1.19,1.19
2014.08.25 16:35:03.403,9.14208,9.14453,1.69,1.19
2014.08.25 16:35:04.513,9.1421,9.14448,1.19,1.19
2014.08.25 16:35:05.948,9.14208,9.14456,1.69,1.19
2014.08.25 16:35:07.110,9.14209,9.14456,1.19,1.19
2014.08.25 16:35:08.420,9.14211,9.14456,1.19,1.19
2014.08.25 16:35:09.614,9.14213,9.14456,1.19,1.19
2014.08.25 16:35:10.616,9.14208,9.14454,1.69,1.19
2014.08.25 16:35:11.920,9.14211,9.14448,1.19,1.19
2014.08.25 16:35:13.065,9.14213,9.1444,1.19,1.19
2014.08.25 16:35:14.030,9.1422,9.1445,1.19,1.19
2014.08.25 16:35:17.529,9.1422,9.14445,1.19,1.19
2014.08.25 16:35:19.483,9.14217,9.14438,1.19,1.19
2014.08.25 16:35:21.272,9.14218,9.14435,1.19,1.19
2014.08.25 16:35:21.579,9.14241,9.14457,1.19,1.19
2014.08.25 16:35:22.442,9.14237,9.14453,1.19,1.19
2014.08.25 16:35:24.986,9.14244,9.14461,1.19,1.69
2014.08.25 16:35:25.986,9.14246,9.14461,1.19,1.69
2014.08.25 16:35:27.049,9.14246,9.14461,1.19,1.19
2014.08.25 16:35:28.087,9.14248,9.14461,1.19,1.19
2014.08.25 16:35:31.389,9.14249,9.14461,1.19,1.19
2014.08.25 16:35:34.389,9.14251,9.14459,1.19,1.19
2014.08.25 16:35:35.438,9.14248,9.14464,1.19,1.19
2014.08.25 16:35:36.396,9.1425,9.14462,1.19,1.19
2014.08.25 16:35:40.173,9.14247,9.1446,1.19,1.19
2014.08.25 16:35:41.284,9.1425,9.14462,1.19,1.19
2014.08.25 16:35:45.483,9.14243,9.14459,1.19,1.19
2014.08.25 16:35:45.655,9.1424,9.14472,1.00,1.00
2014.08.25 16:35:45.706,9.1424,9.14472,1.19,1.19
2014.08.25 16:35:45.808,9.1424,9.14472,1.00,1.00
2014.08.25 16:35:45.909,9.14219,9.14558,1.00,1.75
2014.08.25 16:35:46.011,9.14261,9.1457,1.00,1.75
2014.08.25 16:35:46.317,9.14263,9.14511,2.25,1.00
2014.08.25 16:35:46.621,9.14263,9.14498,1.75,1.19
2014.08.25 16:35:46.976,9.14263,9.14486,1.75,1.00
2014.08.25 16:35:47.420,9.14263,9.14486,1.75,1.19
2014.08.25 16:35:48.633,9.14242,9.14486,1.94,1.19
2014.08.25 16:35:50.491,9.14242,9.14475,1.19,1.19
2014.08.25 16:35:50.542,9.14243,9.14475,1.19,1.19
2014.08.25 16:35:51.740,9.14242,9.14475,1.19,1.19
2014.08.25 16:35:52.913,9.14242,9.14468,1.19,1.19
2014.08.25 16:35:54.104,9.14242,9.1447,1.19,1.19
2014.08.25 16:35:55.142,9.14225,9.14473,1.19,1.19
2014.08.25 16:35:55.532,9.14225,9.14473,1.19,1.79
2014.08.25 16:35:55.837,9.14174,9.14373,1.19,1.19
2014.08.25 16:35:56.957,9.14186,9.14362,1.19,1.19
2014.08.25 16:35:57.947,9.14183,9.14369,1.19,1.19
2014.08.25 16:35:58.914,9.14185,9.14369,1.19,1.19
2014.08.25 16:36:01.069,9.14185,9.14377,1.19,1.19
2014.08.25 16:36:02.622,9.14188,9.1438,1.19,1.19
2014.08.25 16:36:04.626,9.14178,9.14384,1.19,1.19
2014.08.25 16:36:05.928,9.14181,9.14388,1.19,1.69
2014.08.25 16:36:06.930,9.14184,9.14386,1.19,1.19
2014.08.25 16:36:08.172,9.14183,9.14386,1.19,1.19
2014.08.25 16:36:10.565,9.14182,9.14377,1.19,1.19
2014.08.25 16:36:11.541,9.14181,9.14367,1.19,1.19
2014.08.25 16:36:13.345,9.14183,9.14365,1.19,1.19
2014.08.25 16:36:14.949,9.14178,9.14375,1.19,1.19
2014.08.25 16:36:16.552,9.14179,9.14374,1.19,1.19
2014.08.25 16:36:18.356,9.14178,9.14377,1.19,1.19
2014.08.25 16:36:20.060,9.14177,9.14378,1.19,1.19
2014.08.25 16:36:21.103,9.14176,9.14379,1.19,1.19
2014.08.25 16:36:22.683,9.14174,9.14381,1.19,1.19
2014.08.25 16:36:24.609,9.14174,9.14382,1.19,1.19
2014.08.25 16:36:25.976,9.14174,9.14382,1.19,1.19
2014.08.25 16:36:26.978,9.14173,9.14383,1.19,1.19
2014.08.25 16:36:28.080,9.14179,9.14378,1.19,1.19
2014.08.25 16:36:31.688,9.14176,9.14379,1.19,1.19
2014.08.25 16:36:35.697,9.14179,9.14378,1.19,1.19
2014.08.25 16:36:36.821,9.14179,9.14378,1.19,1.19
2014.08.25 16:36:37.125,9.1416,9.14318,1.19,1.19
2014.08.25 16:36:37.430,9.14177,9.14335,1.19,1.19
2014.08.25 16:36:38.422,9.14184,9.14353,1.19,1.19
2014.08.25 16:36:39.451,9.14183,9.14362,1.19,1.19
2014.08.25 16:36:40.835,9.14271,9.14403,1.00,1.00
2014.08.25 16:36:40.978,9.14306,9.1448,1.19,1.00
2014.08.25 16:36:41.079,9.14306,9.14497,1.19,1.19
2014.08.25 16:36:42.214,9.14317,9.14504,1.19,1.25
2014.08.25 16:36:43.122,9.14304,9.14481,1.00,1.19
2014.08.25 16:36:43.223,9.14275,9.14481,1.00,1.19
2014.08.25 16:36:43.527,9.14241,9.14481,1.19,1.19
2014.08.25 16:36:44.420,9.14242,9.1447,1.19,1.19
2014.08.25 16:36:45.437,9.14248,9.1447,1.19,1.19
2014.08.25 16:36:47.328,9.14252,9.1447,1.19,1.19
2014.08.25 16:36:48.330,9.14255,9.1447,1.19,1.19
2014.08.25 16:36:49.747,9.14256,9.1447,1.19,1.19
2014.08.25 16:36:50.748,9.14256,9.14468,1.19,1.19
2014.08.25 16:36:52.839,9.14258,9.14471,1.19,1.19
2014.08.25 16:36:53.942,9.14262,9.1448,1.19,1.19
2014.08.25 16:36:55.195,9.14265,9.14484,1.19,1.19
2014.08.25 16:36:56.147,9.1427,9.14487,1.19,1.19
2014.08.25 16:36:57.249,9.14274,9.14492,1.19,1.19
2014.08.25 16:36:58.687,9.14277,9.14493,1.19,1.19
2014.08.25 16:37:00.174,9.14278,9.14492,1.19,1.19
2014.08.25 16:37:02.701,9.1428,9.14494,1.19,1.19
2014.08.25 16:37:03.706,9.14271,9.14483,1.19,1.19
2014.08.25 16:37:07.370,9.14279,9.14485,1.19,1.19
2014.08.25 16:37:10.777,9.14278,9.14488,1.19,1.19
2014.08.25 16:37:13.081,9.1428,9.14489,1.19,1.19
2014.08.25 16:37:16.587,9.14281,9.14488,1.19,1.19
2014.08.25 16:37:23.102,9.1428,9.14487,1.19,1.19
2014.08.25 16:37:24.343,9.14282,9.14506,1.19,1.94
2014.08.25 16:37:24.394,9.14282,9.14506,1.19,1.57
2014.08.25 16:37:24.649,9.14286,9.14532,1.19,1.94
2014.08.25 16:37:25.322,9.14286,9.14532,1.00,1.94
2014.08.25 16:37:25.525,9.14266,9.14514,1.00,1.00
2014.08.25 16:37:26.346,9.14266,9.14514,1.19,1.00
2014.08.25 16:37:27.341,9.14266,9.14514,1.19,1.00
2014.08.25 16:37:28.512,9.14275,9.14514,1.00,1.00
2014.08.25 16:37:29.327,9.14275,9.14514,1.19,1.00
2014.08.25 16:37:29.833,9.14289,9.14532,1.25,1.19
2014.08.25 16:37:31.070,9.14288,9.14529,1.19,1.19
2014.08.25 16:37:32.055,9.14289,9.14533,1.19,1.19
2014.08.25 16:37:33.031,9.14289,9.14528,1.69,1.19
2014.08.25 16:37:33.437,9.14275,9.14513,1.19,1.19
2014.08.25 16:37:34.580,9.14267,9.14507,1.19,1.19
2014.08.25 16:37:35.870,9.14267,9.14508,1.19,1.19
2014.08.25 16:37:37.135,9.14267,9.14511,1.69,1.19
2014.08.25 16:37:38.137,9.14269,9.14503,1.19,1.19
2014.08.25 16:37:40.142,9.1427,9.14506,1.19,1.19
2014.08.25 16:37:41.370,9.14264,9.14501,1.19,1.19
2014.08.25 16:37:42.346,9.14261,9.14497,1.19,1.19
2014.08.25 16:37:43.465,9.14261,9.14491,1.00,1.19
2014.08.25 16:37:43.516,9.14246,9.14491,1.19,1.19
2014.08.25 16:37:44.591,9.14246,9.1447,1.19,1.19
2014.08.25 16:37:45.553,9.14246,9.14467,1.19,1.19
2014.08.25 16:37:46.658,9.14246,9.14467,1.19,1.19
2014.08.25 16:37:48.693,9.14246,9.14462,1.19,1.19
2014.08.25 16:37:49.762,9.14247,9.14467,1.19,1.19
2014.08.25 16:37:51.380,9.14237,9.14457,1.19,1.19
2014.08.25 16:37:52.368,9.14236,9.14459,1.19,1.19
2014.08.25 16:37:52.772,9.14246,9.14481,1.19,1.19
2014.08.25 16:37:52.873,9.14257,9.14481,1.19,1.00
2014.08.25 16:37:52.924,9.14257,9.14496,1.19,1.19
2014.08.25 16:37:53.076,9.14266,9.14502,1.00,1.00
2014.08.25 16:37:53.228,9.14275,9.14523,1.00,1.19
2014.08.25 16:37:53.278,9.14278,9.14523,1.00,1.19
2014.08.25 16:37:54.707,9.14275,9.14523,1.00,1.19
2014.08.25 16:37:54.908,9.14275,9.14518,1.25,1.19
2014.08.25 16:37:56.276,9.14275,9.14515,1.19,1.19
2014.08.25 16:37:57.723,9.14275,9.14515,1.19,1.19
2014.08.25 16:37:58.899,9.14275,9.14515,1.19,1.19
2014.08.25 16:38:00.432,9.14267,9.14509,1.19,1.19
2014.08.25 16:38:01.385,9.14267,9.14508,1.19,1.19
2014.08.25 16:38:04.192,9.14267,9.14508,1.19,1.19
2014.08.25 16:38:05.327,9.14262,9.145,1.19,1.19
2014.08.25 16:38:06.640,9.14264,9.145,1.19,1.19
2014.08.25 16:38:08.400,9.14277,9.14507,1.19,1.19
2014.08.25 16:38:09.704,9.14273,9.14505,1.19,1.19
2014.08.25 16:38:11.656,9.14278,9.14503,1.19,1.19
2014.08.25 16:38:12.611,9.14282,9.14505,1.19,1.19
2014.08.25 16:38:13.613,9.14285,9.14504,1.19,1.19
2014.08.25 16:38:16.422,9.14286,9.14504,1.19,1.19
2014.08.25 16:38:18.447,9.14284,9.145,1.19,1.19
2014.08.25 16:38:19.435,9.14285,9.14502,1.19,1.19
2014.08.25 16:38:20.458,9.14283,9.14499,1.19,1.19
2014.08.25 16:38:21.547,9.14285,9.14502,1.19,1.19
2014.08.25 16:38:22.681,9.14282,9.145,1.19,1.19
2014.08.25 16:38:23.836,9.14284,9.14497,1.19,1.19
2014.08.25 16:38:24.964,9.14285,9.14502,1.19,1.19
2014.08.25 16:38:25.965,9.14284,9.14504,1.19,1.19
2014.08.25 16:38:28.083,9.14283,9.14499,1.19,1.19
2014.08.25 16:38:29.078,9.14285,9.14502,1.19,1.19
2014.08.25 16:38:30.079,9.14283,9.14499,1.19,1.19
2014.08.25 16:38:32.152,9.14285,9.14502,1.19,1.19
2014.08.25 16:38:33.257,9.14283,9.14499,1.19,1.19
2014.08.25 16:38:34.281,9.14285,9.14502,1.19,1.19
2014.08.25 16:38:35.306,9.14284,9.14499,1.19,1.19
2014.08.25 16:38:36.391,9.14283,9.14502,1.19,1.19
2014.08.25 16:38:37.368,9.14283,9.14501,1.19,1.19
2014.08.25 16:38:42.778,9.14286,9.14503,1.19,1.19
2014.08.25 16:38:44.377,9.14284,9.145,1.19,1.19
2014.08.25 16:38:49.223,9.14286,9.14503,1.19,1.19
2014.08.25 16:38:50.390,9.14286,9.14503,1.19,1.19
2014.08.25 16:38:52.398,9.14284,9.145,1.19,1.19
2014.08.25 16:38:56.604,9.14284,9.145,1.19,1.19
2014.08.25 16:38:59.109,9.14285,9.14501,1.19,1.19
2014.08.25 16:39:03.116,9.14282,9.14498,1.19,1.19
2014.08.25 16:39:04.518,9.14283,9.14501,1.19,1.19
2014.08.25 16:39:08.726,9.14285,9.14504,1.19,1.19
2014.08.25 16:39:13.336,9.14283,9.14501,1.19,1.19
2014.08.25 16:39:15.440,9.14261,9.14488,1.19,1.19
2014.08.25 16:39:16.676,9.14255,9.14482,1.19,1.19
2014.08.25 16:39:18.046,9.14255,9.14464,1.19,1.19
2014.08.25 16:39:19.888,9.14223,9.1444,1.19,1.19
2014.08.25 16:39:20.897,9.14216,9.14431,1.19,1.19
2014.08.25 16:39:22.078,9.14213,9.14423,1.19,1.19
2014.08.25 16:39:23.101,9.14206,9.14423,1.19,1.19
2014.08.25 16:39:26.767,9.14204,9.1442,1.19,1.19
2014.08.25 16:39:27.071,9.14183,9.14406,1.19,1.19
2014.08.25 16:39:28.070,9.14179,9.14394,1.19,1.19
2014.08.25 16:39:28.871,9.14166,9.14373,1.19,1.19
2014.08.25 16:39:30.074,9.14165,9.14371,1.19,1.19
2014.08.25 16:39:31.897,9.14168,9.14361,1.19,1.19
2014.08.25 16:39:33.129,9.14161,9.14359,1.19,1.19
2014.08.25 16:39:36.395,9.14166,9.14347,1.19,1.19
2014.08.25 16:39:37.416,9.1417,9.14346,1.19,1.19
2014.08.25 16:39:38.590,9.14171,9.14338,1.19,1.19
2014.08.25 16:39:40.293,9.14171,9.14339,1.19,1.19
2014.08.25 16:39:41.341,9.14166,9.14338,1.19,1.19
2014.08.25 16:39:42.429,9.14173,9.14339,1.19,1.19
2014.08.25 16:39:43.400,9.14167,9.1434,1.19,1.19
2014.08.25 16:39:44.648,9.14161,9.14347,1.19,1.19
2014.08.25 16:39:46.406,9.14168,9.14339,1.19,1.19
2014.08.25 16:39:47.650,9.14162,9.14349,1.19,1.19
2014.08.25 16:39:48.827,9.14172,9.14339,1.19,1.19
2014.08.25 16:39:51.130,9.14173,9.14338,1.19,1.19
2014.08.25 16:39:53.320,9.14163,9.14342,1.19,1.19
2014.08.25 16:39:55.123,9.14133,9.14373,1.19,1.19
2014.08.25 16:39:55.326,9.14162,9.14341,1.19,1.19
2014.08.25 16:39:56.340,9.14173,9.1434,1.19,1.19
2014.08.25 16:39:58.529,9.14176,9.14346,1.19,1.19
2014.08.25 16:39:59.833,9.14178,9.14352,1.19,1.19
2014.08.25 16:40:01.244,9.14171,9.14361,1.19,1.19
2014.08.25 16:40:02.842,9.14191,9.14352,1.19,1.19
2014.08.25 16:40:10.357,9.14168,9.14372,1.19,1.19
2014.08.25 16:40:11.760,9.14167,9.14374,1.19,1.19
2014.08.25 16:40:20.073,9.14167,9.14375,1.19,1.19
2014.08.25 16:40:22.589,9.14188,9.14358,1.19,1.19
2014.08.25 16:40:23.701,9.1418,9.14364,1.19,1.19
2014.08.25 16:40:24.185,9.14195,9.14388,1.19,1.19
2014.08.25 16:40:24.287,9.14198,9.14397,1.19,1.00
2014.08.25 16:40:24.339,9.14198,9.14422,1.19,1.00
2014.08.25 16:40:24.390,9.14205,9.14422,1.19,1.00
2014.08.25 16:40:24.441,9.14215,9.14448,1.19,1.00
2014.08.25 16:40:24.542,9.14215,9.14463,1.19,1.00
2014.08.25 16:40:26.729,9.14215,9.14463,1.19,1.69
2014.08.25 16:40:27.715,9.14215,9.14463,1.19,1.69
2014.08.25 16:40:29.092,9.14215,9.14463,1.19,1.69
2014.08.25 16:40:31.012,9.14215,9.14463,1.19,1.69
2014.08.25 16:40:32.098,9.14215,9.14463,1.19,2.44
2014.08.25 16:40:33.301,9.14215,9.14463,1.19,1.69
2014.08.25 16:40:34.036,9.14207,9.14452,1.19,1.00
2014.08.25 16:40:34.840,9.14215,9.14452,1.19,1.19
2014.08.25 16:40:37.912,9.14216,9.14452,1.19,1.69
2014.08.25 16:40:39.113,9.14215,9.14447,1.19,1.19
2014.08.25 16:40:40.129,9.14211,9.14433,1.19,1.19
2014.08.25 16:40:41.146,9.14206,9.14423,1.19,1.19
2014.08.25 16:40:42.128,9.14201,9.14419,1.19,1.19
2014.08.25 16:40:43.143,9.14199,9.14418,1.19,1.19
2014.08.25 16:40:45.055,9.14195,9.14417,1.19,1.19
2014.08.25 16:40:46.550,9.14209,9.14413,1.19,1.19
2014.08.25 16:40:47.537,9.14211,9.14407,1.19,1.19
2014.08.25 16:40:48.530,9.14215,9.144,1.19,1.19
2014.08.25 16:40:49.679,9.14215,9.14402,1.19,1.19
2014.08.25 16:40:51.443,9.14213,9.144,1.19,1.19
2014.08.25 16:40:54.542,9.14211,9.14394,1.19,1.19
2014.08.25 16:40:55.863,9.14214,9.14399,1.19,1.19
2014.08.25 16:40:56.847,9.14212,9.14401,1.19,1.19
2014.08.25 16:40:58.850,9.14211,9.14405,1.19,1.19
2014.08.25 16:41:00.581,9.14212,9.14409,1.19,1.19
2014.08.25 16:41:02.355,9.14214,9.14411,1.19,1.19
2014.08.25 16:41:06.699,9.14209,9.14413,1.19,1.19
2014.08.25 16:41:08.065,9.14209,9.14414,1.19,1.19
2014.08.25 16:41:12.072,9.14209,9.14414,1.19,1.19
2014.08.25 16:41:16.479,9.14207,9.14412,1.19,1.19
2014.08.25 16:41:18.082,9.14209,9.14414,1.19,1.19
2014.08.25 16:41:21.689,9.14211,9.14416,1.19,1.19
2014.08.25 16:41:22.791,9.14209,9.14414,1.19,1.19
2014.08.25 16:41:24.394,9.14209,9.14413,1.19,1.19
2014.08.25 16:41:27.599,9.14215,9.144,1.19,1.19
2014.08.25 16:41:28.901,9.1422,9.14403,1.19,1.19
2014.08.25 16:41:30.105,9.14219,9.14402,1.19,1.19
2014.08.25 16:41:35.628,9.1422,9.14403,1.19,1.19
2014.08.25 16:41:36.645,9.14217,9.14407,1.19,1.19
2014.08.25 16:41:37.617,9.14216,9.14411,1.19,1.19
2014.08.25 16:41:38.819,9.14215,9.14413,1.19,1.19
2014.08.25 16:41:40.122,9.14214,9.14415,1.19,1.19
2014.08.25 16:41:41.324,9.14214,9.14415,1.19,1.19
2014.08.25 16:41:45.232,9.14218,9.14394,1.19,1.19
2014.08.25 16:41:46.835,9.14222,9.14396,1.19,1.19
2014.08.25 16:41:48.138,9.14223,9.14402,1.19,1.19
2014.08.25 16:41:49.641,9.14222,9.14396,1.19,1.19
2014.08.25 16:41:51.245,9.14222,9.14398,1.19,1.19
2014.08.25 16:41:53.197,9.14218,9.14402,1.19,1.19
2014.08.25 16:41:56.055,9.14216,9.14403,1.19,1.19
2014.08.25 16:41:58.960,9.1421,9.14406,1.19,1.19
2014.08.25 16:42:00.111,9.14212,9.14409,1.19,1.19
2014.08.25 16:42:01.264,9.1421,9.14413,1.19,1.19
2014.08.25 16:42:03.068,9.1421,9.14414,1.19,1.19
2014.08.25 16:42:04.469,9.14209,9.14413,1.19,1.19
2014.08.25 16:42:06.473,9.1421,9.14412,1.19,1.19
2014.08.25 16:42:07.600,9.1422,9.14396,1.19,1.19
2014.08.25 16:42:09.379,9.14223,9.14397,1.19,1.19
2014.08.25 16:42:10.380,9.14223,9.14397,1.19,1.19
2014.08.25 16:42:11.589,9.14221,9.14404,1.19,1.19
2014.08.25 16:42:13.132,9.14221,9.14405,1.19,1.19
2014.08.25 16:42:15.688,9.14218,9.14408,1.19,1.19
2014.08.25 16:42:16.689,9.14216,9.14412,1.19,1.19
2014.08.25 16:42:17.827,9.14213,9.14415,1.19,1.19
2014.08.25 16:42:19.494,9.14212,9.14416,1.19,1.19
2014.08.25 16:42:21.297,9.14221,9.14398,1.19,1.19
2014.08.25 16:42:22.900,9.14221,9.14397,1.19,1.19
2014.08.25 16:42:24.008,9.14221,9.14404,1.19,1.19
2014.08.25 16:42:25.204,9.1422,9.14406,1.19,1.19
2014.08.25 16:42:27.011,9.14219,9.14409,1.19,1.19
2014.08.25 16:42:28.710,9.14217,9.14412,1.19,1.19
2014.08.25 16:42:29.938,9.14217,9.14413,1.19,1.19
2014.08.25 16:42:32.144,9.14213,9.14416,1.19,1.19
2014.08.25 16:42:33.117,9.14212,9.14418,1.19,1.19
2014.08.25 16:42:36.623,9.14213,9.14417,1.19,1.19
2014.08.25 16:42:38.126,9.14212,9.14418,1.19,1.19
2014.08.25 16:42:52.374,9.14214,9.14416,1.19,1.19
2014.08.25 16:42:56.706,9.14212,9.14416,1.19,1.19
2014.08.25 16:43:01.068,9.14221,9.14398,1.19,1.19
2014.08.25 16:43:02.171,9.14223,9.14397,1.19,1.19
2014.08.25 16:43:03.292,9.14224,9.14398,1.19,1.19
2014.08.25 16:43:04.697,9.14223,9.14402,1.19,1.19
2014.08.25 16:43:05.718,9.14218,9.14408,1.19,1.19
2014.08.25 16:43:07.426,9.14221,9.14396,1.19,1.19
2014.08.25 16:43:09.110,9.14221,9.144,1.19,1.19
2014.08.25 16:43:10.124,9.14222,9.14404,1.19,1.19
2014.08.25 16:43:15.093,9.14216,9.14413,1.19,1.19
2014.08.25 16:43:16.096,9.14214,9.14415,1.19,1.19
2014.08.25 16:43:20.602,9.14213,9.14415,1.19,1.19
2014.08.25 16:43:21.805,9.14221,9.14397,1.19,1.19
2014.08.25 16:43:22.809,9.14223,9.14397,1.19,1.19
2014.08.25 16:43:23.911,9.14217,9.14394,1.19,1.19
2014.08.25 16:43:25.124,9.14221,9.14397,1.19,1.19
2014.08.25 16:43:26.135,9.14223,9.14397,1.19,1.19
2014.08.25 16:43:29.937,9.14221,9.14401,1.19,1.19
2014.08.25 16:43:31.025,9.14223,9.14397,1.19,1.19
2014.08.25 16:43:32.845,9.14234,9.14395,1.19,1.19
2014.08.25 16:43:33.831,9.14231,9.14398,1.19,1.19
2014.08.25 16:43:34.468,9.14248,9.14411,1.19,1.19
2014.08.25 16:43:35.033,9.14236,9.14433,1.19,1.19
2014.08.25 16:43:35.135,9.14252,9.14454,1.19,1.69
2014.08.25 16:43:35.855,9.14256,9.1446,1.19,1.00
2014.08.25 16:43:36.007,9.14256,9.14475,1.19,1.00
2014.08.25 16:43:36.108,9.14256,9.14498,1.19,1.00
2014.08.25 16:43:37.142,9.14253,9.14498,1.19,1.00
2014.08.25 16:43:38.141,9.14253,9.14498,1.19,1.00
2014.08.25 16:43:39.472,9.14252,9.14498,1.69,1.00
2014.08.25 16:43:40.848,9.14252,9.14498,1.19,1.00
2014.08.25 16:43:42.173,9.14252,9.14508,1.69,1.19
2014.08.25 16:43:43.162,9.14256,9.14508,1.19,1.19
2014.08.25 16:43:44.175,9.14254,9.14508,1.19,1.19
2014.08.25 16:43:45.165,9.14253,9.14508,1.19,1.19
2014.08.25 16:43:46.160,9.14263,9.14508,1.19,1.19
2014.08.25 16:43:52.270,9.14265,9.14499,1.19,1.19
2014.08.25 16:43:53.372,9.14268,9.14498,1.19,1.19
2014.08.25 16:43:55.815,9.1427,9.14493,1.19,1.19
2014.08.25 16:43:56.797,9.14272,9.14488,1.19,1.19
2014.08.25 16:43:57.790,9.14272,9.14487,1.19,1.19
2014.08.25 16:43:58.813,9.14273,9.14481,1.19,1.19
2014.08.25 16:43:59.829,9.14275,9.14482,1.19,1.19
2014.08.25 16:44:00.827,9.1427,9.14477,1.19,1.19
2014.08.25 16:44:02.791,9.14271,9.14478,1.19,1.19
2014.08.25 16:44:04.794,9.14274,9.14481,1.19,1.19
2014.08.25 16:44:06.218,9.1427,9.14477,1.19,1.19
2014.08.25 16:44:07.233,9.14273,9.14477,1.19,1.19
2014.08.25 16:44:08.201,9.1427,9.14478,1.19,1.19
2014.08.25 16:44:10.605,9.14271,9.14478,1.19,1.19
2014.08.25 16:44:11.607,9.1427,9.14477,1.19,1.19
2014.08.25 16:44:15.344,9.14271,9.14473,1.19,1.19
2014.08.25 16:44:16.353,9.14272,9.14471,1.19,1.19
2014.08.25 16:44:17.961,9.14264,9.14459,1.19,1.19
2014.08.25 16:44:18.936,9.14259,9.14456,1.19,1.19
2014.08.25 16:44:20.662,9.14252,9.14455,1.19,1.19
2014.08.25 16:44:22.870,9.14253,9.14453,1.19,1.19
2014.08.25 16:44:23.937,9.14256,9.14447,1.19,1.19
2014.08.25 16:44:24.932,9.14259,9.14444,1.19,1.19
2014.08.25 16:44:25.939,9.1426,9.14436,1.19,1.19
2014.08.25 16:44:27.065,9.14259,9.1443,1.19,1.19
2014.08.25 16:44:28.338,9.14248,9.14443,1.19,1.19
2014.08.25 16:44:32.064,9.14258,9.1442,1.19,1.19
2014.08.25 16:44:33.292,9.14263,9.14427,1.19,1.19
2014.08.25 16:44:35.351,9.14264,9.14437,1.19,1.19
2014.08.25 16:44:36.664,9.14261,9.14426,1.19,1.19
2014.08.25 16:44:37.992,9.14247,9.14451,1.19,1.19
2014.08.25 16:44:38.895,9.14269,9.14441,1.19,1.19
2014.08.25 16:44:39.103,9.14249,9.14441,1.19,1.19
2014.08.25 16:44:39.366,9.14272,9.1444,1.19,1.19
2014.08.25 16:44:40.360,9.14266,9.14428,1.19,1.19
2014.08.25 16:44:42.886,9.14258,9.14452,1.19,1.19
2014.08.25 16:44:44.068,9.14253,9.14453,1.19,1.19
2014.08.25 16:44:44.271,9.14245,9.14463,1.19,1.00
2014.08.25 16:44:44.372,9.14245,9.14478,1.19,1.00
2014.08.25 16:44:44.473,9.14245,9.1448,1.19,1.00
2014.08.25 16:44:44.575,9.14253,9.14496,1.19,1.00
2014.08.25 16:44:44.626,9.14253,9.14501,1.19,1.00
2014.08.25 16:44:45.712,9.14253,9.14501,1.19,1.19
2014.08.25 16:44:46.685,9.14253,9.14501,1.19,1.19
2014.08.25 16:44:48.614,9.14262,9.14496,1.19,1.19
2014.08.25 16:44:50.479,9.14256,9.1449,1.19,1.19
2014.08.25 16:44:51.481,9.14258,9.14488,1.19,1.19
2014.08.25 16:44:52.512,9.14258,9.14486,1.19,1.19
2014.08.25 16:44:53.534,9.14257,9.14484,1.19,1.19
2014.08.25 16:44:54.486,9.1426,9.14478,1.19,1.19
2014.08.25 16:44:55.989,9.14262,9.14477,1.19,1.19
2014.08.25 16:44:58.092,9.14249,9.1447,1.19,1.19
2014.08.25 16:45:01.710,9.14249,9.14468,1.19,1.19
2014.08.25 16:45:05.308,9.14247,9.14458,1.19,1.19
2014.08.25 16:45:06.656,9.14247,9.14454,1.19,1.19
2014.08.25 16:45:07.923,9.14245,9.14449,1.19,1.19
2014.08.25 16:45:09.933,9.14241,9.14448,1.19,1.19
2014.08.25 16:45:11.418,9.14247,9.14451,1.19,1.19
2014.08.25 16:45:15.527,9.14244,9.1445,1.19,1.19
2014.08.25 16:45:16.669,9.14241,9.14449,1.19,1.19
2014.08.25 16:45:18.032,9.14252,9.14438,1.19,1.19
2014.08.25 16:45:19.282,9.14239,9.14433,1.19,1.19
2014.08.25 16:45:20.252,9.14241,9.14429,1.19,1.19
2014.08.25 16:45:21.339,9.14243,9.14427,1.19,1.19
2014.08.25 16:45:22.645,9.14238,9.14428,1.19,1.19
2014.08.25 16:45:24.145,9.14236,9.14428,1.19,1.19
2014.08.25 16:45:25.346,9.1425,9.14429,1.19,1.19
2014.08.25 16:45:27.572,9.14249,9.1443,1.19,1.19
2014.08.25 16:45:29.655,9.14243,9.1443,1.19,1.19
2014.08.25 16:45:30.957,9.14242,9.14433,1.19,1.19
2014.08.25 16:45:36.675,9.14241,9.14432,1.19,1.19
2014.08.25 16:45:39.811,9.14245,9.14435,1.19,1.19
2014.08.25 16:45:53.395,9.14243,9.14437,1.19,1.19
2014.08.25 16:45:57.603,9.14245,9.14435,1.19,1.19
2014.08.25 16:45:58.617,9.14243,9.14437,1.19,1.19
2014.08.25 16:46:01.438,9.1424,9.14439,1.19,1.19
2014.08.25 16:46:04.717,9.14243,9.14437,1.19,1.19
2014.08.25 16:46:06.050,9.14247,9.14434,1.19,1.19
2014.08.25 16:46:06.360,9.14242,9.14452,1.19,1.19
2014.08.25 16:46:07.348,9.14242,9.14451,1.19,1.19
2014.08.25 16:46:09.546,9.14246,9.14452,1.19,1.19
2014.08.25 16:46:10.573,9.14249,9.14437,1.19,1.19
2014.08.25 16:46:14.639,9.1425,9.1445,1.19,1.19
2014.08.25 16:46:15.841,9.14249,9.14457,1.19,1.19
2014.08.25 16:46:20.550,9.14248,9.14459,1.19,1.19
2014.08.25 16:46:21.796,9.1425,9.14458,1.19,1.19
2014.08.25 16:46:24.406,9.14248,9.1446,1.19,1.19
2014.08.25 16:46:25.970,9.14248,9.14437,1.19,1.00
2014.08.25 16:46:26.302,9.14248,9.14422,1.19,1.00
2014.08.25 16:46:26.403,9.14227,9.14422,1.19,1.19
2014.08.25 16:46:27.403,9.14251,9.1441,1.19,1.19
2014.08.25 16:46:28.696,9.14241,9.1442,1.19,1.19
2014.08.25 16:46:29.768,9.1424,9.14422,1.19,1.19
2014.08.25 16:46:31.671,9.14241,9.14423,1.19,1.19
2014.08.25 16:46:33.474,9.14243,9.14425,1.19,1.19
2014.08.25 16:46:34.579,9.14245,9.14427,1.19,1.19
2014.08.25 16:46:37.080,9.14237,9.14431,1.19,1.19
2014.08.25 16:46:38.182,9.14235,9.14433,1.19,1.19
2014.08.25 16:46:38.630,9.14249,9.14416,1.19,1.19
2014.08.25 16:46:39.393,9.14237,9.14422,1.19,1.19
2014.08.25 16:46:39.696,9.14244,9.14409,1.19,1.19
2014.08.25 16:46:40.084,9.14244,9.14373,1.19,1.00
2014.08.25 16:46:40.135,9.14166,9.14359,1.00,1.00
2014.08.25 16:46:40.186,9.14166,9.14339,1.00,1.00
2014.08.25 16:46:40.489,9.14212,9.14357,1.19,1.00
2014.08.25 16:46:40.591,9.14189,9.14374,1.19,1.19
2014.08.25 16:46:40.693,9.14151,9.14387,1.19,1.19
2014.08.25 16:46:40.795,9.14176,9.14342,1.19,1.19
2014.08.25 16:46:41.594,9.14179,9.1436,1.19,1.19
2014.08.25 16:46:42.913,9.14178,9.1437,1.19,1.19
2014.08.25 16:46:44.296,9.1418,9.14368,1.19,1.19
2014.08.25 16:46:45.598,9.14176,9.14366,1.19,1.19
2014.08.25 16:46:46.900,9.14178,9.14366,1.19,1.19
2014.08.25 16:46:49.127,9.14183,9.14365,1.19,1.19
2014.08.25 16:46:50.105,9.1416,9.14356,1.19,1.19
2014.08.25 16:46:51.602,9.1416,9.14324,1.19,1.00
2014.08.25 16:46:51.856,9.14122,9.14288,1.19,1.19
2014.08.25 16:46:51.974,9.14149,9.14313,1.19,1.19
2014.08.25 16:46:53.219,9.14155,9.14318,1.19,1.19
2014.08.25 16:46:54.545,9.14156,9.14318,1.19,1.19
2014.08.25 16:46:55.614,9.1414,9.14313,1.19,1.19
2014.08.25 16:46:57.643,9.14157,9.14317,1.19,1.19
2014.08.25 16:46:59.519,9.14167,9.14325,1.19,1.19
2014.08.25 16:47:02.025,9.14162,9.1432,1.19,1.19
2014.08.25 16:47:03.569,9.14173,9.14331,1.19,1.19
2014.08.25 16:47:05.331,9.14163,9.14324,1.19,1.19
2014.08.25 16:47:06.883,9.14156,9.14314,1.19,1.19
2014.08.25 16:47:08.436,9.14151,9.14309,1.19,1.19
2014.08.25 16:47:09.538,9.1415,9.14308,1.19,1.19
2014.08.25 16:47:13.444,9.14144,9.14302,1.19,1.19
2014.08.25 16:47:17.182,9.14141,9.14299,1.19,1.19
2014.08.25 16:47:18.602,9.14142,9.143,1.19,1.19
2014.08.25 16:47:19.655,9.14143,9.14301,1.19,1.19
2014.08.25 16:47:22.261,9.14142,9.143,1.19,1.19
2014.08.25 16:47:25.367,9.14143,9.14301,1.19,1.19
2014.08.25 16:47:26.268,9.14142,9.143,1.19,1.19
2014.08.25 16:47:30.075,9.14139,9.14297,1.19,1.19
2014.08.25 16:47:31.208,9.14138,9.14296,1.19,1.19
2014.08.25 16:47:34.827,9.14122,9.14332,1.79,1.00
2014.08.25 16:47:34.878,9.14129,9.14352,1.60,1.00
2014.08.25 16:47:34.929,9.1422,9.14378,1.19,1.19
2014.08.25 16:47:35.131,9.14171,9.14357,1.69,1.19
2014.08.25 16:47:35.182,9.14171,9.14334,1.69,1.00
2014.08.25 16:47:35.486,9.14178,9.14338,1.19,1.19
2014.08.25 16:47:36.617,9.14194,9.14353,1.19,1.19
2014.08.25 16:47:38.591,9.14183,9.14341,1.19,1.19
2014.08.25 16:47:41.629,9.14179,9.14339,1.19,1.19
2014.08.25 16:47:43.497,9.14172,9.14346,1.19,1.19
2014.08.25 16:47:45.099,9.14158,9.14355,1.19,1.19
2014.08.25 16:47:45.600,9.14196,9.14357,1.19,1.19
2014.08.25 16:47:45.904,9.14211,9.14369,1.19,1.19
2014.08.25 16:47:46.922,9.14204,9.14362,1.19,1.19
2014.08.25 16:47:48.141,9.14194,9.1437,1.19,1.19
2014.08.25 16:47:50.610,9.142,9.14358,1.19,1.19
2014.08.25 16:47:51.658,9.14187,9.14345,1.19,1.19
2014.08.25 16:47:55.818,9.14186,9.14344,1.19,1.19
2014.08.25 16:47:57.522,9.14183,9.14348,1.19,1.19
2014.08.25 16:47:59.159,9.14108,9.14321,1.19,1.19
2014.08.25 16:47:59.210,9.14108,9.14252,1.19,1.00
2014.08.25 16:47:59.362,9.1409,9.14248,1.19,1.19
2014.08.25 16:47:59.413,9.1409,9.14236,1.19,1.00
2014.08.25 16:47:59.464,9.14072,9.1423,1.19,1.19
2014.08.25 16:47:59.515,9.14072,9.14219,1.19,1.00
2014.08.25 16:47:59.820,9.14072,9.14202,1.19,1.00
2014.08.25 16:48:00.489,9.14072,9.14222,1.19,1.50
2014.08.25 16:48:00.540,9.14058,9.14216,1.19,1.19
2014.08.25 16:48:00.946,9.1402,9.14189,1.19,1.19
2014.08.25 16:48:02.261,9.14023,9.14181,1.19,1.19
2014.08.25 16:48:05.351,9.14011,9.14169,1.19,1.19
2014.08.25 16:48:05.672,9.13981,9.14137,1.00,1.19
2014.08.25 16:48:05.723,9.13957,9.14137,1.19,1.19
2014.08.25 16:48:05.774,9.13959,9.14117,1.19,1.19
2014.08.25 16:48:06.891,9.13957,9.14113,1.19,1.19
2014.08.25 16:48:07.942,9.13953,9.14111,1.19,1.19
2014.08.25 16:48:08.744,9.13972,9.1413,1.19,1.19
2014.08.25 16:48:09.874,9.13974,9.14132,1.19,1.19
2014.08.25 16:48:10.961,9.13973,9.14131,1.19,1.19
2014.08.25 16:48:12.250,9.1397,9.14128,1.19,1.19
2014.08.25 16:48:13.452,9.13964,9.14122,1.19,1.19
2014.08.25 16:48:15.055,9.13967,9.14125,1.19,1.19
2014.08.25 16:48:16.459,9.13974,9.14132,1.19,1.19
2014.08.25 16:48:18.059,9.13962,9.1412,1.19,1.19
2014.08.25 16:48:19.161,9.13968,9.14126,1.19,1.19
2014.08.25 16:48:21.365,9.13986,9.14144,1.19,1.19
2014.08.25 16:48:23.185,9.13983,9.14141,1.19,1.19
2014.08.25 16:48:24.269,9.13995,9.14153,1.19,1.19
2014.08.25 16:48:25.420,9.13993,9.14153,1.19,1.19
2014.08.25 16:48:26.198,9.13982,9.14195,1.00,1.19
2014.08.25 16:48:27.374,9.13982,9.14196,1.00,1.19
2014.08.25 16:48:28.476,9.13982,9.14196,1.00,1.19
2014.08.25 16:48:29.594,9.13982,9.14193,1.00,1.19
2014.08.25 16:48:30.921,9.13989,9.14193,1.00,1.19
2014.08.25 16:48:31.426,9.13989,9.14196,1.00,1.19
2014.08.25 16:48:33.382,9.13989,9.14187,1.00,1.19
2014.08.25 16:48:35.188,9.13989,9.1419,1.00,1.19
2014.08.25 16:48:40.915,9.13989,9.14183,1.00,1.19
2014.08.25 16:48:42.613,9.13974,9.14183,1.00,1.19
2014.08.25 16:48:43.251,9.13943,9.14182,1.00,1.19
2014.08.25 16:48:43.503,9.13943,9.14182,1.00,1.19
2014.08.25 16:48:43.809,9.13943,9.14166,1.00,1.19
2014.08.25 16:48:44.952,9.13943,9.14151,1.00,1.19
2014.08.25 16:48:47.513,9.13943,9.14156,1.00,1.19
2014.08.25 16:48:48.747,9.13943,9.14155,1.00,1.19
2014.08.25 16:48:49.719,9.13943,9.14154,1.00,1.19
2014.08.25 16:48:53.070,9.13943,9.14156,1.00,1.19
2014.08.25 16:48:55.530,9.13943,9.14156,1.00,1.19
2014.08.25 16:49:02.174,9.13943,9.14156,1.00,1.19
2014.08.25 16:49:04.371,9.13943,9.14157,1.00,1.25
2014.08.25 16:49:05.647,9.13943,9.14157,1.00,1.19
2014.08.25 16:49:07.265,9.13943,9.14157,1.00,1.19
2014.08.25 16:49:09.053,9.13943,9.14157,1.00,1.19
2014.08.25 16:49:11.178,9.13931,9.14154,1.00,1.19
2014.08.25 16:49:15.505,9.13931,9.1415,1.00,1.19
2014.08.25 16:49:19.369,9.13931,9.14149,1.00,1.19
2014.08.25 16:49:22.604,9.13931,9.14157,1.00,1.19
2014.08.25 16:49:39.625,9.13928,9.14155,1.00,1.00
2014.08.25 16:49:44.129,9.13928,9.14159,1.19,1.00
2014.08.25 16:49:48.521,9.13928,9.14159,1.00,1.19
2014.08.25 16:49:49.622,9.13928,9.14159,1.00,1.19
2014.08.25 16:49:53.530,9.13928,9.14159,1.00,1.19
2014.08.25 16:49:55.634,9.13928,9.14159,1.00,1.19
2014.08.25 16:49:56.635,9.13928,9.14159,1.00,1.19
2014.08.25 16:49:57.637,9.13928,9.14159,1.00,1.19
2014.08.25 16:49:59.173,9.13928,9.14159,1.00,1.19
2014.08.25 16:49:59.753,9.13931,9.14159,1.00,1.19
2014.08.25 16:50:00.643,9.13931,9.14159,1.00,1.19
2014.08.25 16:50:03.380,9.13931,9.14166,1.00,1.19
2014.08.25 16:50:04.378,9.13931,9.14166,1.00,1.00
2014.08.25 16:50:09.194,9.13931,9.14166,1.00,1.19
2014.08.25 16:50:10.162,9.13931,9.14166,1.00,1.19
2014.08.25 16:50:11.264,9.13931,9.14166,1.00,1.19
2014.08.25 16:50:11.775,9.13928,9.14166,1.00,1.19
2014.08.25 16:50:12.465,9.13928,9.14166,1.00,1.19
2014.08.25 16:50:13.568,9.13928,9.14166,1.00,1.19
2014.08.25 16:50:15.072,9.13928,9.14166,1.00,1.25
2014.08.25 16:50:18.100,9.13928,9.14166,1.19,1.00
2014.08.25 16:50:19.280,9.13928,9.14166,1.19,1.00
2014.08.25 16:50:22.536,9.13936,9.14177,1.25,1.00
2014.08.25 16:50:23.400,9.13936,9.14177,1.19,1.00
2014.08.25 16:50:35.706,9.13936,9.14177,1.19,1.00
2014.08.25 16:50:37.808,9.13936,9.14177,1.19,1.00
2014.08.25 16:50:38.926,9.13936,9.14177,1.19,1.00
2014.08.25 16:50:43.016,9.13936,9.14177,1.19,1.00
2014.08.25 16:50:43.168,9.13936,9.14175,1.19,1.00
2014.08.25 16:50:44.954,9.13936,9.14175,1.19,1.00
2014.08.25 16:50:48.125,9.13936,9.14175,1.19,1.00
2014.08.25 16:50:54.635,9.13936,9.14175,1.19,1.00
2014.08.25 16:51:00.145,9.13936,9.14175,1.19,1.00
2014.08.25 16:51:03.126,9.13936,9.14173,1.19,1.00
2014.08.25 16:51:03.995,9.13936,9.14184,1.19,1.19
2014.08.25 16:51:07.187,9.13936,9.14184,1.19,1.00
2014.08.25 16:51:08.160,9.13936,9.14184,1.19,1.00
2014.08.25 16:51:08.527,9.13936,9.14175,1.19,1.00
2014.08.25 16:51:15.773,9.13936,9.14175,1.19,1.00
2014.08.25 16:51:17.676,9.13936,9.14175,1.19,1.00
2014.08.25 16:51:19.079,9.13936,9.14175,1.19,1.00
2014.08.25 16:51:20.182,9.13936,9.14175,1.19,1.00
2014.08.25 16:51:25.189,9.13936,9.14175,1.19,1.00
2014.08.25 16:51:26.391,9.13936,9.14175,1.19,1.00
2014.08.25 16:51:28.101,9.13936,9.14175,1.19,1.00
2014.08.25 16:51:29.250,9.13936,9.1418,1.19,1.00
2014.08.25 16:51:31.137,9.13936,9.1418,1.19,1.00
2014.08.25 16:51:36.712,9.13936,9.1418,1.19,1.00
2014.08.25 16:51:39.117,9.13936,9.1418,1.19,1.00
2014.08.25 16:51:42.222,9.13936,9.1418,1.19,1.00
2014.08.25 16:51:45.474,9.13936,9.1418,1.19,1.00
2014.08.25 16:51:51.279,9.13936,9.1418,1.19,1.00
2014.08.25 16:51:52.444,9.13936,9.1418,1.19,1.00
2014.08.25 16:51:55.496,9.13936,9.1418,1.19,1.00
2014.08.25 16:52:00.407,9.13936,9.1418,1.19,1.00
2014.08.25 16:52:02.065,9.13936,9.1418,1.19,1.00
2014.08.25 16:52:03.268,9.13936,9.1418,1.19,1.00
2014.08.25 16:52:05.372,9.13936,9.1418,1.19,1.00
2014.08.25 16:52:05.473,9.13943,9.14166,1.19,1.00
2014.08.25 16:52:05.810,9.13926,9.14154,1.19,2.63
2014.08.25 16:52:06.013,9.13943,9.14181,1.19,1.00
2014.08.25 16:52:06.266,9.13943,9.1417,1.19,1.00
2014.08.25 16:52:06.804,9.13943,9.14184,1.19,1.88
2014.08.25 16:52:08.581,9.13943,9.14184,1.19,1.88
2014.08.25 16:52:14.592,9.13943,9.14184,1.19,1.88
2014.08.25 16:52:16.595,9.13943,9.14184,1.19,1.88
2014.08.25 16:52:17.597,9.13943,9.14184,1.19,1.88
2014.08.25 16:52:18.658,9.13943,9.14184,1.19,1.88
2014.08.25 16:52:20.154,9.13943,9.14184,1.19,1.88
2014.08.25 16:52:21.538,9.13943,9.14184,1.19,1.88
2014.08.25 16:52:22.050,9.13961,9.14184,1.00,1.88
2014.08.25 16:52:22.258,9.13961,9.14198,1.00,1.19
2014.08.25 16:52:23.542,9.13961,9.14198,1.19,1.00
2014.08.25 16:52:25.587,9.13961,9.14198,1.19,1.00
2014.08.25 16:52:25.739,9.13984,9.14209,1.00,1.00
2014.08.25 16:52:25.841,9.13984,9.14225,1.00,1.19
2014.08.25 16:52:26.195,9.13984,9.14225,1.69,1.00
2014.08.25 16:52:27.248,9.13984,9.14225,1.69,1.00
2014.08.25 16:52:30.153,9.13987,9.14225,1.19,1.00
2014.08.25 16:52:35.164,9.13995,9.14225,1.19,1.00
2014.08.25 16:52:36.364,9.13985,9.14225,1.19,1.00
2014.08.25 16:52:37.766,9.13989,9.14225,1.19,1.00
2014.08.25 16:52:43.202,9.14008,9.14225,1.19,1.00
2014.08.25 16:52:44.175,9.14008,9.14225,1.19,1.00
2014.08.25 16:52:45.944,9.14008,9.14234,1.19,2.63
2014.08.25 16:52:46.287,9.14008,9.14234,1.19,2.63
2014.08.25 16:52:46.799,9.14008,9.14222,1.19,1.00
2014.08.25 16:52:47.381,9.14008,9.14222,1.19,1.00
2014.08.25 16:52:49.384,9.14008,9.14222,1.19,1.00
2014.08.25 16:52:51.889,9.14008,9.14222,1.19,1.00
2014.08.25 16:52:53.306,9.14008,9.14222,1.19,1.00
2014.08.25 16:52:57.628,9.14003,9.14222,1.19,1.00
2014.08.25 16:52:58.601,9.14003,9.14222,1.00,1.00
2014.08.25 16:52:59.904,9.14003,9.14222,1.00,1.19
2014.08.25 16:53:01.206,9.14003,9.14222,1.00,1.19
2014.08.25 16:53:02.421,9.14003,9.14222,1.00,1.19
2014.08.25 16:53:05.113,9.14003,9.14222,1.00,1.19
2014.08.25 16:53:06.915,9.14003,9.14222,1.00,1.19
2014.08.25 16:53:08.054,9.14003,9.14223,1.00,1.19
2014.08.25 16:53:10.723,9.14003,9.14223,1.00,1.19
2014.08.25 16:53:13.180,9.14003,9.14223,1.00,1.69
2014.08.25 16:53:15.131,9.14003,9.14223,1.00,1.19
2014.08.25 16:53:17.936,9.14003,9.14223,1.00,1.19
2014.08.25 16:53:21.441,9.14003,9.14223,1.00,1.69
2014.08.25 16:53:22.649,9.14002,9.14223,1.00,1.69
2014.08.25 16:53:22.751,9.14002,9.14223,1.00,1.19
2014.08.25 16:53:26.550,9.14002,9.14223,1.00,1.19
2014.08.25 16:53:27.652,9.14002,9.14221,1.00,1.19
2014.08.25 16:53:29.956,9.14002,9.14221,1.00,1.19
2014.08.25 16:53:32.559,9.14002,9.14221,1.00,1.19
2014.08.25 16:53:35.564,9.14002,9.14221,1.00,1.19
2014.08.25 16:53:36.566,9.14002,9.14221,1.00,1.19
2014.08.25 16:53:39.871,9.14002,9.14219,1.00,1.19
2014.08.25 16:53:41.374,9.14002,9.14221,1.00,1.19
2014.08.25 16:53:42.876,9.14002,9.14221,1.00,1.19
2014.08.25 16:53:44.078,9.14002,9.14221,1.00,1.19
2014.08.25 16:53:45.180,9.14002,9.14221,1.00,1.19
2014.08.25 16:53:49.886,9.14002,9.14219,1.00,1.19
2014.08.25 16:53:50.888,9.14002,9.14219,1.00,1.19
2014.08.25 16:53:51.567,9.14003,9.14219,1.00,1.19
2014.08.25 16:53:57.819,9.14003,9.14219,1.00,1.19
2014.08.25 16:54:00.606,9.14003,9.14219,1.00,1.19
2014.08.25 16:54:01.613,9.14003,9.14219,1.00,1.19
2014.08.25 16:54:05.615,9.14003,9.14219,1.00,1.19
2014.08.25 16:54:06.817,9.14003,9.14219,1.00,1.19
2014.08.25 16:54:10.526,9.14003,9.1422,1.00,1.19
2014.08.25 16:54:16.373,9.14003,9.1422,1.00,1.19
2014.08.25 16:54:17.844,9.14003,9.1422,1.00,1.19
2014.08.25 16:54:18.166,9.13988,9.1422,1.00,1.19
2014.08.25 16:54:19.166,9.13988,9.1422,1.00,1.19
2014.08.25 16:54:21.852,9.13988,9.1422,1.00,1.19
2014.08.25 16:54:23.556,9.13988,9.1422,1.00,1.19
2014.08.25 16:54:24.957,9.13988,9.1422,1.00,1.19
2014.08.25 16:54:26.059,9.13988,9.1422,1.00,1.19
2014.08.25 16:54:30.610,9.13988,9.14222,1.00,1.19
2014.08.25 16:54:31.670,9.13988,9.14228,1.00,1.19
2014.08.25 16:54:33.274,9.13988,9.14228,1.00,1.19
2014.08.25 16:54:34.378,9.13988,9.14217,1.00,1.19
2014.08.25 16:54:35.891,9.13992,9.14228,1.00,1.69
2014.08.25 16:54:36.582,9.13992,9.14228,1.00,1.19
2014.08.25 16:54:37.262,9.13992,9.14217,1.00,1.00
2014.08.25 16:54:40.911,9.13997,9.14228,1.00,1.19
2014.08.25 16:54:41.893,9.13997,9.14228,1.19,1.00
2014.08.25 16:54:49.209,9.13997,9.14228,1.19,1.00
2014.08.25 16:54:50.314,9.13997,9.14228,1.19,1.00
2014.08.25 16:54:57.226,9.13997,9.14228,1.19,1.00
2014.08.25 16:54:58.530,9.13997,9.14228,1.19,1.00
2014.08.25 16:54:59.833,9.13997,9.14228,1.19,1.00
2014.08.25 16:55:01.148,9.13997,9.14232,1.19,1.00
2014.08.25 16:55:05.168,9.13997,9.14232,1.19,1.00
2014.08.25 16:55:16.566,9.14006,9.14232,1.19,1.00
2014.08.25 16:55:19.371,9.14006,9.14232,1.00,1.00
2014.08.25 16:55:20.586,9.14006,9.14232,1.00,1.19
2014.08.25 16:55:23.722,9.14006,9.14232,1.00,1.19
2014.08.25 16:55:24.680,9.14006,9.14232,1.00,1.00
2014.08.25 16:55:26.921,9.13999,9.14232,1.00,1.00
2014.08.25 16:55:30.007,9.13999,9.14232,1.00,1.19
2014.08.25 16:55:31.410,9.13999,9.14232,1.00,1.19
2014.08.25 16:55:32.608,9.14002,9.14232,1.00,1.19
2014.08.25 16:55:32.659,9.14002,9.14232,1.00,1.19
2014.08.25 16:55:33.752,9.14002,9.14232,1.00,1.19
2014.08.25 16:55:36.324,9.14002,9.14232,1.00,1.00
2014.08.25 16:55:37.624,9.14002,9.14232,1.19,1.00
2014.08.25 16:55:38.926,9.14002,9.14232,1.19,1.00
2014.08.25 16:55:41.647,9.13999,9.14229,1.19,1.00
2014.08.25 16:55:43.573,9.14006,9.14229,1.19,1.00
2014.08.25 16:55:44.551,9.14002,9.14229,1.19,1.00
2014.08.25 16:55:47.776,9.14006,9.14229,1.19,1.00
2014.08.25 16:55:49.643,9.14006,9.14229,1.19,1.00
2014.08.25 16:55:51.448,9.14006,9.14229,1.19,1.00
2014.08.25 16:55:52.584,9.14004,9.14229,1.19,1.00
2014.08.25 16:55:54.956,9.14004,9.14229,1.00,1.25
2014.08.25 16:55:55.658,9.14004,9.14229,1.19,1.00
2014.08.25 16:55:55.862,9.14004,9.14234,1.19,1.88
2014.08.25 16:55:56.875,9.14004,9.14241,1.19,1.00
2014.08.25 16:55:57.381,9.14043,9.14241,1.19,1.00
2014.08.25 16:55:57.483,9.14071,9.14252,1.00,1.00
2014.08.25 16:55:57.584,9.14071,9.1428,1.00,1.00
2014.08.25 16:55:57.837,9.14071,9.14268,1.00,1.00
2014.08.25 16:55:58.234,9.14071,9.14289,1.00,1.00
2014.08.25 16:55:58.539,9.14091,9.14289,1.00,1.00
2014.08.25 16:55:59.095,9.14091,9.14289,1.19,1.00
2014.08.25 16:55:59.349,9.14091,9.14301,1.19,1.00
2014.08.25 16:55:59.452,9.14091,9.14312,1.19,1.00
2014.08.25 16:55:59.677,9.14091,9.14298,1.19,1.00
2014.08.25 16:56:00.446,9.14091,9.14309,1.19,1.00
2014.08.25 16:56:00.513,9.14091,9.14321,1.19,1.00
2014.08.25 16:56:00.565,9.14112,9.14321,1.00,1.00
2014.08.25 16:56:00.868,9.14112,9.14332,1.19,1.00
2014.08.25 16:56:01.870,9.14112,9.14332,1.19,1.00
2014.08.25 16:56:02.808,9.14112,9.14344,1.19,1.00
2014.08.25 16:56:03.573,9.14112,9.14344,1.19,1.00
2014.08.25 16:56:04.229,9.14112,9.14331,1.19,1.00
2014.08.25 16:56:04.534,9.14112,9.1432,1.19,1.00
2014.08.25 16:56:04.585,9.14112,9.1432,1.19,1.00
2014.08.25 16:56:05.008,9.14112,9.14333,1.19,1.00
2014.08.25 16:56:05.116,9.14112,9.14346,1.19,1.00
2014.08.25 16:56:05.766,9.14124,9.14334,1.25,1.00
2014.08.25 16:56:06.272,9.14124,9.14346,1.25,1.00
2014.08.25 16:56:07.105,9.14124,9.14346,1.19,1.00
2014.08.25 16:56:07.467,9.14107,9.1432,1.19,1.00
2014.08.25 16:56:08.024,9.14107,9.14332,1.19,1.00
2014.08.25 16:56:08.227,9.14129,9.14346,1.00,1.00
2014.08.25 16:56:09.285,9.14129,9.14346,1.19,1.00
2014.08.25 16:56:11.309,9.14129,9.14346,1.19,1.00
2014.08.25 16:56:12.322,9.14129,9.14346,1.19,1.00
2014.08.25 16:56:13.254,9.14118,9.14331,1.19,1.00
2014.08.25 16:56:13.558,9.14109,9.14318,1.19,1.00
2014.08.25 16:56:13.609,9.14099,9.14318,1.19,1.00
2014.08.25 16:56:13.660,9.14099,9.14331,1.69,1.00
2014.08.25 16:56:13.711,9.14119,9.14331,1.00,1.00
2014.08.25 16:56:14.646,9.14119,9.14331,1.19,1.00
2014.08.25 16:56:15.203,9.1414,9.14346,1.00,1.00
2014.08.25 16:56:16.135,9.1414,9.14346,1.19,1.00
2014.08.25 16:56:17.201,9.1414,9.14346,1.00,1.00
2014.08.25 16:56:17.677,9.1414,9.14334,1.00,1.00
2014.08.25 16:56:19.201,9.1414,9.14345,1.00,1.00
2014.08.25 16:56:20.379,9.14114,9.14345,1.19,1.00
2014.08.25 16:56:20.532,9.14114,9.14334,1.19,1.00
2014.08.25 16:56:21.038,9.14114,9.14335,1.19,1.00
2014.08.25 16:56:21.455,9.14114,9.14335,1.19,1.00
2014.08.25 16:56:22.445,9.14114,9.14335,1.19,1.00
2014.08.25 16:56:26.545,9.14118,9.14335,1.19,1.00
2014.08.25 16:56:26.878,9.14069,9.14303,1.19,1.00
2014.08.25 16:56:26.929,9.14047,9.14254,1.19,1.88
2014.08.25 16:56:27.283,9.14055,9.14266,1.19,1.00
2014.08.25 16:56:27.385,9.14055,9.14293,1.19,1.00
2014.08.25 16:56:28.065,9.14055,9.14293,1.19,1.00
2014.08.25 16:56:28.217,9.14087,9.14304,1.00,1.00
2014.08.25 16:56:29.125,9.14087,9.14304,1.19,1.00
2014.08.25 16:56:29.335,9.14087,9.14326,1.19,1.00
2014.08.25 16:56:29.436,9.14109,9.14326,1.00,1.00
2014.08.25 16:56:29.537,9.14109,9.14353,1.00,1.19
2014.08.25 16:56:29.892,9.14109,9.14339,1.00,1.00
2014.08.25 16:56:30.870,9.14109,9.14339,1.19,1.00
2014.08.25 16:56:32.032,9.14109,9.14339,1.19,1.00
2014.08.25 16:56:35.681,9.14098,9.14339,1.19,1.00
2014.08.25 16:56:36.416,9.14119,9.14339,1.00,1.00
2014.08.25 16:56:37.430,9.14098,9.14339,1.19,1.00
2014.08.25 16:56:38.664,9.14098,9.14339,1.19,1.00
2014.08.25 16:56:39.691,9.14098,9.14339,1.19,1.00
2014.08.25 16:56:40.661,9.14098,9.14339,1.19,1.00
2014.08.25 16:56:41.450,9.14119,9.14339,1.00,1.00
2014.08.25 16:56:43.540,9.14119,9.14325,1.25,1.00
2014.08.25 16:56:43.743,9.14119,9.14339,1.19,1.00
2014.08.25 16:56:46.567,9.14119,9.14339,1.19,1.00
2014.08.25 16:56:47.670,9.14119,9.14339,1.19,1.00
2014.08.25 16:56:48.672,9.14119,9.14339,1.19,1.00
2014.08.25 16:56:49.675,9.1412,9.14339,1.19,1.00
2014.08.25 16:56:51.078,9.1412,9.14339,1.19,1.00
2014.08.25 16:56:53.100,9.1412,9.14339,1.19,1.00
2014.08.25 16:56:54.624,9.1412,9.14339,1.00,1.00
2014.08.25 16:56:56.636,9.14109,9.14339,1.19,1.00
2014.08.25 16:56:57.591,9.14109,9.14339,1.19,1.00
2014.08.25 16:57:00.898,9.14109,9.14339,1.19,1.00
2014.08.25 16:57:01.910,9.14109,9.14339,1.19,1.00
2014.08.25 16:57:03.303,9.14109,9.14339,1.19,1.00
2014.08.25 16:57:03.745,9.14109,9.14332,1.19,1.00
2014.08.25 16:57:04.605,9.14109,9.14332,1.19,1.00
2014.08.25 16:57:05.607,9.14109,9.14332,1.19,1.00
2014.08.25 16:57:06.645,9.14109,9.14332,1.19,1.00
2014.08.25 16:57:07.731,9.14109,9.14332,1.19,1.00
2014.08.25 16:57:11.418,9.14109,9.14332,1.19,1.00
2014.08.25 16:57:13.021,9.14105,9.14332,1.19,1.00
2014.08.25 16:57:14.975,9.14105,9.14332,1.19,1.00
2014.08.25 16:57:16.662,9.14105,9.14332,1.19,1.00
2014.08.25 16:57:18.131,9.14108,9.14332,1.19,1.00
2014.08.25 16:57:20.935,9.14108,9.14332,1.19,1.00
2014.08.25 16:57:22.391,9.14121,9.14332,1.00,1.00
2014.08.25 16:57:22.492,9.14121,9.14344,1.25,1.00
2014.08.25 16:57:23.113,9.14097,9.14332,1.19,1.00
2014.08.25 16:57:23.641,9.14097,9.14332,1.19,1.00
2014.08.25 16:57:24.884,9.14097,9.14332,1.19,1.00
2014.08.25 16:57:28.895,9.14097,9.14332,1.19,1.00
2014.08.25 16:57:31.964,9.14097,9.14332,1.19,1.00
2014.08.25 16:57:34.883,9.14097,9.14332,1.19,1.00
2014.08.25 16:57:36.373,9.14097,9.14332,1.19,1.00
2014.08.25 16:57:37.905,9.14097,9.14332,1.19,1.00
2014.08.25 16:57:38.248,9.14097,9.14321,1.19,1.00
2014.08.25 16:57:38.299,9.14097,9.14334,1.19,1.00
2014.08.25 16:57:38.911,9.14099,9.14334,1.19,1.00
2014.08.25 16:57:40.571,9.14118,9.14334,1.19,1.00
2014.08.25 16:57:41.777,9.14118,9.14346,1.19,1.00
2014.08.25 16:57:43.813,9.14118,9.14346,1.19,1.00
2014.08.25 16:57:44.495,9.14107,9.14334,1.19,1.00
2014.08.25 16:57:44.798,9.14106,9.14334,1.19,1.00
2014.08.25 16:57:45.791,9.14106,9.14334,1.19,1.00
2014.08.25 16:57:46.884,9.14106,9.14334,1.19,1.00
2014.08.25 16:57:48.913,9.14106,9.14334,1.19,1.00
2014.08.25 16:57:50.393,9.141,9.14334,1.19,1.00
2014.08.25 16:57:51.892,9.141,9.14334,1.19,1.00
2014.08.25 16:57:54.633,9.141,9.14334,1.19,1.00
2014.08.25 16:57:55.600,9.141,9.14334,1.19,1.00
2014.08.25 16:57:56.615,9.14111,9.14334,1.19,1.00
2014.08.25 16:57:57.850,9.14111,9.14334,1.19,1.00
2014.08.25 16:58:00.610,9.14111,9.14334,1.19,1.00
2014.08.25 16:58:03.563,9.14111,9.14334,1.19,1.00
2014.08.25 16:58:04.581,9.14113,9.14336,1.19,1.00
2014.08.25 16:58:06.421,9.14113,9.14336,1.19,1.00
2014.08.25 16:58:07.465,9.14113,9.14336,1.19,1.00
2014.08.25 16:58:07.722,9.14113,9.14349,1.19,1.00
2014.08.25 16:58:08.402,9.14134,9.14349,1.00,1.00
2014.08.25 16:58:08.709,9.14134,9.14349,1.19,1.00
2014.08.25 16:58:10.212,9.14134,9.14362,1.19,1.00
2014.08.25 16:58:10.414,9.14134,9.1435,1.19,1.00
2014.08.25 16:58:10.465,9.14134,9.1435,1.00,1.00
2014.08.25 16:58:10.785,9.14111,9.14339,1.19,1.00
2014.08.25 16:58:11.189,9.14132,9.14351,1.19,1.00
2014.08.25 16:58:11.291,9.14132,9.1434,1.19,1.00
2014.08.25 16:58:14.587,9.14132,9.1434,1.19,1.00
2014.08.25 16:58:14.689,9.14132,9.14351,1.19,1.00
2014.08.25 16:58:15.646,9.14132,9.14351,1.19,1.00
2014.08.25 16:58:17.242,9.14109,9.1434,1.19,1.00
2014.08.25 16:58:17.647,9.14107,9.14327,1.19,1.00
2014.08.25 16:58:17.749,9.14128,9.14341,1.19,1.00
2014.08.25 16:58:17.850,9.14128,9.14353,1.19,1.00
2014.08.25 16:58:18.648,9.14128,9.14353,1.19,1.00
2014.08.25 16:58:19.046,9.14128,9.14364,1.19,1.00
2014.08.25 16:58:19.198,9.1415,9.14364,1.00,1.00
2014.08.25 16:58:21.114,9.1413,9.14364,1.19,1.00
2014.08.25 16:58:21.165,9.1413,9.14364,1.00,1.19
2014.08.25 16:58:21.216,9.14126,9.14353,1.00,1.00
2014.08.25 16:58:21.519,9.14126,9.14341,1.00,1.00
2014.08.25 16:58:22.324,9.14126,9.14354,1.00,1.00
2014.08.25 16:58:22.656,9.14126,9.14354,1.19,1.00
2014.08.25 16:58:27.464,9.14126,9.14354,1.19,1.00
2014.08.25 16:58:28.967,9.1413,9.14354,1.19,1.00
2014.08.25 16:58:29.735,9.1413,9.14342,1.19,1.00
2014.08.25 16:58:31.070,9.1413,9.14342,1.25,1.00
2014.08.25 16:58:32.101,9.1413,9.14342,1.19,1.00
2014.08.25 16:58:33.177,9.1413,9.14342,1.25,1.00
2014.08.25 16:58:34.750,9.1413,9.14356,1.25,1.00
2014.08.25 16:58:35.583,9.1413,9.14356,1.19,1.00
2014.08.25 16:58:36.273,9.1413,9.14344,1.19,1.00
2014.08.25 16:58:36.586,9.1413,9.14344,1.25,1.00
2014.08.25 16:58:36.738,9.1413,9.14356,1.25,1.00
2014.08.25 16:58:39.666,9.14132,9.14356,1.00,1.00
2014.08.25 16:58:39.768,9.14132,9.14358,1.00,1.00
2014.08.25 16:58:40.183,9.14132,9.14342,1.00,1.00
2014.08.25 16:58:41.731,9.14132,9.14357,1.19,1.00
2014.08.25 16:58:42.263,9.14132,9.14341,1.19,1.00
2014.08.25 16:58:42.948,9.14132,9.14341,1.00,1.00
2014.08.25 16:58:45.459,9.14134,9.14341,1.00,1.00
2014.08.25 16:58:48.975,9.14134,9.14353,1.00,1.00
2014.08.25 16:58:49.913,9.14134,9.14353,1.19,1.00
2014.08.25 16:58:51.015,9.14134,9.14353,1.00,1.00
2014.08.25 16:58:52.073,9.14133,9.14353,1.00,1.00
2014.08.25 16:58:52.124,9.14133,9.14337,1.00,1.00
2014.08.25 16:58:52.377,9.14133,9.14349,1.00,1.00
2014.08.25 16:58:58.429,9.14129,9.14349,1.19,1.00
2014.08.25 16:58:59.035,9.14129,9.14349,1.19,1.00
2014.08.25 16:58:59.497,9.14129,9.14336,1.19,1.00
2014.08.25 16:59:00.044,9.14129,9.14336,1.19,1.00
2014.08.25 16:59:01.539,9.14129,9.1435,1.19,1.00
2014.08.25 16:59:02.242,9.14129,9.1435,1.19,1.00
2014.08.25 16:59:03.291,9.14129,9.1435,1.19,1.00
2014.08.25 16:59:04.247,9.1413,9.1435,1.19,1.00
2014.08.25 16:59:05.095,9.1413,9.14338,1.19,1.00
2014.08.25 16:59:05.297,9.1413,9.14349,1.19,1.00
2014.08.25 16:59:06.350,9.1413,9.14349,1.19,1.00
2014.08.25 16:59:06.952,9.14088,9.14337,1.19,1.00
2014.08.25 16:59:08.281,9.14099,9.14337,2.10,1.00
2014.08.25 16:59:08.382,9.14139,9.14371,1.00,1.00
2014.08.25 16:59:08.433,9.14161,9.14371,1.00,1.00
2014.08.25 16:59:08.485,9.14161,9.14388,1.00,1.19
2014.08.25 16:59:09.357,9.14161,9.144,1.00,1.19
2014.08.25 16:59:10.358,9.14161,9.144,1.00,1.19
2014.08.25 16:59:12.762,9.14161,9.144,1.00,1.19
2014.08.25 16:59:13.770,9.14161,9.144,1.00,1.19
2014.08.25 16:59:14.131,9.14172,9.144,1.00,1.19
2014.08.25 16:59:15.210,9.14172,9.144,1.00,1.00
2014.08.25 16:59:29.130,9.14172,9.14406,1.00,1.00
2014.08.25 16:59:29.295,9.14172,9.14406,1.00,1.19
2014.08.25 16:59:30.698,9.14172,9.14406,1.00,1.19
2014.08.25 16:59:30.799,9.14176,9.14406,1.00,1.19
2014.08.25 16:59:32.045,9.14176,9.14406,1.00,1.19
2014.08.25 16:59:35.208,9.14176,9.14406,1.00,1.19
2014.08.25 16:59:36.610,9.14176,9.14406,1.00,1.19
2014.08.25 16:59:38.228,9.14176,9.14406,1.00,1.19
2014.08.25 16:59:39.433,9.14176,9.14406,1.00,1.19
2014.08.25 16:59:41.519,9.14176,9.14406,1.00,1.19
2014.08.25 16:59:45.427,9.14176,9.14406,1.00,1.25
2014.08.25 16:59:46.829,9.14176,9.14406,1.00,1.19
2014.08.25 16:59:51.139,9.14176,9.14405,1.00,1.19
2014.08.25 16:59:53.474,9.14176,9.14405,1.00,1.19
2014.08.25 16:59:54.984,9.14176,9.14405,1.00,1.19
2014.08.25 16:59:57.676,9.14176,9.14405,1.00,1.19
2014.08.25 16:59:58.756,9.14176,9.14405,1.00,1.19
