2012.02.02 13:00:00.222,8.85156,8.85236,2.25,1.50
2012.02.02 13:00:00.307,8.8518,8.85292,2.25,1.40
2012.02.02 13:00:00.385,8.8518,8.85303,2.25,1.40
2012.02.02 13:00:00.463,8.85168,8.85292,1.50,2.90
2012.02.02 13:00:01.464,8.85174,8.853,1.50,2.25
2012.02.02 13:00:03.186,8.85174,8.853,1.50,1.50
2012.02.02 13:00:03.257,8.85152,8.85276,1.50,1.50
2012.02.02 13:00:03.446,8.85137,8.85263,1.50,1.50
2012.02.02 13:00:11.905,8.8512,8.85246,1.50,1.50
2012.02.02 13:00:12.583,8.85109,8.85233,1.50,1.50
2012.02.02 13:00:12.790,8.85113,8.85239,1.50,1.50
2012.02.02 13:00:13.458,8.85125,8.85251,1.50,1.50
2012.02.02 13:00:14.152,8.85133,8.85259,1.50,1.50
2012.02.02 13:00:16.695,8.85132,8.85256,1.50,1.50
2012.02.02 13:00:23.303,8.85124,8.85248,1.50,1.50
2012.02.02 13:00:23.887,8.85114,8.8524,1.50,1.50
2012.02.02 13:00:26.113,8.85123,8.85247,1.50,1.50
2012.02.02 13:00:26.955,8.85131,8.85255,1.50,1.50
2012.02.02 13:00:29.419,8.85149,8.85273,1.50,1.50
2012.02.02 13:00:29.807,8.85137,8.85263,1.50,1.50
2012.02.02 13:00:31.063,8.85145,8.85271,1.50,1.50
2012.02.02 13:00:31.842,8.85136,8.8526,1.50,1.50
2012.02.02 13:00:32.387,8.85143,8.85269,1.50,1.50
2012.02.02 13:00:39.266,8.85135,8.85261,1.50,1.50
2012.02.02 13:00:42.387,8.85123,8.85249,2.33,1.50
2012.02.02 13:00:43.357,8.85135,8.85259,1.50,1.50
2012.02.02 13:00:45.838,8.85118,8.85242,2.33,1.50
2012.02.02 13:00:48.308,8.85126,8.8525,1.95,1.50
2012.02.02 13:00:49.073,8.85126,8.8525,1.50,1.50
2012.02.02 13:01:00.487,8.85136,8.85262,1.50,1.50
2012.02.02 13:01:01.043,8.85146,8.85272,1.50,1.50
2012.02.02 13:01:02.227,8.8513,8.85254,1.50,1.50
2012.02.02 13:01:07.989,8.8514,8.85266,1.50,1.50
2012.02.02 13:01:11.150,8.8514,8.85266,1.95,2.33
2012.02.02 13:01:15.169,8.85133,8.85257,1.50,1.50
2012.02.02 13:01:16.759,8.85133,8.85198,1.50,1.20
2012.02.02 13:01:16.833,8.85099,8.85198,1.50,1.20
2012.02.02 13:01:17.298,8.85091,8.85198,1.95,1.20
2012.02.02 13:01:18.077,8.85091,8.85215,1.50,2.25
2012.02.02 13:01:18.145,8.85101,8.85215,2.21,2.25
2012.02.02 13:01:18.219,8.85176,8.853,2.25,2.25
2012.02.02 13:01:18.428,8.85132,8.85229,1.46,1.50
2012.02.02 13:01:19.149,8.85099,8.85223,2.36,2.25
2012.02.02 13:01:19.232,8.85176,8.853,2.25,2.25
2012.02.02 13:01:19.489,8.85176,8.853,1.50,2.25
2012.02.02 13:01:19.748,8.85176,8.853,1.50,2.25
2012.02.02 13:01:19.961,8.85159,8.85283,1.50,2.25
2012.02.02 13:01:22.627,8.85172,8.85296,1.50,2.25
2012.02.02 13:01:23.296,8.85178,8.85302,1.50,2.25
2012.02.02 13:01:23.839,8.8517,8.85294,1.50,2.25
2012.02.02 13:01:25.177,8.8517,8.85294,2.25,2.25
2012.02.02 13:01:27.229,8.8517,8.85294,1.50,2.25
2012.02.02 13:01:27.729,8.85161,8.85287,1.50,2.25
2012.02.02 13:01:28.302,8.85176,8.85302,2.25,2.25
2012.02.02 13:01:30.748,8.85153,8.85277,2.25,1.50
2012.02.02 13:01:33.619,8.85161,8.85287,2.25,2.25
2012.02.02 13:01:42.286,8.85154,8.85278,2.25,1.50
2012.02.02 13:01:43.395,8.85145,8.85269,2.25,1.50
2012.02.02 13:01:46.718,8.85185,8.85309,2.25,2.25
2012.02.02 13:01:50.719,8.85158,8.85282,2.25,1.50
2012.02.02 13:01:55.389,8.85147,8.85273,2.25,1.50
2012.02.02 13:01:56.042,8.85136,8.8526,2.25,1.50
2012.02.02 13:01:57.301,8.85144,8.85268,2.25,1.50
2012.02.02 13:01:57.809,8.85144,8.85268,2.25,1.50
2012.02.02 13:01:58.024,8.8513,8.85256,2.25,1.50
2012.02.02 13:01:58.809,8.85155,8.85279,2.25,1.50
2012.02.02 13:02:00.696,8.85139,8.85265,2.25,1.50
2012.02.02 13:02:02.932,8.85147,8.85273,2.25,1.50
2012.02.02 13:02:04.092,8.85164,8.85288,2.25,2.25
2012.02.02 13:02:05.529,8.85154,8.85278,2.25,1.50
2012.02.02 13:02:07.890,8.85175,8.85301,2.25,2.25
2012.02.02 13:02:10.222,8.85155,8.85281,2.25,1.50
2012.02.02 13:02:11.301,8.85155,8.85281,2.25,1.50
2012.02.02 13:02:12.218,8.85155,8.85281,2.25,1.50
2012.02.02 13:02:18.326,8.85146,8.85272,2.25,1.50
2012.02.02 13:02:20.376,8.85146,8.85272,2.25,1.50
2012.02.02 13:02:20.639,8.85146,8.85272,2.25,1.50
2012.02.02 13:02:24.625,8.85154,8.8528,2.25,1.50
2012.02.02 13:02:26.097,8.85154,8.8528,2.25,1.50
2012.02.02 13:02:26.497,8.85154,8.8528,2.25,1.50
2012.02.02 13:02:39.881,8.85158,8.85272,1.50,1.50
2012.02.02 13:02:45.383,8.85158,8.85279,1.50,1.50
2012.02.02 13:02:48.164,8.85165,8.85289,2.25,2.25
2012.02.02 13:02:52.896,8.85152,8.85278,2.25,1.50
2012.02.02 13:02:58.287,8.85152,8.85278,2.25,1.50
2012.02.02 13:02:58.551,8.85152,8.85278,2.25,1.50
2012.02.02 13:03:00.021,8.85141,8.85265,2.25,1.50
2012.02.02 13:03:00.878,8.85151,8.85275,2.25,1.50
2012.02.02 13:03:01.910,8.85138,8.85262,2.25,1.50
2012.02.02 13:03:02.909,8.85145,8.85271,2.25,1.50
2012.02.02 13:03:04.804,8.85158,8.85278,1.50,1.50
2012.02.02 13:03:07.505,8.85166,8.8529,2.25,1.50
2012.02.02 13:03:07.847,8.85158,8.8527,1.50,1.50
2012.02.02 13:03:09.451,8.85158,8.85279,1.50,1.50
2012.02.02 13:03:12.913,8.85158,8.85279,1.50,1.50
2012.02.02 13:03:13.061,8.85158,8.85262,1.50,1.50
2012.02.02 13:03:13.541,8.85158,8.85247,1.50,1.50
2012.02.02 13:03:17.080,8.85158,8.85247,1.50,1.50
2012.02.02 13:03:19.009,8.85158,8.85239,1.50,1.50
2012.02.02 13:03:21.641,8.85158,8.85238,1.50,1.50
2012.02.02 13:03:24.846,8.85158,8.85238,1.50,1.50
2012.02.02 13:03:24.975,8.85158,8.85238,1.50,1.50
2012.02.02 13:03:27.059,8.85158,8.85249,1.50,1.50
2012.02.02 13:03:27.649,8.85158,8.85257,1.50,1.50
2012.02.02 13:03:29.435,8.85158,8.85257,1.50,1.50
2012.02.02 13:03:29.509,8.85158,8.85282,3.00,1.50
2012.02.02 13:03:29.941,8.85169,8.85293,2.25,1.50
2012.02.02 13:03:30.920,8.85169,8.85293,2.25,1.50
2012.02.02 13:03:31.852,8.85169,8.85293,2.25,1.50
2012.02.02 13:03:53.034,8.85169,8.85293,2.25,1.50
2012.02.02 13:03:53.114,8.85176,8.85302,2.25,1.50
2012.02.02 13:03:54.695,8.85168,8.85294,2.25,1.50
2012.02.02 13:03:59.827,8.85168,8.85294,2.25,2.33
2012.02.02 13:04:00.213,8.85168,8.85294,2.21,2.33
2012.02.02 13:04:00.291,8.85226,8.85352,1.50,2.40
2012.02.02 13:04:00.361,8.85226,8.85352,1.50,1.50
2012.02.02 13:04:00.433,8.85237,8.85363,1.50,1.50
2012.02.02 13:04:00.746,8.85249,8.85373,2.25,1.50
2012.02.02 13:04:01.338,8.85224,8.85317,2.25,1.50
2012.02.02 13:04:01.867,8.85248,8.85374,2.25,1.50
2012.02.02 13:04:02.370,8.85262,8.85388,2.25,2.33
2012.02.02 13:04:09.677,8.85267,8.85382,1.50,1.50
2012.02.02 13:04:10.948,8.8527,8.85445,1.50,1.40
2012.02.02 13:04:11.024,8.85326,8.8545,2.25,2.25
2012.02.02 13:04:11.101,8.85326,8.8545,2.25,1.50
2012.02.02 13:04:11.177,8.85347,8.85471,2.25,1.50
2012.02.02 13:04:11.249,8.85356,8.85482,2.25,1.50
2012.02.02 13:04:11.531,8.85422,8.85546,2.25,1.50
2012.02.02 13:04:11.680,8.85432,8.85556,2.25,1.50
2012.02.02 13:04:12.213,8.85432,8.85556,2.25,1.50
2012.02.02 13:04:12.541,8.85423,8.85547,2.25,1.50
2012.02.02 13:04:13.158,8.85488,8.85614,1.50,1.50
2012.02.02 13:04:13.696,8.85496,8.85622,1.50,1.50
2012.02.02 13:04:14.437,8.85482,8.85608,1.50,1.50
2012.02.02 13:04:14.757,8.85507,8.85608,1.50,1.50
2012.02.02 13:04:15.832,8.85507,8.85616,1.50,1.50
2012.02.02 13:04:16.361,8.8549,8.85616,2.25,2.25
2012.02.02 13:04:18.618,8.85499,8.85623,2.25,2.25
2012.02.02 13:04:20.047,8.85499,8.85623,2.25,1.50
2012.02.02 13:04:20.331,8.85499,8.85623,2.25,1.50
2012.02.02 13:04:20.698,8.8555,8.85642,1.50,1.40
2012.02.02 13:04:20.923,8.85544,8.85642,2.25,1.40
2012.02.02 13:04:22.777,8.85528,8.85642,2.25,1.40
2012.02.02 13:04:26.447,8.85505,8.85631,2.25,2.25
2012.02.02 13:04:26.590,8.85528,8.85631,1.50,1.50
2012.02.02 13:04:26.661,8.85528,8.85631,1.50,1.50
2012.02.02 13:04:27.238,8.85528,8.85619,1.50,1.50
2012.02.02 13:04:28.029,8.85528,8.85611,1.50,1.50
2012.02.02 13:04:28.171,8.85528,8.85623,1.50,1.50
2012.02.02 13:04:30.064,8.85528,8.85632,1.50,1.50
2012.02.02 13:04:30.277,8.85528,8.85641,1.50,1.50
2012.02.02 13:04:31.364,8.85528,8.85654,3.00,2.15
2012.02.02 13:04:32.425,8.85528,8.85645,1.50,2.15
2012.02.02 13:04:32.858,8.85528,8.85645,1.50,2.15
2012.02.02 13:04:33.457,8.85528,8.85645,1.50,2.15
2012.02.02 13:04:33.531,8.85528,8.85645,1.50,2.15
2012.02.02 13:04:33.667,8.85528,8.85645,1.50,2.15
2012.02.02 13:04:36.409,8.85528,8.85629,1.50,1.50
2012.02.02 13:04:36.557,8.85528,8.85619,1.50,1.50
2012.02.02 13:04:36.985,8.85528,8.85627,1.50,1.50
2012.02.02 13:04:37.975,8.85528,8.85644,1.50,2.15
2012.02.02 13:04:42.974,8.85528,8.85652,2.25,2.15
2012.02.02 13:04:43.051,8.85548,8.85672,1.50,2.15
2012.02.02 13:04:43.237,8.85539,8.85665,1.50,2.15
2012.02.02 13:04:43.308,8.85539,8.85665,2.25,2.15
2012.02.02 13:04:45.728,8.85562,8.85686,1.50,2.15
2012.02.02 13:04:45.805,8.85552,8.85676,2.25,2.15
2012.02.02 13:04:46.755,8.85564,8.85677,1.50,1.10
2012.02.02 13:04:47.114,8.85582,8.85706,1.50,2.15
2012.02.02 13:04:47.804,8.85574,8.85667,1.50,1.10
2012.02.02 13:04:47.888,8.85555,8.85667,1.50,1.10
2012.02.02 13:04:48.420,8.85547,8.85667,2.25,1.10
2012.02.02 13:04:48.993,8.85547,8.85667,2.25,1.10
2012.02.02 13:04:50.712,8.85531,8.85655,2.25,2.15
2012.02.02 13:04:50.860,8.85531,8.85655,1.50,2.15
2012.02.02 13:04:50.927,8.85531,8.85655,2.25,2.15
2012.02.02 13:04:51.171,8.85535,8.85661,1.50,2.15
2012.02.02 13:04:52.497,8.85527,8.85645,1.50,2.15
2012.02.02 13:04:52.786,8.85531,8.85657,1.50,2.15
2012.02.02 13:04:53.140,8.85531,8.85642,2.25,1.48
2012.02.02 13:04:53.273,8.85527,8.85642,1.20,1.48
2012.02.02 13:04:54.332,8.85522,8.85645,1.20,2.15
2012.02.02 13:04:54.407,8.85521,8.85645,1.95,2.15
2012.02.02 13:04:54.761,8.85529,8.85653,1.50,2.15
2012.02.02 13:04:55.801,8.85536,8.85662,1.50,2.15
2012.02.02 13:04:56.237,8.85536,8.85642,1.50,1.48
2012.02.02 13:04:57.781,8.85527,8.85642,2.70,1.48
2012.02.02 13:04:58.835,8.85529,8.85642,1.50,1.48
2012.02.02 13:04:59.038,8.85529,8.85647,2.33,1.10
2012.02.02 13:04:59.621,8.85544,8.85647,1.50,1.10
2012.02.02 13:04:59.994,8.85508,8.85632,3.08,1.50
2012.02.02 13:05:00.756,8.85498,8.85623,1.58,1.50
2012.02.02 13:05:01.099,8.85499,8.85625,2.33,1.50
2012.02.02 13:05:01.378,8.85508,8.85632,2.33,1.50
2012.02.02 13:05:01.850,8.85516,8.8564,2.33,1.50
2012.02.02 13:05:03.308,8.85524,8.85648,1.50,2.15
2012.02.02 13:05:04.859,8.85537,8.85661,1.50,2.15
2012.02.02 13:05:05.420,8.85527,8.85653,1.50,2.15
2012.02.02 13:05:08.393,8.85517,8.85641,2.33,1.50
2012.02.02 13:05:09.149,8.8553,8.85656,1.50,2.15
2012.02.02 13:05:09.532,8.8554,8.85664,1.50,2.15
2012.02.02 13:05:11.955,8.85529,8.85653,1.50,2.15
2012.02.02 13:05:13.059,8.85536,8.85662,1.50,2.15
2012.02.02 13:05:14.225,8.85536,8.85662,1.50,1.50
2012.02.02 13:05:17.610,8.85526,8.8565,1.50,1.50
2012.02.02 13:05:20.937,8.85534,8.85658,1.50,1.50
2012.02.02 13:05:21.960,8.85548,8.85674,1.50,1.50
2012.02.02 13:05:26.189,8.85541,8.85665,1.50,1.50
2012.02.02 13:05:28.912,8.85548,8.85674,1.50,1.50
2012.02.02 13:05:29.293,8.85541,8.85665,1.50,1.50
2012.02.02 13:05:29.631,8.85526,8.8565,1.50,1.50
2012.02.02 13:05:31.277,8.85535,8.85659,1.50,1.50
2012.02.02 13:05:31.612,8.85549,8.85673,1.50,1.50
2012.02.02 13:05:32.634,8.85541,8.85665,1.50,1.50
2012.02.02 13:05:40.631,8.85533,8.85657,1.50,1.50
2012.02.02 13:05:41.461,8.85525,8.85649,1.50,1.50
2012.02.02 13:05:42.948,8.85513,8.85639,2.33,1.50
2012.02.02 13:05:44.366,8.85521,8.85647,1.95,1.50
2012.02.02 13:05:44.910,8.85531,8.85655,1.50,1.50
2012.02.02 13:05:44.985,8.85524,8.8565,1.50,1.50
2012.02.02 13:05:48.952,8.8554,8.85664,1.50,1.50
2012.02.02 13:05:49.708,8.85529,8.85655,1.50,1.50
2012.02.02 13:05:56.903,8.8551,8.85636,2.33,1.50
2012.02.02 13:05:57.689,8.85518,8.85644,1.95,1.50
2012.02.02 13:05:59.175,8.85526,8.85652,1.50,1.50
2012.02.02 13:06:01.833,8.85535,8.85659,1.50,1.50
2012.02.02 13:06:07.687,8.85542,8.85668,1.50,1.50
2012.02.02 13:06:08.740,8.8555,8.85676,1.50,1.50
2012.02.02 13:06:11.974,8.85561,8.85687,1.50,2.33
2012.02.02 13:06:12.947,8.85553,8.85679,1.50,1.95
2012.02.02 13:06:14.057,8.85546,8.8567,1.50,1.50
2012.02.02 13:06:15.650,8.85537,8.85661,1.50,1.50
2012.02.02 13:06:15.779,8.85528,8.85654,1.50,1.50
2012.02.02 13:06:24.767,8.85538,8.85662,1.50,1.50
2012.02.02 13:06:28.488,8.85546,8.85672,1.50,1.50
2012.02.02 13:06:32.444,8.8554,8.85666,1.50,1.50
2012.02.02 13:06:32.804,8.85558,8.85682,2.25,1.95
2012.02.02 13:06:33.614,8.85566,8.85692,1.50,2.33
2012.02.02 13:06:34.421,8.85558,8.85684,2.25,2.33
2012.02.02 13:06:34.563,8.85558,8.85684,2.25,2.33
2012.02.02 13:06:35.200,8.8558,8.85704,1.50,2.33
2012.02.02 13:06:35.334,8.8557,8.85694,1.50,2.33
2012.02.02 13:06:35.484,8.85553,8.85677,2.25,1.50
2012.02.02 13:06:35.621,8.85562,8.85686,1.50,2.33
2012.02.02 13:06:36.976,8.85553,8.85679,2.25,1.95
2012.02.02 13:06:38.172,8.85546,8.8567,2.25,1.50
2012.02.02 13:06:40.005,8.85538,8.85662,2.25,1.50
2012.02.02 13:06:42.786,8.85551,8.85677,2.25,1.50
2012.02.02 13:06:43.368,8.85543,8.85669,2.25,1.50
2012.02.02 13:06:44.207,8.85539,8.85663,2.25,1.50
2012.02.02 13:06:45.328,8.85539,8.85663,1.50,1.50
2012.02.02 13:06:45.438,8.85539,8.85663,2.25,1.50
2012.02.02 13:06:48.302,8.85539,8.85665,2.25,1.50
2012.02.02 13:06:51.759,8.85528,8.85654,2.25,1.50
2012.02.02 13:06:54.887,8.85537,8.85661,2.25,1.50
2012.02.02 13:06:56.032,8.85526,8.85652,2.25,1.50
2012.02.02 13:07:00.929,8.85535,8.85659,2.25,1.50
2012.02.02 13:07:02.961,8.85546,8.8567,2.25,1.50
2012.02.02 13:07:04.143,8.8553,8.85654,2.25,1.50
2012.02.02 13:07:04.222,8.8553,8.85654,2.25,1.50
2012.02.02 13:07:04.556,8.85522,8.85645,1.20,1.50
2012.02.02 13:07:06.051,8.85528,8.85652,2.25,1.50
2012.02.02 13:07:09.108,8.85542,8.85668,1.50,1.50
2012.02.02 13:07:09.589,8.8555,8.85676,1.50,1.50
2012.02.02 13:07:11.525,8.85542,8.85666,1.50,1.50
2012.02.02 13:07:17.536,8.85533,8.85657,1.50,1.50
2012.02.02 13:07:21.594,8.85525,8.85649,1.50,1.50
2012.02.02 13:07:22.734,8.85525,8.85649,2.33,1.95
2012.02.02 13:07:28.178,8.85515,8.85641,2.33,1.50
2012.02.02 13:07:33.755,8.85528,8.85649,1.58,1.95
2012.02.02 13:07:35.154,8.85528,8.8564,1.58,1.50
2012.02.02 13:07:35.237,8.85528,8.85648,1.58,1.95
2012.02.02 13:07:35.600,8.85528,8.85632,1.58,1.50
2012.02.02 13:07:36.839,8.85528,8.85641,1.58,1.50
2012.02.02 13:07:37.477,8.85537,8.85663,2.33,2.33
2012.02.02 13:07:45.517,8.85528,8.85644,1.58,1.50
2012.02.02 13:07:46.631,8.8553,8.85656,2.33,2.33
2012.02.02 13:07:52.924,8.85551,8.85675,1.50,2.33
2012.02.02 13:07:53.818,8.85542,8.85668,1.95,2.33
2012.02.02 13:07:58.045,8.85509,8.85635,2.33,1.50
2012.02.02 13:08:01.504,8.85517,8.85643,2.33,1.50
2012.02.02 13:08:02.128,8.85541,8.85665,1.95,2.33
2012.02.02 13:08:09.278,8.85521,8.85645,2.33,1.50
2012.02.02 13:08:11.591,8.85512,8.85638,2.33,1.50
2012.02.02 13:08:16.799,8.8552,8.85646,2.33,1.50
2012.02.02 13:08:18.270,8.85531,8.85655,2.33,2.33
2012.02.02 13:08:24.165,8.85506,8.85618,1.50,1.50
2012.02.02 13:08:24.236,8.85492,8.85618,1.50,1.50
2012.02.02 13:08:24.366,8.85492,8.85643,1.61,1.50
2012.02.02 13:08:24.628,8.8555,8.85618,1.50,1.50
2012.02.02 13:08:24.698,8.85532,8.85618,1.50,1.50
2012.02.02 13:08:25.161,8.85532,8.85618,2.25,1.50
2012.02.02 13:08:25.236,8.85577,8.85701,1.50,2.25
2012.02.02 13:08:25.898,8.85577,8.85701,1.61,2.25
2012.02.02 13:08:26.028,8.85593,8.85711,2.21,1.50
2012.02.02 13:08:26.098,8.85658,8.85784,1.50,1.50
2012.02.02 13:08:28.107,8.85741,8.85867,2.25,2.25
2012.02.02 13:08:28.180,8.85741,8.85867,2.25,1.50
2012.02.02 13:08:28.607,8.85749,8.85875,2.25,1.50
2012.02.02 13:08:28.755,8.8577,8.85894,1.50,2.25
2012.02.02 13:08:28.840,8.85759,8.85883,1.50,2.25
2012.02.02 13:08:29.112,8.85771,8.85895,1.50,2.25
2012.02.02 13:08:29.389,8.8576,8.85886,1.50,2.25
2012.02.02 13:08:30.318,8.85769,8.85893,1.50,2.25
2012.02.02 13:08:34.882,8.85756,8.85882,2.25,1.50
2012.02.02 13:08:35.233,8.85828,8.85882,3.00,1.50
2012.02.02 13:08:35.312,8.85891,8.86003,1.50,1.40
2012.02.02 13:08:35.465,8.85816,8.85937,1.46,2.25
2012.02.02 13:08:35.616,8.8578,8.85924,1.88,2.25
2012.02.02 13:08:36.114,8.85783,8.8591,1.13,2.25
2012.02.02 13:08:36.198,8.85757,8.85899,1.50,2.25
2012.02.02 13:08:37.027,8.85755,8.85879,2.25,2.25
2012.02.02 13:08:38.482,8.85759,8.85883,2.25,2.25
2012.02.02 13:08:39.943,8.85759,8.85883,2.25,2.25
2012.02.02 13:08:40.627,8.85777,8.85876,1.50,2.25
2012.02.02 13:08:40.700,8.85881,8.86006,1.50,1.40
2012.02.02 13:08:40.771,8.8584,8.86006,2.25,2.15
2012.02.02 13:08:40.900,8.85881,8.8599,1.50,2.10
2012.02.02 13:08:40.968,8.85851,8.8599,1.50,2.10
2012.02.02 13:08:41.110,8.8582,8.85986,1.50,2.18
2012.02.02 13:08:41.178,8.85772,8.85932,1.24,1.50
2012.02.02 13:08:42.061,8.85746,8.85912,1.61,1.50
2012.02.02 13:08:42.150,8.85775,8.85901,1.61,1.50
2012.02.02 13:08:42.756,8.85809,8.85935,1.50,1.50
2012.02.02 13:08:42.829,8.8583,8.85956,1.61,1.50
2012.02.02 13:08:42.956,8.85842,8.85968,1.61,1.58
2012.02.02 13:08:44.108,8.85856,8.8598,1.61,1.58
2012.02.02 13:08:45.803,8.85856,8.8598,1.61,1.58
2012.02.02 13:08:46.234,8.85906,8.8598,1.50,1.50
2012.02.02 13:08:46.310,8.8593,8.86056,1.50,1.95
2012.02.02 13:08:46.379,8.8593,8.8605,1.50,1.50
2012.02.02 13:08:46.571,8.8588,8.86006,1.50,2.15
2012.02.02 13:08:46.711,8.8588,8.86006,1.50,1.50
2012.02.02 13:08:46.777,8.8588,8.85944,1.50,1.50
2012.02.02 13:08:46.908,8.85855,8.85981,1.61,1.50
2012.02.02 13:08:47.467,8.85855,8.85981,2.36,1.50
2012.02.02 13:08:47.553,8.85931,8.86055,1.50,1.95
2012.02.02 13:08:48.662,8.85931,8.86048,1.50,2.10
2012.02.02 13:08:49.145,8.85905,8.8602,1.61,2.10
2012.02.02 13:08:49.227,8.85866,8.8599,1.50,1.50
2012.02.02 13:08:49.873,8.85931,8.86016,1.50,2.10
2012.02.02 13:08:50.017,8.85931,8.86055,1.50,1.95
2012.02.02 13:08:50.258,8.85955,8.86079,1.50,2.33
2012.02.02 13:08:50.521,8.85955,8.86079,2.25,2.25
2012.02.02 13:08:50.597,8.85971,8.86097,1.50,2.25
2012.02.02 13:08:51.849,8.86023,8.86132,2.33,1.20
2012.02.02 13:08:51.932,8.86,8.86124,2.33,2.25
2012.02.02 13:08:52.962,8.86038,8.86128,1.58,1.50
2012.02.02 13:08:53.178,8.86038,8.86147,1.58,2.25
2012.02.02 13:08:58.359,8.86055,8.86178,2.33,1.20
2012.02.02 13:08:58.430,8.86055,8.86153,1.50,1.20
2012.02.02 13:08:58.570,8.86047,8.86153,1.20,1.20
2012.02.02 13:08:59.187,8.86024,8.86148,2.33,2.25
2012.02.02 13:08:59.898,8.86024,8.86095,1.50,1.25
2012.02.02 13:08:59.971,8.86011,8.86095,1.50,1.25
2012.02.02 13:09:00.046,8.85987,8.86049,1.50,1.50
2012.02.02 13:09:00.117,8.85923,8.86049,1.61,1.50
2012.02.02 13:09:00.187,8.85974,8.86074,1.50,1.50
2012.02.02 13:09:00.259,8.85974,8.86098,1.50,2.10
2012.02.02 13:09:01.151,8.85974,8.86098,1.50,1.50
2012.02.02 13:09:01.220,8.85982,8.86108,1.50,1.50
2012.02.02 13:09:07.047,8.85975,8.86099,1.50,1.50
2012.02.02 13:09:11.923,8.85967,8.86091,1.50,1.50
2012.02.02 13:09:12.839,8.85974,8.861,1.50,1.50
2012.02.02 13:09:15.585,8.85974,8.861,1.50,2.33
2012.02.02 13:09:16.140,8.85983,8.86109,1.50,2.33
2012.02.02 13:09:17.284,8.85998,8.86124,1.50,2.33
2012.02.02 13:09:17.502,8.8598,8.86104,1.50,1.50
2012.02.02 13:09:17.723,8.8598,8.86104,1.61,1.50
2012.02.02 13:09:17.871,8.86055,8.86176,1.61,1.43
2012.02.02 13:09:19.222,8.86055,8.86179,1.61,1.50
2012.02.02 13:09:19.371,8.86074,8.862,1.61,1.50
2012.02.02 13:09:19.579,8.86126,8.86252,1.61,1.50
2012.02.02 13:09:19.796,8.86136,8.8626,1.50,1.50
2012.02.02 13:09:20.148,8.86144,8.86268,1.50,1.50
2012.02.02 13:09:20.253,8.86134,8.8626,1.50,1.50
2012.02.02 13:09:20.910,8.86143,8.86267,1.50,1.50
2012.02.02 13:09:22.848,8.86152,8.86278,1.50,2.25
2012.02.02 13:09:23.524,8.86194,8.86281,1.61,2.10
2012.02.02 13:09:23.717,8.86121,8.86206,1.24,1.50
2012.02.02 13:09:23.860,8.86108,8.86206,1.61,1.50
2012.02.02 13:09:23.927,8.86141,8.86281,1.50,2.10
2012.02.02 13:09:24.002,8.86222,8.86281,1.50,2.10
2012.02.02 13:09:24.082,8.86166,8.86281,1.50,2.10
2012.02.02 13:09:24.416,8.86166,8.8629,2.21,1.50
2012.02.02 13:09:24.488,8.86214,8.8634,1.50,1.50
2012.02.02 13:09:24.617,8.8623,8.86354,1.50,1.88
2012.02.02 13:09:24.937,8.8623,8.86351,2.25,1.13
2012.02.02 13:09:26.043,8.86216,8.86342,2.25,2.25
2012.02.02 13:09:26.335,8.86228,8.86351,1.58,1.13
2012.02.02 13:09:28.658,8.86226,8.86351,2.33,1.13
2012.02.02 13:09:29.013,8.86236,8.86354,2.33,1.13
2012.02.02 13:09:30.193,8.86201,8.86327,2.33,2.25
2012.02.02 13:09:30.847,8.86194,8.86235,2.43,1.50
2012.02.02 13:09:30.990,8.86121,8.86235,1.50,2.15
2012.02.02 13:09:31.058,8.86063,8.86144,1.98,1.50
2012.02.02 13:09:31.127,8.86124,8.86169,2.25,1.50
2012.02.02 13:09:31.200,8.86124,8.86235,2.25,1.50
2012.02.02 13:09:31.272,8.86124,8.86235,1.50,1.50
2012.02.02 13:09:31.736,8.86116,8.86235,1.50,1.50
2012.02.02 13:09:32.357,8.8613,8.86235,1.50,1.50
2012.02.02 13:09:32.702,8.86141,8.86235,1.50,1.50
2012.02.02 13:09:32.849,8.86141,8.86242,1.50,2.25
2012.02.02 13:09:32.980,8.86141,8.86265,1.50,1.50
2012.02.02 13:09:33.524,8.86149,8.86273,1.50,1.50
2012.02.02 13:09:36.006,8.86171,8.86295,1.50,1.50
2012.02.02 13:09:36.926,8.86171,8.86295,1.50,2.25
2012.02.02 13:09:36.997,8.86115,8.86239,2.25,2.25
2012.02.02 13:09:37.069,8.861,8.86226,2.25,1.50
2012.02.02 13:09:37.207,8.8616,8.86286,1.50,1.50
2012.02.02 13:09:37.337,8.86175,8.86299,1.50,1.50
2012.02.02 13:09:37.639,8.86167,8.86291,1.50,1.50
2012.02.02 13:09:42.573,8.86186,8.8631,1.50,2.25
2012.02.02 13:09:42.713,8.86172,8.86296,1.50,1.50
2012.02.02 13:09:43.841,8.86172,8.86296,1.95,2.33
2012.02.02 13:09:44.158,8.86151,8.86275,2.33,2.25
2012.02.02 13:09:46.396,8.86143,8.86267,1.50,2.25
2012.02.02 13:09:46.465,8.85952,8.86163,2.25,3.00
2012.02.02 13:09:46.656,8.85893,8.86059,2.25,2.25
2012.02.02 13:09:47.238,8.85906,8.86072,2.25,2.25
2012.02.02 13:09:47.872,8.85917,8.86043,2.25,2.25
2012.02.02 13:09:48.817,8.85921,8.86045,2.25,2.25
2012.02.02 13:09:49.820,8.85921,8.86045,2.25,2.25
2012.02.02 13:09:50.846,8.85921,8.86045,2.25,2.25
2012.02.02 13:09:51.351,8.85921,8.86045,2.25,2.25
2012.02.02 13:09:51.490,8.85888,8.86012,2.36,2.25
2012.02.02 13:09:52.028,8.85888,8.86012,1.50,2.25
2012.02.02 13:09:52.104,8.85884,8.8601,1.50,2.25
2012.02.02 13:09:52.178,8.85868,8.85992,1.50,2.25
2012.02.02 13:09:53.586,8.85858,8.85984,1.50,2.25
2012.02.02 13:09:54.095,8.85858,8.85984,2.25,2.25
2012.02.02 13:09:54.238,8.8594,8.86104,1.50,2.25
2012.02.02 13:09:54.595,8.8597,8.86136,1.50,2.25
2012.02.02 13:09:56.846,8.8599,8.86116,2.25,2.25
2012.02.02 13:09:58.095,8.85983,8.86107,2.25,2.25
2012.02.02 13:09:58.845,8.85983,8.86107,2.25,2.25
2012.02.02 13:10:01.916,8.85921,8.86047,2.36,2.25
2012.02.02 13:10:02.425,8.85908,8.86034,2.25,2.25
2012.02.02 13:10:02.737,8.85918,8.86042,2.25,2.25
2012.02.02 13:10:05.040,8.85906,8.8603,2.25,2.25
2012.02.02 13:10:08.267,8.85918,8.86042,2.25,2.25
2012.02.02 13:10:09.879,8.85926,8.8605,2.25,2.25
2012.02.02 13:10:15.750,8.8594,8.86066,2.25,2.25
2012.02.02 13:10:15.889,8.8594,8.86066,1.50,2.25
2012.02.02 13:10:15.960,8.85931,8.86057,2.25,2.25
2012.02.02 13:10:16.268,8.85931,8.86057,2.25,2.25
2012.02.02 13:10:16.528,8.85926,8.8605,2.25,2.25
2012.02.02 13:10:17.821,8.85915,8.86039,2.25,2.25
2012.02.02 13:10:18.895,8.85904,8.86028,2.25,2.25
2012.02.02 13:10:18.965,8.85894,8.86018,2.25,1.50
2012.02.02 13:10:19.730,8.85886,8.8601,2.25,1.50
2012.02.02 13:10:20.323,8.85886,8.8601,2.25,1.50
2012.02.02 13:10:20.396,8.85886,8.8601,2.25,1.50
2012.02.02 13:10:21.491,8.85886,8.8601,2.25,1.50
2012.02.02 13:10:24.228,8.859,8.86024,2.25,2.25
2012.02.02 13:10:37.447,8.85903,8.86027,2.25,2.25
2012.02.02 13:10:38.164,8.85934,8.8606,2.25,2.25
2012.02.02 13:10:38.455,8.85934,8.8606,2.25,2.25
2012.02.02 13:10:41.399,8.85911,8.86035,2.25,2.25
2012.02.02 13:10:41.468,8.85923,8.86047,2.10,1.50
2012.02.02 13:10:41.911,8.8593,8.86056,2.10,1.50
2012.02.02 13:10:42.404,8.8594,8.86064,1.50,1.50
2012.02.02 13:10:43.224,8.85932,8.86056,1.50,1.50
2012.02.02 13:10:44.402,8.85923,8.86049,1.50,1.50
2012.02.02 13:10:45.164,8.85932,8.86056,1.50,1.50
2012.02.02 13:10:45.500,8.85952,8.86076,1.50,1.50
2012.02.02 13:10:45.863,8.85917,8.86043,2.33,1.50
2012.02.02 13:10:46.970,8.85927,8.86051,2.33,1.50
2012.02.02 13:10:48.860,8.8595,8.86074,2.33,1.50
2012.02.02 13:10:49.388,8.85927,8.86051,2.33,1.50
2012.02.02 13:10:50.029,8.85938,8.86062,2.33,1.50
2012.02.02 13:10:52.624,8.85925,8.86051,2.33,1.50
2012.02.02 13:10:52.976,8.859,8.86026,2.33,1.50
2012.02.02 13:10:53.334,8.859,8.86026,1.50,1.50
2012.02.02 13:10:53.410,8.859,8.86026,2.25,1.50
2012.02.02 13:10:54.505,8.86006,8.8606,1.50,1.50
2012.02.02 13:10:54.620,8.86021,8.86187,1.50,1.50
2012.02.02 13:10:56.852,8.86018,8.86142,1.50,1.50
2012.02.02 13:10:57.159,8.86027,8.86151,1.50,1.50
2012.02.02 13:10:57.556,8.86035,8.86159,1.50,1.50
2012.02.02 13:10:59.221,8.86042,8.86168,1.50,1.50
2012.02.02 13:11:03.454,8.8605,8.86176,1.50,1.50
2012.02.02 13:11:03.813,8.86068,8.86192,1.50,2.33
2012.02.02 13:11:04.622,8.86057,8.86183,1.50,1.50
2012.02.02 13:11:06.397,8.86043,8.86169,1.50,1.50
2012.02.02 13:11:06.725,8.86031,8.86155,1.95,1.50
2012.02.02 13:11:07.904,8.86017,8.86141,2.33,1.50
2012.02.02 13:11:08.206,8.86007,8.86131,2.43,1.50
2012.02.02 13:11:09.225,8.86014,8.8614,2.33,1.50
2012.02.02 13:11:09.711,8.86022,8.86148,2.33,1.50
2012.02.02 13:11:11.385,8.86031,8.86155,1.95,1.50
2012.02.02 13:11:12.987,8.86023,8.86147,2.33,1.50
2012.02.02 13:11:14.675,8.86036,8.8616,1.50,1.50
2012.02.02 13:11:15.154,8.86054,8.8618,1.50,1.50
2012.02.02 13:11:15.481,8.86045,8.86169,1.50,1.50
2012.02.02 13:11:15.788,8.86054,8.86178,1.50,1.50
2012.02.02 13:11:17.905,8.86034,8.8616,1.50,1.50
2012.02.02 13:11:23.745,8.86043,8.86167,1.50,1.50
2012.02.02 13:11:31.265,8.86055,8.86179,1.50,1.50
2012.02.02 13:11:33.073,8.86047,8.86171,1.50,1.50
2012.02.02 13:11:36.678,8.86054,8.8618,1.50,1.50
2012.02.02 13:11:44.127,8.86054,8.8618,2.36,1.50
2012.02.02 13:11:44.198,8.86088,8.86212,2.25,1.50
2012.02.02 13:11:44.328,8.86096,8.8622,2.25,1.50
2012.02.02 13:11:44.518,8.86103,8.86229,2.25,2.25
2012.02.02 13:11:44.586,8.86103,8.86229,2.25,1.50
2012.02.02 13:11:44.717,8.86103,8.86229,2.25,1.50
2012.02.02 13:11:49.413,8.86103,8.86229,2.25,2.25
2012.02.02 13:11:50.990,8.86112,8.86238,1.50,2.25
2012.02.02 13:11:57.000,8.86112,8.86231,2.33,1.20
2012.02.02 13:11:57.549,8.86112,8.86231,2.33,1.20
2012.02.02 13:12:04.397,8.86117,8.8623,1.58,1.50
2012.02.02 13:12:10.124,8.86104,8.8623,2.33,2.25
2012.02.02 13:12:23.850,8.86105,8.8621,1.95,1.20
2012.02.02 13:12:23.922,8.86105,8.8621,1.95,1.20
2012.02.02 13:12:24.898,8.86102,8.8621,1.95,1.20
2012.02.02 13:12:24.971,8.86102,8.86226,2.33,2.25
2012.02.02 13:12:25.229,8.86102,8.86206,1.50,1.35
2012.02.02 13:12:25.298,8.86091,8.86206,2.33,1.35
2012.02.02 13:12:26.820,8.86081,8.862,2.33,1.20
2012.02.02 13:12:28.869,8.86081,8.86205,2.33,2.33
2012.02.02 13:12:33.154,8.86088,8.86202,1.58,1.20
2012.02.02 13:12:33.374,8.86088,8.86202,1.58,1.35
2012.02.02 13:12:33.723,8.86117,8.86225,1.58,1.65
2012.02.02 13:12:33.862,8.86099,8.86225,2.25,2.48
2012.02.02 13:12:33.941,8.86099,8.86225,2.25,2.48
2012.02.02 13:12:34.078,8.86075,8.86182,1.95,1.35
2012.02.02 13:12:35.496,8.86068,8.86182,1.58,1.28
2012.02.02 13:12:35.718,8.86068,8.86185,1.58,1.28
2012.02.02 13:12:36.050,8.85993,8.86117,2.13,2.25
2012.02.02 13:12:36.122,8.85993,8.86117,1.50,2.25
2012.02.02 13:12:36.202,8.85985,8.86109,1.50,2.25
2012.02.02 13:12:36.348,8.85967,8.86093,3.00,2.25
2012.02.02 13:12:38.891,8.85967,8.86093,3.00,2.25
2012.02.02 13:12:39.516,8.85967,8.86093,3.00,2.25
2012.02.02 13:12:42.148,8.85988,8.86093,1.50,1.58
2012.02.02 13:12:42.593,8.85967,8.86085,1.50,1.50
2012.02.02 13:12:43.302,8.85959,8.86085,2.25,2.25
2012.02.02 13:12:47.011,8.85951,8.86076,1.20,1.50
2012.02.02 13:12:52.668,8.85959,8.86083,2.25,1.50
2012.02.02 13:12:53.288,8.85951,8.86074,1.20,1.50
2012.02.02 13:12:57.152,8.8596,8.86084,2.25,1.50
2012.02.02 13:12:59.857,8.8596,8.86084,2.25,1.50
2012.02.02 13:13:01.182,8.85951,8.86075,1.20,1.50
2012.02.02 13:13:05.634,8.85951,8.86066,1.20,1.50
2012.02.02 13:13:07.521,8.85951,8.86074,1.20,1.50
2012.02.02 13:13:11.172,8.85959,8.86083,2.25,1.50
2012.02.02 13:13:14.455,8.85951,8.86076,1.20,1.50
2012.02.02 13:13:17.194,8.85951,8.86068,1.20,1.50
2012.02.02 13:13:17.511,8.85951,8.86054,1.20,1.50
2012.02.02 13:13:17.983,8.85889,8.86013,2.36,1.50
2012.02.02 13:13:18.064,8.85889,8.86013,2.25,1.50
2012.02.02 13:13:18.142,8.85877,8.86003,2.25,1.50
2012.02.02 13:13:18.282,8.85857,8.85981,2.25,1.50
2012.02.02 13:13:22.307,8.85843,8.85969,2.25,1.50
2012.02.02 13:13:25.700,8.85852,8.85978,2.25,1.50
2012.02.02 13:13:25.890,8.85877,8.85988,1.58,1.50
2012.02.02 13:13:25.956,8.85885,8.85988,1.20,1.50
2012.02.02 13:13:26.938,8.85897,8.85988,1.68,1.50
2012.02.02 13:13:27.009,8.85897,8.85998,1.68,1.50
2012.02.02 13:13:27.080,8.85897,8.86007,1.68,1.50
2012.02.02 13:13:27.413,8.85897,8.85997,1.68,1.50
2012.02.02 13:13:28.467,8.85897,8.86014,1.68,1.95
2012.02.02 13:13:31.139,8.85897,8.86003,1.68,1.50
2012.02.02 13:13:32.041,8.85897,8.86017,1.68,2.33
2012.02.02 13:13:32.700,8.85897,8.86003,1.68,1.50
2012.02.02 13:13:33.323,8.85897,8.86012,1.68,1.95
2012.02.02 13:13:42.989,8.85897,8.86011,1.31,2.33
2012.02.02 13:13:43.332,8.85896,8.86003,1.20,1.95
2012.02.02 13:13:43.679,8.85886,8.86003,1.20,2.33
2012.02.02 13:13:44.231,8.85878,8.85983,1.20,1.50
2012.02.02 13:13:44.430,8.8586,8.85983,1.20,2.33
2012.02.02 13:13:44.763,8.85856,8.85968,1.20,2.33
2012.02.02 13:13:45.779,8.85851,8.85968,1.20,2.33
2012.02.02 13:13:47.223,8.85851,8.8595,1.20,1.50
2012.02.02 13:13:48.140,8.85851,8.85943,1.20,1.50
2012.02.02 13:14:01.916,8.85851,8.85958,1.20,1.95
2012.02.02 13:14:02.110,8.85851,8.8595,1.20,1.50
2012.02.02 13:14:02.828,8.85851,8.8594,1.20,1.50
2012.02.02 13:14:03.970,8.85851,8.85931,1.20,1.50
2012.02.02 13:14:07.546,8.85851,8.85919,1.20,1.50
2012.02.02 13:14:11.464,8.85851,8.8591,1.20,1.50
2012.02.02 13:14:12.299,8.85851,8.85928,1.20,1.50
2012.02.02 13:14:14.146,8.85851,8.85924,1.20,1.50
2012.02.02 13:14:16.437,8.85851,8.85933,1.20,1.50
2012.02.02 13:14:16.713,8.85851,8.85923,1.20,1.50
2012.02.02 13:14:18.474,8.85851,8.85926,1.20,1.50
2012.02.02 13:14:20.339,8.85851,8.85945,1.20,2.25
2012.02.02 13:14:23.760,8.85851,8.85936,1.20,1.50
2012.02.02 13:14:25.635,8.85851,8.85924,1.20,1.50
2012.02.02 13:14:25.768,8.85851,8.85914,1.20,1.50
2012.02.02 13:14:27.581,8.85826,8.85922,1.20,1.50
2012.02.02 13:14:27.863,8.85826,8.85922,1.20,2.25
2012.02.02 13:14:28.249,8.85821,8.85922,1.20,1.50
2012.02.02 13:14:28.388,8.85821,8.85913,1.20,1.50
2012.02.02 13:14:30.496,8.85821,8.85902,1.20,1.50
2012.02.02 13:14:34.077,8.85826,8.85915,1.20,1.50
2012.02.02 13:14:34.293,8.85826,8.85903,1.20,1.50
2012.02.02 13:14:34.444,8.85826,8.85916,1.20,1.50
2012.02.02 13:14:38.390,8.85826,8.85927,1.20,1.50
2012.02.02 13:14:38.542,8.85826,8.85917,1.20,1.50
2012.02.02 13:14:40.630,8.85826,8.85908,1.20,1.50
2012.02.02 13:14:41.365,8.85826,8.85925,1.20,1.50
2012.02.02 13:14:43.058,8.85826,8.85926,1.20,1.50
2012.02.02 13:14:43.430,8.85826,8.85918,1.20,1.50
2012.02.02 13:14:44.747,8.85826,8.85932,1.20,1.95
2012.02.02 13:14:44.962,8.85826,8.85921,1.20,1.50
2012.02.02 13:14:45.382,8.85826,8.85913,1.20,1.50
2012.02.02 13:14:46.876,8.85825,8.85843,1.20,1.50
2012.02.02 13:14:47.010,8.8575,8.85834,1.20,1.50
2012.02.02 13:14:47.219,8.8571,8.85834,1.50,2.25
2012.02.02 13:14:47.289,8.85678,8.85804,2.25,1.50
2012.02.02 13:14:47.601,8.85668,8.85792,2.25,1.50
2012.02.02 13:14:47.929,8.85659,8.85785,2.25,1.50
2012.02.02 13:14:48.979,8.85651,8.85777,2.70,1.50
2012.02.02 13:14:49.757,8.85651,8.85768,1.20,1.50
2012.02.02 13:14:50.508,8.85651,8.85747,1.20,1.50
2012.02.02 13:14:50.647,8.85651,8.85761,1.20,1.50
2012.02.02 13:14:52.682,8.85657,8.85781,2.25,1.50
2012.02.02 13:14:53.118,8.85651,8.85773,1.20,1.50
2012.02.02 13:14:53.733,8.85657,8.85781,2.25,1.50
2012.02.02 13:14:54.777,8.85651,8.85774,1.20,1.50
2012.02.02 13:14:55.997,8.85651,8.85763,1.20,1.50
2012.02.02 13:14:56.762,8.8566,8.85784,2.25,1.50
2012.02.02 13:14:57.378,8.85651,8.8576,1.20,1.50
2012.02.02 13:14:58.588,8.85652,8.85778,2.25,1.50
2012.02.02 13:14:58.805,8.85651,8.85769,1.20,1.50
2012.02.02 13:14:59.519,8.85669,8.85793,2.25,2.25
2012.02.02 13:14:59.625,8.8566,8.85755,1.50,1.20
2012.02.02 13:14:59.774,8.85578,8.85689,1.61,1.50
2012.02.02 13:15:00.952,8.85578,8.85654,1.61,1.50
2012.02.02 13:15:01.242,8.85573,8.85646,1.61,1.50
2012.02.02 13:15:01.617,8.85518,8.85634,1.61,1.50
2012.02.02 13:15:01.836,8.85522,8.85648,2.36,1.50
2012.02.02 13:15:02.403,8.85544,8.85668,2.36,1.50
2012.02.02 13:15:02.491,8.85552,8.85676,2.36,1.50
2012.02.02 13:15:03.092,8.8554,8.85664,2.36,1.50
2012.02.02 13:15:03.840,8.85545,8.85669,2.36,1.50
2012.02.02 13:15:03.981,8.85562,8.85725,1.46,1.50
2012.02.02 13:15:04.319,8.85603,8.85727,2.25,1.50
2012.02.02 13:15:04.535,8.85616,8.85742,2.25,1.50
2012.02.02 13:15:05.010,8.85605,8.85731,2.25,1.50
2012.02.02 13:15:05.626,8.85605,8.85731,1.50,1.50
2012.02.02 13:15:05.716,8.85546,8.85672,2.36,1.50
2012.02.02 13:15:07.046,8.85577,8.85689,1.61,1.50
2012.02.02 13:15:07.193,8.85577,8.85675,1.61,1.50
2012.02.02 13:15:07.727,8.85562,8.85658,1.61,1.50
2012.02.02 13:15:07.809,8.85564,8.8574,2.36,1.50
2012.02.02 13:15:07.900,8.85589,8.85715,2.36,1.50
2012.02.02 13:15:08.045,8.85548,8.85672,2.36,1.50
2012.02.02 13:15:08.649,8.85546,8.8567,2.36,1.50
2012.02.02 13:15:09.773,8.85511,8.85635,2.36,1.50
2012.02.02 13:15:09.867,8.85524,8.85648,2.36,1.50
2012.02.02 13:15:10.224,8.85531,8.85657,1.61,1.50
2012.02.02 13:15:11.748,8.85544,8.8567,1.61,1.50
2012.02.02 13:15:11.892,8.85532,8.85658,1.61,1.50
2012.02.02 13:15:12.845,8.85523,8.85649,2.36,1.50
2012.02.02 13:15:13.652,8.85531,8.85657,1.61,1.50
2012.02.02 13:15:16.858,8.85507,8.8563,2.36,1.50
2012.02.02 13:15:17.148,8.85517,8.85643,1.61,1.50
2012.02.02 13:15:17.426,8.85517,8.85643,1.61,1.88
2012.02.02 13:15:18.517,8.85375,8.85536,1.46,1.50
2012.02.02 13:15:21.540,8.85384,8.85508,2.36,1.50
2012.02.02 13:15:21.870,8.85358,8.85449,2.36,1.50
2012.02.02 13:15:22.072,8.85323,8.85482,2.36,1.50
2012.02.02 13:15:22.786,8.85325,8.85491,2.36,1.50
2012.02.02 13:15:22.859,8.85306,8.85475,2.36,1.50
2012.02.02 13:15:23.250,8.85306,8.85532,2.36,1.50
2012.02.02 13:15:23.320,8.8532,8.85491,2.36,1.50
2012.02.02 13:15:23.393,8.85303,8.85472,2.25,1.50
2012.02.02 13:15:24.740,8.85288,8.85459,2.25,1.50
2012.02.02 13:15:25.818,8.85304,8.85473,2.25,1.50
2012.02.02 13:15:26.019,8.85304,8.85473,2.25,1.50
2012.02.02 13:15:26.221,8.85334,8.85475,2.36,1.50
2012.02.02 13:15:26.875,8.85372,8.85496,1.50,1.50
2012.02.02 13:15:27.218,8.85396,8.8552,1.50,1.50
2012.02.02 13:15:27.549,8.85406,8.8553,1.50,1.50
2012.02.02 13:15:29.479,8.85394,8.85518,1.50,1.50
2012.02.02 13:15:30.460,8.85378,8.85504,1.50,1.50
2012.02.02 13:15:30.594,8.85365,8.85491,1.50,1.50
2012.02.02 13:15:31.366,8.85379,8.85505,1.50,1.50
2012.02.02 13:15:31.682,8.8537,8.85494,1.50,1.50
2012.02.02 13:15:32.356,8.85377,8.85503,1.50,1.50
2012.02.02 13:15:33.404,8.85391,8.85515,1.50,1.50
2012.02.02 13:15:33.682,8.85399,8.85525,1.50,1.50
2012.02.02 13:15:33.750,8.85408,8.85532,1.50,1.50
2012.02.02 13:15:34.080,8.85392,8.85516,1.50,1.50
2012.02.02 13:15:35.258,8.85381,8.85505,1.50,1.50
2012.02.02 13:15:35.591,8.85389,8.85513,1.50,1.50
2012.02.02 13:15:35.797,8.85305,8.85431,1.50,1.50
2012.02.02 13:15:35.874,8.85295,8.85419,1.50,1.50
2012.02.02 13:15:36.686,8.85287,8.85411,1.50,1.50
2012.02.02 13:15:39.191,8.85274,8.85398,2.25,1.50
2012.02.02 13:15:39.589,8.85274,8.85398,2.25,1.50
2012.02.02 13:15:39.851,8.85365,8.85531,1.50,1.50
2012.02.02 13:15:39.920,8.85374,8.8554,1.50,1.50
2012.02.02 13:15:40.831,8.85386,8.8555,1.50,1.50
2012.02.02 13:15:41.779,8.85418,8.85542,1.50,1.50
2012.02.02 13:15:46.396,8.8541,8.85534,1.50,1.50
2012.02.02 13:15:47.047,8.85423,8.85547,1.50,1.50
2012.02.02 13:15:47.390,8.85409,8.85535,1.50,1.50
2012.02.02 13:15:51.676,8.85402,8.85526,1.50,1.50
2012.02.02 13:15:54.741,8.85392,8.85518,1.50,1.50
2012.02.02 13:15:56.154,8.85401,8.85527,1.50,1.50
2012.02.02 13:15:56.482,8.8541,8.85534,1.50,1.50
2012.02.02 13:15:56.910,8.85401,8.85527,1.50,1.50
2012.02.02 13:15:59.818,8.8541,8.85534,1.50,1.50
2012.02.02 13:16:00.548,8.85417,8.85541,1.50,1.50
2012.02.02 13:16:01.208,8.85409,8.85533,1.50,1.50
2012.02.02 13:16:05.960,8.85401,8.85525,1.50,1.50
2012.02.02 13:16:14.106,8.85388,8.85514,2.25,1.50
2012.02.02 13:16:14.300,8.85466,8.8559,1.50,1.50
2012.02.02 13:16:14.724,8.85515,8.85629,2.25,1.50
2012.02.02 13:16:14.804,8.85515,8.85641,2.25,1.50
2012.02.02 13:16:15.055,8.85504,8.8563,2.25,1.50
2012.02.02 13:16:15.205,8.85515,8.85639,2.25,1.50
2012.02.02 13:16:15.420,8.85516,8.85642,2.25,1.50
2012.02.02 13:16:15.883,8.85521,8.85645,2.40,1.50
2012.02.02 13:16:16.910,8.85528,8.85654,2.25,1.50
2012.02.02 13:16:17.984,8.85528,8.85639,1.50,2.10
2012.02.02 13:16:18.065,8.85517,8.85639,1.61,2.10
2012.02.02 13:16:18.542,8.85525,8.85639,1.50,2.10
2012.02.02 13:16:18.622,8.85504,8.85702,1.46,1.50
2012.02.02 13:16:18.691,8.85504,8.85695,1.46,1.50
2012.02.02 13:16:19.142,8.85507,8.85708,2.21,2.25
2012.02.02 13:16:19.399,8.85507,8.85708,3.11,2.25
2012.02.02 13:16:19.799,8.85526,8.85708,1.01,2.25
2012.02.02 13:16:20.338,8.85526,8.85717,1.01,2.25
2012.02.02 13:16:20.972,8.85526,8.85717,1.01,2.25
2012.02.02 13:16:22.343,8.85526,8.85717,1.01,2.25
2012.02.02 13:16:22.942,8.85526,8.85717,1.01,2.25
2012.02.02 13:16:23.806,8.85526,8.85694,1.01,1.50
2012.02.02 13:16:24.108,8.85495,8.8565,1.16,2.10
2012.02.02 13:16:24.390,8.85546,8.85672,1.50,2.25
2012.02.02 13:16:24.534,8.85562,8.85756,1.35,1.10
2012.02.02 13:16:24.612,8.85606,8.85783,1.35,1.58
2012.02.02 13:16:25.147,8.85567,8.85726,2.25,1.88
2012.02.02 13:16:25.238,8.85506,8.85713,1.61,2.25
2012.02.02 13:16:25.320,8.85536,8.85701,1.61,1.50
2012.02.02 13:16:25.671,8.85504,8.8563,1.61,1.50
2012.02.02 13:16:29.087,8.85504,8.8563,1.50,1.50
2012.02.02 13:16:29.667,8.85504,8.8563,1.61,1.50
2012.02.02 13:16:30.072,8.85503,8.85627,1.61,1.50
2012.02.02 13:16:31.352,8.85542,8.85653,1.61,2.33
2012.02.02 13:16:31.431,8.85542,8.85653,1.61,1.50
2012.02.02 13:16:31.504,8.85542,8.85668,1.61,1.95
2012.02.02 13:16:31.589,8.85533,8.85659,1.61,1.50
2012.02.02 13:16:32.490,8.85541,8.85667,1.61,1.95
2012.02.02 13:16:33.055,8.85552,8.85678,1.50,2.33
2012.02.02 13:16:33.413,8.85543,8.85669,1.61,1.95
2012.02.02 13:16:34.881,8.85555,8.85679,1.50,2.33
2012.02.02 13:16:35.734,8.85541,8.85667,1.61,1.95
2012.02.02 13:16:36.997,8.85553,8.85677,1.50,2.33
2012.02.02 13:16:38.839,8.85543,8.85669,1.61,1.95
2012.02.02 13:16:39.837,8.85543,8.85669,1.61,1.50
2012.02.02 13:16:40.780,8.85543,8.85669,1.61,1.95
2012.02.02 13:16:41.332,8.85548,8.85674,1.50,2.33
2012.02.02 13:16:42.857,8.85558,8.85682,1.50,2.33
2012.02.02 13:16:47.102,8.85566,8.8569,1.50,2.33
2012.02.02 13:16:50.874,8.85576,8.85702,1.50,2.33
2012.02.02 13:16:52.382,8.85566,8.8569,1.50,2.33
2012.02.02 13:16:54.312,8.85576,8.857,1.50,2.33
2012.02.02 13:16:54.821,8.85563,8.85689,1.50,2.33
2012.02.02 13:16:55.775,8.85575,8.85701,1.50,2.33
2012.02.02 13:16:58.901,8.85575,8.85701,1.50,2.33
2012.02.02 13:16:59.090,8.85498,8.85622,2.25,2.33
2012.02.02 13:16:59.228,8.85479,8.85605,1.50,2.33
2012.02.02 13:16:59.297,8.85461,8.85585,1.95,2.33
2012.02.02 13:16:59.429,8.85476,8.85585,1.20,1.95
2012.02.02 13:17:00.778,8.85461,8.85585,2.33,1.95
2012.02.02 13:17:03.820,8.85457,8.85574,1.58,1.50
2012.02.02 13:17:04.883,8.85457,8.85573,1.58,1.50
2012.02.02 13:17:05.651,8.85476,8.85573,1.20,1.50
2012.02.02 13:17:06.506,8.85476,8.85585,1.20,1.95
2012.02.02 13:17:10.997,8.85476,8.85577,1.20,1.50
2012.02.02 13:17:12.780,8.85476,8.85576,1.20,1.50
2012.02.02 13:17:17.502,8.85476,8.85585,1.20,1.95
2012.02.02 13:17:19.238,8.85476,8.85571,1.20,1.50
2012.02.02 13:17:19.338,8.85458,8.85571,1.58,1.50
2012.02.02 13:17:20.298,8.85458,8.8558,1.58,1.50
2012.02.02 13:17:25.416,8.85458,8.85561,1.58,1.50
2012.02.02 13:17:25.684,8.85458,8.85569,1.58,1.50
2012.02.02 13:17:31.063,8.85476,8.85569,1.20,1.50
2012.02.02 13:17:34.779,8.85476,8.85559,1.20,1.50
2012.02.02 13:17:34.991,8.85476,8.85561,1.20,1.50
2012.02.02 13:17:41.888,8.85458,8.85561,1.58,1.50
2012.02.02 13:17:46.372,8.85458,8.85576,1.58,1.50
2012.02.02 13:17:47.681,8.85458,8.85564,1.58,1.50
2012.02.02 13:17:48.393,8.85476,8.85564,1.20,1.50
2012.02.02 13:17:49.862,8.85457,8.85564,1.58,1.50
2012.02.02 13:17:56.213,8.85476,8.85564,1.20,1.50
2012.02.02 13:17:56.782,8.85476,8.85555,1.20,1.50
2012.02.02 13:17:57.400,8.85458,8.85555,1.58,1.50
2012.02.02 13:18:00.864,8.85458,8.8557,1.58,1.50
2012.02.02 13:18:01.467,8.85458,8.85561,1.58,1.50
2012.02.02 13:18:19.065,8.85458,8.85574,1.58,1.50
2012.02.02 13:18:22.651,8.85476,8.85574,1.20,1.50
2012.02.02 13:18:23.004,8.85476,8.85558,1.20,1.50
2012.02.02 13:18:24.389,8.85476,8.85583,1.20,1.95
2012.02.02 13:18:26.988,8.85476,8.85578,1.20,1.50
2012.02.02 13:18:28.910,8.85476,8.85565,1.20,1.50
2012.02.02 13:18:30.264,8.85476,8.85554,1.20,1.50
2012.02.02 13:18:31.078,8.85476,8.85561,1.20,1.50
2012.02.02 13:18:31.701,8.85476,8.85583,1.20,1.95
2012.02.02 13:18:31.904,8.85476,8.85571,1.20,1.50
2012.02.02 13:18:39.900,8.85476,8.85583,1.20,1.95
2012.02.02 13:18:40.336,8.85476,8.85573,1.20,1.50
2012.02.02 13:18:41.437,8.85476,8.85561,1.20,1.50
2012.02.02 13:18:44.630,8.85476,8.85573,1.20,1.50
2012.02.02 13:18:56.175,8.85476,8.85588,1.20,2.33
2012.02.02 13:18:56.393,8.85476,8.85577,1.20,1.50
2012.02.02 13:18:58.279,8.85476,8.85563,1.20,1.50
2012.02.02 13:18:58.780,8.85476,8.85571,1.20,1.50
2012.02.02 13:18:58.905,8.85488,8.85571,1.58,1.50
2012.02.02 13:18:58.980,8.85458,8.85582,2.33,1.50
2012.02.02 13:19:02.471,8.85466,8.8559,2.33,1.50
2012.02.02 13:19:02.806,8.85455,8.85581,2.33,1.50
2012.02.02 13:19:10.376,8.85455,8.85581,2.33,1.50
2012.02.02 13:19:11.331,8.85442,8.85559,1.43,1.50
2012.02.02 13:19:11.470,8.85443,8.85567,2.33,1.50
2012.02.02 13:19:11.702,8.85442,8.85559,1.43,1.50
2012.02.02 13:19:12.728,8.85442,8.85566,2.93,1.50
2012.02.02 13:19:14.098,8.8545,8.85574,2.33,1.50
2012.02.02 13:19:16.116,8.85459,8.85583,2.33,1.50
2012.02.02 13:19:16.377,8.85467,8.85593,2.33,1.50
2012.02.02 13:19:18.003,8.85452,8.85576,2.33,1.50
2012.02.02 13:19:22.966,8.85459,8.85585,2.33,1.50
2012.02.02 13:19:24.208,8.85442,8.85566,2.93,1.50
2012.02.02 13:19:24.489,8.85442,8.85566,2.93,1.50
2012.02.02 13:19:24.560,8.85454,8.8558,2.33,1.50
2012.02.02 13:19:26.079,8.85454,8.8558,2.33,2.10
2012.02.02 13:19:26.147,8.85454,8.85571,1.50,1.35
2012.02.02 13:19:26.219,8.85454,8.85488,1.50,1.50
2012.02.02 13:19:26.362,8.8538,8.85464,1.05,1.50
2012.02.02 13:19:26.487,8.8538,8.85515,1.16,1.50
2012.02.02 13:19:26.561,8.8544,8.8549,1.61,1.50
2012.02.02 13:19:26.628,8.85464,8.85553,1.50,1.50
2012.02.02 13:19:26.699,8.85411,8.85555,1.50,1.50
2012.02.02 13:19:26.836,8.85437,8.85578,1.50,1.50
2012.02.02 13:19:26.967,8.85407,8.85553,2.25,1.50
2012.02.02 13:19:27.458,8.85407,8.85533,1.50,2.15
2012.02.02 13:19:27.588,8.85397,8.85521,1.50,1.50
2012.02.02 13:19:27.717,8.85343,8.85467,1.50,1.50
2012.02.02 13:19:29.170,8.85331,8.85457,1.50,1.50
2012.02.02 13:19:30.039,8.85307,8.85431,2.25,1.50
2012.02.02 13:19:30.167,8.85307,8.85431,1.50,1.50
2012.02.02 13:19:32.690,8.85299,8.85423,1.50,1.50
2012.02.02 13:19:36.268,8.8529,8.85416,1.50,1.50
2012.02.02 13:19:38.253,8.85303,8.85429,1.50,1.50
2012.02.02 13:19:40.449,8.85295,8.85421,1.50,1.50
2012.02.02 13:19:45.080,8.85295,8.85421,2.25,1.50
2012.02.02 13:19:45.288,8.85303,8.85429,2.25,1.50
2012.02.02 13:19:46.334,8.85295,8.85421,2.25,1.50
2012.02.02 13:19:47.122,8.85287,8.85411,2.25,1.50
2012.02.02 13:19:49.462,8.85304,8.85428,2.25,1.50
2012.02.02 13:19:49.600,8.85312,8.85438,1.50,1.50
2012.02.02 13:19:50.488,8.85305,8.85429,2.25,1.50
2012.02.02 13:19:51.301,8.85305,8.85429,2.25,1.50
2012.02.02 13:19:51.439,8.85329,8.85453,1.50,1.50
2012.02.02 13:19:51.530,8.8532,8.85446,2.25,1.50
2012.02.02 13:19:52.301,8.8531,8.85436,2.25,1.50
2012.02.02 13:19:53.237,8.85303,8.85427,2.25,1.50
2012.02.02 13:19:53.428,8.85311,8.85435,2.25,1.50
2012.02.02 13:19:53.970,8.85303,8.85427,2.25,1.50
2012.02.02 13:19:54.313,8.85303,8.85427,2.25,1.50
2012.02.02 13:19:56.266,8.85289,8.85415,2.25,1.50
2012.02.02 13:19:56.458,8.85299,8.85423,2.25,1.50
2012.02.02 13:19:57.923,8.85291,8.85415,2.25,1.50
2012.02.02 13:20:02.991,8.85291,8.85415,1.50,1.50
2012.02.02 13:20:04.233,8.8528,8.85406,2.25,1.50
2012.02.02 13:20:06.925,8.8528,8.85406,2.25,1.50
2012.02.02 13:20:10.399,8.85287,8.85406,1.58,1.50
2012.02.02 13:20:12.637,8.8528,8.85406,2.33,1.50
2012.02.02 13:20:12.707,8.85296,8.85422,2.33,1.50
2012.02.02 13:20:13.813,8.85296,8.85422,2.33,1.95
2012.02.02 13:20:14.008,8.85288,8.85414,3.08,1.50
2012.02.02 13:20:19.018,8.8528,8.85404,2.33,1.50
2012.02.02 13:20:26.803,8.85267,8.85393,3.18,1.50
2012.02.02 13:20:28.777,8.85275,8.85401,2.33,1.50
2012.02.02 13:20:38.676,8.85267,8.85391,2.33,1.50
2012.02.02 13:20:38.877,8.85267,8.85391,2.33,2.33
2012.02.02 13:20:39.020,8.85258,8.85384,3.08,1.50
2012.02.02 13:20:39.159,8.85246,8.8537,2.25,2.10
2012.02.02 13:20:39.228,8.85231,8.85355,1.50,1.50
2012.02.02 13:20:39.427,8.85208,8.85334,1.61,1.50
2012.02.02 13:20:39.678,8.85216,8.85342,1.50,1.50
2012.02.02 13:20:49.469,8.85207,8.85331,1.61,1.50
2012.02.02 13:20:52.213,8.85197,8.85323,1.61,1.50
2012.02.02 13:20:57.930,8.85206,8.8533,1.61,1.50
2012.02.02 13:21:00.486,8.85216,8.8534,1.50,1.50
2012.02.02 13:21:00.797,8.85208,8.85332,1.61,1.50
2012.02.02 13:21:05.061,8.85221,8.85345,1.50,2.25
2012.02.02 13:21:07.449,8.85213,8.85337,1.50,1.50
2012.02.02 13:21:07.639,8.85203,8.85327,1.61,1.50
2012.02.02 13:21:08.183,8.85212,8.85336,1.50,1.50
2012.02.02 13:21:09.057,8.8522,8.85344,1.50,2.25
2012.02.02 13:21:11.423,8.85212,8.85336,1.50,1.50
2012.02.02 13:21:12.331,8.85228,8.85354,1.50,2.25
2012.02.02 13:21:12.745,8.85221,8.85345,1.50,2.25
2012.02.02 13:21:14.358,8.85212,8.85338,1.50,1.50
2012.02.02 13:21:20.239,8.852,8.85324,1.61,1.50
2012.02.02 13:21:20.801,8.85209,8.85335,1.50,1.50
2012.02.02 13:21:21.170,8.85218,8.85344,1.50,1.50
2012.02.02 13:21:25.882,8.85231,8.85357,1.50,1.50
2012.02.02 13:21:26.894,8.85241,8.85367,1.50,1.50
2012.02.02 13:21:27.811,8.85241,8.85367,1.50,2.33
2012.02.02 13:21:27.893,8.85231,8.85357,1.50,2.33
2012.02.02 13:21:35.002,8.8522,8.85344,1.50,1.95
2012.02.02 13:21:37.801,8.85227,8.85353,1.50,2.33
2012.02.02 13:21:38.347,8.85242,8.85368,1.50,2.33
2012.02.02 13:21:41.059,8.85235,8.85359,1.50,2.33
2012.02.02 13:21:45.980,8.85242,8.85368,1.50,2.33
2012.02.02 13:21:50.228,8.85231,8.85357,1.50,2.33
2012.02.02 13:21:58.363,8.85214,8.8534,1.50,1.50
2012.02.02 13:21:59.149,8.85232,8.85358,1.50,2.33
2012.02.02 13:22:00.959,8.85166,8.8529,2.25,1.50
2012.02.02 13:22:01.271,8.85132,8.85258,1.88,2.25
2012.02.02 13:22:01.518,8.85132,8.85258,1.50,1.50
2012.02.02 13:22:01.973,8.85122,8.85246,1.50,2.25
2012.02.02 13:22:05.539,8.85109,8.85233,1.50,2.25
2012.02.02 13:22:07.679,8.85118,8.85242,1.50,1.50
2012.02.02 13:22:07.808,8.85107,8.85233,1.50,1.50
2012.02.02 13:22:08.001,8.85098,8.85222,1.50,1.50
2012.02.02 13:22:08.802,8.85112,8.85238,1.50,2.25
2012.02.02 13:22:13.797,8.85104,8.8523,1.50,1.50
2012.02.02 13:22:14.014,8.85095,8.85219,1.50,1.50
2012.02.02 13:22:15.608,8.85091,8.85217,1.50,1.50
2012.02.02 13:22:15.750,8.85101,8.85227,1.50,1.50
2012.02.02 13:22:16.220,8.85101,8.85227,1.50,2.25
2012.02.02 13:22:17.300,8.85089,8.85215,1.50,1.50
2012.02.02 13:22:17.428,8.85089,8.85215,2.33,2.33
2012.02.02 13:22:17.740,8.85098,8.85222,2.33,1.95
2012.02.02 13:22:19.732,8.85081,8.85205,2.43,1.50
2012.02.02 13:22:20.659,8.85088,8.85214,2.43,1.50
2012.02.02 13:22:25.381,8.85088,8.85214,2.43,1.50
2012.02.02 13:22:25.749,8.85096,8.85222,2.33,1.50
2012.02.02 13:22:26.520,8.85096,8.85222,2.33,1.95
2012.02.02 13:22:27.142,8.85077,8.85203,2.43,1.50
2012.02.02 13:22:28.390,8.85085,8.85211,2.43,1.50
2012.02.02 13:22:35.072,8.85077,8.852,1.68,1.50
2012.02.02 13:22:35.201,8.85086,8.8521,2.43,1.50
2012.02.02 13:22:35.837,8.85102,8.85222,2.33,1.20
2012.02.02 13:22:36.689,8.85087,8.85213,2.43,1.50
2012.02.02 13:22:37.329,8.85077,8.85203,2.43,1.50
2012.02.02 13:22:37.476,8.85108,8.85215,1.58,1.50
2012.02.02 13:22:39.682,8.85089,8.85215,2.25,2.33
2012.02.02 13:22:40.009,8.8507,8.85179,1.20,1.95
2012.02.02 13:22:40.199,8.8507,8.85169,1.20,1.50
2012.02.02 13:22:40.970,8.85065,8.85154,1.20,1.50
2012.02.02 13:22:41.589,8.85065,8.8515,1.20,1.50
2012.02.02 13:22:44.840,8.85024,8.8515,2.33,2.25
2012.02.02 13:23:04.518,8.85067,8.85171,1.50,1.20
2012.02.02 13:23:05.603,8.85058,8.85171,2.33,1.20
2012.02.02 13:23:19.399,8.85032,8.85156,2.25,2.25
2012.02.02 13:23:19.856,8.85032,8.85156,2.25,2.25
2012.02.02 13:23:19.949,8.85037,8.85111,1.50,1.50
2012.02.02 13:23:21.267,8.85017,8.85103,1.50,1.50
2012.02.02 13:23:24.177,8.85012,8.85136,1.50,1.50
2012.02.02 13:23:24.311,8.85025,8.85149,1.50,1.50
2012.02.02 13:23:25.153,8.85025,8.85149,2.25,1.50
2012.02.02 13:23:25.656,8.85016,8.85142,2.25,1.50
2012.02.02 13:23:25.990,8.85018,8.85132,1.50,1.50
2012.02.02 13:23:27.296,8.85028,8.85141,1.50,1.50
2012.02.02 13:23:28.532,8.85037,8.85152,1.50,1.50
2012.02.02 13:23:28.672,8.85037,8.85143,1.50,1.50
2012.02.02 13:23:29.676,8.85017,8.85131,1.50,1.50
2012.02.02 13:23:32.205,8.85017,8.85123,1.50,1.50
2012.02.02 13:23:32.998,8.85017,8.85131,1.50,1.50
2012.02.02 13:23:35.052,8.85017,8.85108,1.50,1.50
2012.02.02 13:23:36.240,8.85011,8.85118,1.20,1.50
2012.02.02 13:23:36.367,8.85011,8.85126,1.20,1.50
2012.02.02 13:23:36.843,8.85011,8.85137,2.70,1.50
2012.02.02 13:23:37.959,8.85011,8.85137,2.70,1.50
2012.02.02 13:23:38.708,8.8502,8.85144,1.50,1.50
2012.02.02 13:23:38.879,8.8502,8.85144,2.25,1.50
2012.02.02 13:23:39.412,8.85028,8.85154,2.25,1.50
2012.02.02 13:23:41.969,8.85036,8.85162,1.50,1.50
2012.02.02 13:23:42.314,8.85036,8.85162,2.25,1.50
2012.02.02 13:23:42.392,8.85052,8.85176,1.50,1.50
2012.02.02 13:23:42.867,8.85043,8.85169,2.25,1.50
2012.02.02 13:23:45.094,8.85034,8.8516,2.25,1.50
2012.02.02 13:23:45.176,8.85023,8.85149,2.25,1.50
2012.02.02 13:23:52.634,8.85014,8.85138,2.25,1.50
2012.02.02 13:23:55.288,8.85027,8.85147,1.50,1.50
2012.02.02 13:24:01.589,8.85011,8.85136,1.20,1.50
2012.02.02 13:24:01.662,8.8501,8.85136,1.95,1.50
2012.02.02 13:24:03.560,8.85011,8.85136,1.20,1.50
2012.02.02 13:24:03.799,8.85022,8.85148,2.25,1.50
2012.02.02 13:24:04.868,8.85022,8.85148,1.50,1.50
2012.02.02 13:24:04.998,8.85022,8.85148,2.25,1.50
2012.02.02 13:24:05.247,8.85022,8.85148,1.50,1.50
2012.02.02 13:24:06.114,8.85009,8.85133,1.95,1.50
2012.02.02 13:24:06.980,8.85017,8.85141,1.50,1.50
2012.02.02 13:24:08.500,8.85025,8.85149,1.50,1.50
2012.02.02 13:24:09.770,8.85155,8.85292,2.10,1.50
2012.02.02 13:24:09.902,8.85155,8.85315,2.10,1.50
2012.02.02 13:24:09.970,8.85105,8.85315,1.50,1.50
2012.02.02 13:24:10.430,8.8513,8.85248,1.50,1.50
2012.02.02 13:24:10.506,8.85057,8.85223,1.50,1.50
2012.02.02 13:24:10.665,8.85073,8.85237,1.50,1.50
2012.02.02 13:24:11.011,8.85102,8.85226,1.50,1.50
2012.02.02 13:24:16.231,8.85109,8.85235,1.50,1.50
2012.02.02 13:24:21.570,8.851,8.85224,1.50,1.50
2012.02.02 13:24:26.041,8.85107,8.85233,1.50,1.50
2012.02.02 13:24:28.244,8.85099,8.85225,1.50,1.50
2012.02.02 13:24:28.588,8.85108,8.85232,1.50,1.50
2012.02.02 13:24:31.897,8.85075,8.85201,1.50,2.25
2012.02.02 13:24:38.099,8.85067,8.85193,1.50,2.25
2012.02.02 13:24:50.701,8.85067,8.85193,1.50,2.25
2012.02.02 13:24:50.771,8.85055,8.85179,1.61,2.25
2012.02.02 13:24:58.015,8.85045,8.85169,1.61,1.50
2012.02.02 13:24:58.446,8.85035,8.85159,1.61,1.50
2012.02.02 13:25:00.494,8.85043,8.85167,1.61,1.50
2012.02.02 13:25:05.979,8.85057,8.85183,1.61,2.25
2012.02.02 13:25:10.936,8.85057,8.85183,1.50,2.25
2012.02.02 13:25:19.541,8.85068,8.85192,1.50,2.25
2012.02.02 13:25:20.526,8.85068,8.85192,2.33,2.25
2012.02.02 13:25:35.143,8.85042,8.85166,2.33,1.50
2012.02.02 13:25:37.642,8.8505,8.85174,2.33,2.25
2012.02.02 13:26:06.419,8.85045,8.85169,2.33,1.50
2012.02.02 13:26:08.634,8.85062,8.85186,2.33,2.25
2012.02.02 13:26:11.758,8.85038,8.85151,1.58,1.50
2012.02.02 13:26:12.408,8.85038,8.85158,1.58,1.50
2012.02.02 13:26:13.812,8.85042,8.85166,2.33,1.50
2012.02.02 13:26:17.557,8.85049,8.85175,2.33,2.25
2012.02.02 13:26:22.458,8.85059,8.85185,2.33,1.50
2012.02.02 13:26:28.840,8.85048,8.85174,2.33,1.50
2012.02.02 13:26:31.419,8.85062,8.85188,2.33,1.50
2012.02.02 13:26:31.692,8.85053,8.85179,2.33,1.50
2012.02.02 13:26:34.283,8.85061,8.85187,2.33,1.50
2012.02.02 13:26:35.961,8.8505,8.85176,2.33,1.50
2012.02.02 13:26:40.532,8.8504,8.85166,2.33,1.50
2012.02.02 13:26:42.049,8.8503,8.85156,2.33,1.50
2012.02.02 13:26:42.133,8.85037,8.85145,1.58,2.25
2012.02.02 13:26:43.043,8.85027,8.85145,1.58,2.25
2012.02.02 13:26:47.793,8.85027,8.85145,1.58,2.25
2012.02.02 13:26:51.043,8.85047,8.85145,1.58,1.50
2012.02.02 13:26:51.878,8.85047,8.85145,2.33,1.50
2012.02.02 13:26:52.421,8.85061,8.85145,1.20,1.50
2012.02.02 13:26:52.584,8.85061,8.85154,1.20,1.50
2012.02.02 13:26:53.914,8.85061,8.85154,1.20,1.50
2012.02.02 13:27:00.886,8.85061,8.85161,1.20,1.50
2012.02.02 13:27:03.313,8.85077,8.85151,1.50,1.95
2012.02.02 13:27:03.603,8.85068,8.85138,1.50,1.50
2012.02.02 13:27:03.675,8.85068,8.85145,1.50,1.50
2012.02.02 13:27:03.893,8.85068,8.85147,1.50,1.50
2012.02.02 13:27:06.067,8.85078,8.85156,1.50,1.50
2012.02.02 13:27:06.348,8.85078,8.85146,1.50,1.50
2012.02.02 13:27:10.904,8.85078,8.85158,1.50,1.50
2012.02.02 13:27:11.052,8.85078,8.85149,1.50,1.50
2012.02.02 13:27:15.050,8.85061,8.85149,1.20,1.50
2012.02.02 13:27:23.830,8.85077,8.85157,1.50,1.50
2012.02.02 13:27:33.879,8.85077,8.85157,1.50,2.33
2012.02.02 13:27:34.325,8.85057,8.85157,1.50,2.33
2012.02.02 13:27:34.402,8.85057,8.85147,1.50,1.50
2012.02.02 13:27:34.817,8.85057,8.85144,1.50,1.50
2012.02.02 13:27:36.735,8.85041,8.85136,1.20,1.50
2012.02.02 13:27:49.934,8.85041,8.85152,1.20,2.33
2012.02.02 13:27:50.517,8.85041,8.85144,1.20,1.50
2012.02.02 13:27:51.448,8.85041,8.85144,1.20,1.50
2012.02.02 13:27:51.841,8.85067,8.85144,1.35,1.50
2012.02.02 13:27:52.473,8.85064,8.85162,2.10,1.50
2012.02.02 13:27:52.555,8.85083,8.85207,1.50,1.50
2012.02.02 13:27:56.539,8.85093,8.85217,1.50,1.50
2012.02.02 13:27:59.535,8.85085,8.85209,1.50,1.50
2012.02.02 13:28:06.695,8.85077,8.85201,1.50,1.50
2012.02.02 13:28:07.019,8.85085,8.85209,1.50,1.50
2012.02.02 13:28:08.715,8.85086,8.8521,1.50,1.50
2012.02.02 13:28:12.675,8.85067,8.85191,1.50,1.50
2012.02.02 13:28:13.756,8.85058,8.85182,1.50,1.50
2012.02.02 13:28:14.405,8.85066,8.8519,1.50,1.50
2012.02.02 13:28:15.628,8.85074,8.85198,1.50,1.50
2012.02.02 13:28:16.816,8.85081,8.85207,1.50,1.50
2012.02.02 13:28:20.327,8.8509,8.85214,1.50,1.50
2012.02.02 13:28:21.099,8.8509,8.85214,2.33,1.50
2012.02.02 13:28:21.898,8.85076,8.85202,2.33,1.50
2012.02.02 13:28:22.582,8.85086,8.8521,2.33,1.50
2012.02.02 13:28:29.116,8.85086,8.8521,2.33,1.50
2012.02.02 13:28:29.706,8.85076,8.85202,2.33,1.50
2012.02.02 13:28:30.592,8.85085,8.85209,2.33,1.50
2012.02.02 13:28:31.222,8.85075,8.85201,2.33,1.50
2012.02.02 13:28:31.303,8.85085,8.85211,2.33,1.50
2012.02.02 13:28:32.897,8.85085,8.85211,2.33,1.50
2012.02.02 13:28:33.159,8.85085,8.85211,2.33,1.50
2012.02.02 13:28:33.470,8.85095,8.85221,2.33,1.50
2012.02.02 13:28:34.176,8.85095,8.85221,2.33,1.50
2012.02.02 13:28:37.323,8.85083,8.85209,2.33,1.50
2012.02.02 13:28:37.699,8.85098,8.85222,2.33,1.50
2012.02.02 13:28:44.491,8.8511,8.85234,2.33,1.50
2012.02.02 13:28:45.552,8.85101,8.85227,2.33,1.50
2012.02.02 13:28:47.906,8.85093,8.85217,2.33,1.50
2012.02.02 13:28:48.319,8.851,8.85226,2.33,1.50
2012.02.02 13:28:48.392,8.85093,8.85217,2.33,1.50
2012.02.02 13:28:51.813,8.85104,8.85228,2.33,1.50
2012.02.02 13:28:54.098,8.85088,8.85214,2.33,1.50
2012.02.02 13:28:54.358,8.85097,8.85221,2.33,1.50
2012.02.02 13:28:54.432,8.85088,8.85214,2.33,1.50
2012.02.02 13:28:55.041,8.85107,8.85231,2.33,1.50
2012.02.02 13:28:56.680,8.85096,8.8522,2.33,1.50
2012.02.02 13:28:59.159,8.851,8.85226,2.33,1.50
2012.02.02 13:28:59.288,8.85115,8.85241,2.33,1.50
2012.02.02 13:29:01.013,8.85107,8.85233,2.33,1.50
2012.02.02 13:29:02.007,8.85099,8.85225,2.33,1.50
2012.02.02 13:29:02.474,8.85099,8.85225,2.33,1.50
2012.02.02 13:29:13.337,8.85091,8.85215,2.33,1.50
2012.02.02 13:29:14.179,8.85091,8.85215,2.33,1.50
2012.02.02 13:29:16.843,8.85098,8.85224,2.33,1.50
2012.02.02 13:29:18.932,8.85098,8.85224,2.33,1.50
2012.02.02 13:29:21.698,8.85113,8.85239,2.33,1.50
2012.02.02 13:29:23.955,8.85105,8.85231,2.33,1.50
2012.02.02 13:29:24.362,8.85089,8.85213,2.33,1.50
2012.02.02 13:29:27.414,8.85125,8.85239,2.33,1.50
2012.02.02 13:29:27.487,8.85125,8.85249,2.33,1.50
2012.02.02 13:29:27.619,8.85125,8.85249,2.33,1.50
2012.02.02 13:29:27.946,8.851,8.85224,2.33,1.50
2012.02.02 13:29:28.617,8.851,8.85224,2.33,1.50
2012.02.02 13:29:28.928,8.851,8.85224,2.33,1.50
2012.02.02 13:29:33.951,8.85112,8.85238,2.33,1.50
2012.02.02 13:29:36.279,8.85105,8.85229,2.33,1.50
2012.02.02 13:29:36.705,8.85112,8.85238,2.33,1.50
2012.02.02 13:29:38.248,8.85103,8.85227,2.33,1.50
2012.02.02 13:29:40.526,8.85089,8.85215,2.33,1.50
2012.02.02 13:29:41.830,8.85077,8.85201,2.33,1.50
2012.02.02 13:29:42.090,8.85085,8.85209,2.33,1.50
2012.02.02 13:29:44.128,8.85098,8.85224,2.33,1.50
2012.02.02 13:29:44.200,8.85112,8.85236,2.33,1.50
2012.02.02 13:29:44.413,8.85104,8.85228,2.33,1.50
2012.02.02 13:29:44.482,8.85113,8.85237,2.33,1.50
2012.02.02 13:29:45.164,8.85113,8.85237,1.50,1.50
2012.02.02 13:29:45.597,8.85105,8.85229,1.50,1.50
2012.02.02 13:29:47.576,8.8508,8.85198,1.50,1.50
2012.02.02 13:29:47.653,8.85072,8.85198,1.50,1.50
2012.02.02 13:29:47.781,8.85096,8.8522,1.50,1.50
2012.02.02 13:29:48.330,8.85105,8.85223,1.50,1.50
2012.02.02 13:29:48.397,8.85105,8.85229,1.50,1.50
2012.02.02 13:29:48.546,8.85094,8.8522,1.50,1.50
2012.02.02 13:29:49.378,8.85104,8.85228,1.50,1.50
2012.02.02 13:29:49.721,8.85091,8.85217,1.50,1.50
2012.02.02 13:29:50.683,8.85102,8.85226,1.50,1.50
2012.02.02 13:29:51.131,8.85112,8.85238,1.50,1.50
2012.02.02 13:29:51.275,8.85102,8.85228,1.50,1.50
2012.02.02 13:29:52.360,8.85094,8.8522,1.50,1.50
2012.02.02 13:29:54.151,8.85084,8.8521,1.50,1.50
2012.02.02 13:29:54.923,8.85097,8.85221,1.50,1.50
2012.02.02 13:29:57.110,8.85104,8.8523,1.50,1.50
2012.02.02 13:29:57.428,8.8509,8.85214,1.50,1.50
2012.02.02 13:29:57.751,8.85108,8.85232,1.50,1.50
2012.02.02 13:29:58.781,8.851,8.85224,1.50,1.50
2012.02.02 13:29:59.488,8.8509,8.85214,1.50,1.50
2012.02.02 13:30:00.088,8.85088,8.85214,1.50,1.50
2012.02.02 13:30:00.992,8.85074,8.85198,1.50,1.50
2012.02.02 13:30:01.218,8.85085,8.85211,1.50,1.50
2012.02.02 13:30:01.297,8.85098,8.85222,1.50,1.50
2012.02.02 13:30:02.327,8.85089,8.85215,1.50,1.50
2012.02.02 13:30:04.199,8.85061,8.85187,1.50,1.50
2012.02.02 13:30:04.831,8.85077,8.85201,1.50,1.50
2012.02.02 13:30:04.976,8.85049,8.85175,1.50,1.50
2012.02.02 13:30:05.103,8.85059,8.85185,1.50,1.50
2012.02.02 13:30:06.565,8.85068,8.85192,1.50,1.50
2012.02.02 13:30:06.830,8.85075,8.85201,1.50,1.50
2012.02.02 13:30:07.267,8.85089,8.85213,1.50,1.50
2012.02.02 13:30:08.282,8.85069,8.85195,1.50,1.50
2012.02.02 13:30:08.471,8.85084,8.8521,1.50,1.50
2012.02.02 13:30:09.094,8.85074,8.852,1.50,1.50
2012.02.02 13:30:09.479,8.85085,8.85209,1.50,1.50
2012.02.02 13:30:11.053,8.85075,8.85201,1.50,1.50
2012.02.02 13:30:11.600,8.85075,8.85201,2.33,1.50
2012.02.02 13:30:11.930,8.85075,8.85201,2.33,1.50
2012.02.02 13:30:13.114,8.85084,8.85208,2.33,1.50
2012.02.02 13:30:13.370,8.85075,8.85199,2.33,1.50
2012.02.02 13:30:15.642,8.85082,8.85208,2.33,1.50
2012.02.02 13:30:15.921,8.85071,8.85193,1.58,1.50
2012.02.02 13:30:17.212,8.85077,8.85201,2.33,1.50
2012.02.02 13:30:18.110,8.85071,8.85184,1.58,1.50
2012.02.02 13:30:18.850,8.85071,8.85192,1.58,1.50
2012.02.02 13:30:19.591,8.85074,8.852,2.33,1.50
2012.02.02 13:30:21.648,8.85083,8.85207,2.33,1.50
2012.02.02 13:30:22.245,8.85094,8.8522,2.33,1.50
2012.02.02 13:30:26.330,8.85094,8.8522,2.33,1.50
2012.02.02 13:30:27.702,8.85083,8.85209,2.33,1.50
2012.02.02 13:30:28.640,8.85071,8.85193,1.58,1.50
2012.02.02 13:30:29.254,8.85071,8.85185,1.58,1.50
2012.02.02 13:30:29.466,8.85073,8.85199,2.33,1.50
2012.02.02 13:30:31.157,8.85081,8.85207,2.33,1.50
2012.02.02 13:30:32.355,8.8509,8.85216,2.33,1.50
2012.02.02 13:30:33.015,8.85082,8.85208,2.33,1.50
2012.02.02 13:30:36.382,8.85071,8.85196,1.58,1.50
2012.02.02 13:30:37.799,8.85071,8.85177,1.58,1.50
2012.02.02 13:30:38.439,8.85071,8.85185,1.58,1.50
2012.02.02 13:30:39.219,8.85071,8.85177,1.58,1.50
2012.02.02 13:30:39.288,8.85071,8.85188,1.58,1.50
2012.02.02 13:30:39.838,8.85071,8.85197,3.08,1.50
2012.02.02 13:30:40.416,8.8508,8.85204,2.33,1.50
2012.02.02 13:30:40.693,8.8509,8.85214,2.33,1.50
2012.02.02 13:30:41.165,8.85101,8.85225,2.33,1.50
2012.02.02 13:30:43.378,8.851,8.85224,2.33,1.50
2012.02.02 13:30:43.818,8.85097,8.85221,2.33,1.50
2012.02.02 13:30:48.994,8.85088,8.85214,2.33,1.50
2012.02.02 13:30:49.788,8.85079,8.85203,2.33,1.50
2012.02.02 13:30:51.200,8.85086,8.85212,2.33,1.50
2012.02.02 13:30:51.760,8.85094,8.85218,2.33,1.50
2012.02.02 13:30:54.461,8.85105,8.85229,2.33,1.50
2012.02.02 13:30:55.549,8.85096,8.85222,2.33,1.50
2012.02.02 13:30:55.883,8.85089,8.85213,2.33,1.50
2012.02.02 13:30:56.198,8.85077,8.85203,2.33,1.50
2012.02.02 13:30:57.107,8.85071,8.85191,1.58,1.50
2012.02.02 13:30:57.357,8.85074,8.852,2.33,1.50
2012.02.02 13:30:58.562,8.85086,8.8521,2.33,1.50
2012.02.02 13:31:00.843,8.85099,8.85223,2.33,1.50
2012.02.02 13:31:01.353,8.85108,8.85234,1.95,1.50
2012.02.02 13:31:03.448,8.85105,8.85229,2.33,1.50
2012.02.02 13:31:04.390,8.85093,8.85219,2.33,1.50
2012.02.02 13:31:10.814,8.85082,8.85208,2.33,1.50
2012.02.02 13:31:11.199,8.85092,8.85216,2.33,1.50
2012.02.02 13:31:13.591,8.85083,8.85209,2.33,1.50
2012.02.02 13:31:20.325,8.85094,8.8522,2.33,1.50
2012.02.02 13:31:20.991,8.85081,8.85207,2.33,1.50
2012.02.02 13:31:21.071,8.85091,8.85215,2.33,1.50
2012.02.02 13:31:21.216,8.85081,8.85207,2.33,1.50
2012.02.02 13:31:22.062,8.85079,8.85203,2.33,1.50
2012.02.02 13:31:22.675,8.85091,8.85217,2.33,1.50
2012.02.02 13:31:23.112,8.85078,8.85202,2.33,1.50
2012.02.02 13:31:23.439,8.85086,8.8521,2.33,1.50
2012.02.02 13:31:23.513,8.85077,8.85201,2.33,1.50
2012.02.02 13:31:25.064,8.85087,8.85211,2.33,1.50
2012.02.02 13:31:28.012,8.851,8.85224,2.33,1.50
2012.02.02 13:31:35.132,8.85092,8.85216,2.33,1.50
2012.02.02 13:31:35.399,8.85115,8.85239,1.50,1.50
2012.02.02 13:31:35.874,8.85102,8.85228,2.33,1.50
2012.02.02 13:31:36.029,8.85121,8.85245,1.50,1.50
2012.02.02 13:31:36.240,8.85111,8.85235,1.50,1.50
2012.02.02 13:31:36.565,8.85119,8.85243,1.50,1.50
2012.02.02 13:31:37.479,8.85107,8.85231,1.95,1.50
2012.02.02 13:31:38.472,8.85097,8.85223,2.33,1.50
2012.02.02 13:31:38.603,8.85106,8.8523,1.95,1.50
2012.02.02 13:31:39.769,8.85096,8.8522,2.33,1.50
2012.02.02 13:31:41.430,8.85083,8.85207,2.33,1.50
2012.02.02 13:31:41.500,8.85103,8.85227,1.95,1.50
2012.02.02 13:31:45.630,8.85095,8.85219,2.33,1.50
2012.02.02 13:31:47.867,8.85105,8.85219,1.20,1.50
2012.02.02 13:31:48.381,8.85105,8.85228,1.20,1.50
2012.02.02 13:31:49.570,8.85105,8.85218,1.20,1.50
2012.02.02 13:31:49.640,8.85105,8.85225,1.20,1.50
2012.02.02 13:31:50.011,8.85105,8.85218,1.20,1.50
2012.02.02 13:31:57.319,8.85105,8.85223,1.20,1.50
2012.02.02 13:32:02.562,8.85105,8.85208,1.20,1.50
2012.02.02 13:32:03.227,8.85105,8.85215,1.20,1.50
2012.02.02 13:32:04.415,8.85109,8.85235,2.25,1.50
2012.02.02 13:32:04.489,8.85105,8.85224,1.20,1.50
2012.02.02 13:32:04.835,8.85105,8.85215,1.20,1.50
2012.02.02 13:32:05.378,8.85105,8.85222,1.20,1.50
2012.02.02 13:32:11.036,8.85105,8.85213,1.20,1.50
2012.02.02 13:32:11.739,8.85105,8.85205,1.20,1.50
2012.02.02 13:32:12.745,8.85105,8.85214,1.20,1.50
2012.02.02 13:32:13.227,8.85156,8.85282,1.50,1.50
2012.02.02 13:32:13.304,8.8517,8.85294,2.25,1.50
2012.02.02 13:32:14.182,8.85177,8.85303,2.25,1.50
2012.02.02 13:32:15.993,8.85177,8.85303,1.50,1.50
2012.02.02 13:32:16.202,8.85177,8.85241,1.50,1.50
2012.02.02 13:32:16.801,8.85082,8.85208,2.25,1.50
2012.02.02 13:32:18.053,8.85101,8.85227,2.25,1.50
2012.02.02 13:32:18.120,8.85101,8.85227,2.25,1.50
2012.02.02 13:32:20.295,8.8511,8.85236,2.25,1.50
2012.02.02 13:32:20.376,8.85101,8.85225,2.25,1.50
2012.02.02 13:32:22.978,8.8512,8.85244,2.25,1.50
2012.02.02 13:32:23.058,8.85102,8.85228,2.25,1.50
2012.02.02 13:32:23.605,8.85108,8.85234,2.25,1.50
2012.02.02 13:32:24.912,8.85096,8.8522,2.25,1.50
2012.02.02 13:32:31.343,8.85106,8.8523,2.25,1.50
2012.02.02 13:32:31.900,8.85093,8.85219,2.25,1.50
2012.02.02 13:32:32.354,8.85112,8.85238,2.25,1.50
2012.02.02 13:32:33.078,8.85105,8.85229,2.25,1.50
2012.02.02 13:32:35.569,8.85113,8.85237,2.25,1.50
2012.02.02 13:32:40.419,8.85104,8.8523,2.25,1.50
2012.02.02 13:32:45.220,8.85115,8.85239,2.25,1.50
2012.02.02 13:32:45.767,8.85106,8.85232,2.25,1.50
2012.02.02 13:32:46.358,8.85115,8.85239,2.25,1.50
2012.02.02 13:32:47.375,8.85101,8.85225,2.25,1.50
2012.02.02 13:32:52.478,8.85108,8.85234,2.25,1.50
2012.02.02 13:32:52.697,8.85098,8.85222,2.25,1.50
2012.02.02 13:32:54.236,8.8511,8.85234,2.25,1.50
2012.02.02 13:32:57.906,8.8511,8.85234,2.25,1.50
2012.02.02 13:33:00.747,8.851,8.85224,2.25,1.50
2012.02.02 13:33:02.083,8.85088,8.85212,2.25,1.50
2012.02.02 13:33:02.295,8.85088,8.85212,2.33,1.50
2012.02.02 13:33:02.726,8.851,8.85224,1.50,1.50
2012.02.02 13:33:03.466,8.85111,8.85237,2.33,2.33
2012.02.02 13:33:03.799,8.85092,8.85216,2.33,1.50
2012.02.02 13:33:05.028,8.85092,8.85216,1.95,1.50
2012.02.02 13:33:06.330,8.85099,8.85225,1.50,1.50
2012.02.02 13:33:13.723,8.8511,8.85236,1.50,1.50
2012.02.02 13:33:14.394,8.85117,8.85241,1.50,1.50
2012.02.02 13:33:14.735,8.85117,8.85241,2.33,2.33
2012.02.02 13:33:22.754,8.85097,8.85223,2.33,1.50
2012.02.02 13:33:28.084,8.85109,8.85235,2.33,2.33
2012.02.02 13:33:28.225,8.85107,8.85226,1.58,1.50
2012.02.02 13:33:28.671,8.85108,8.85234,2.33,1.95
2012.02.02 13:33:32.735,8.85107,8.85228,1.58,1.50
2012.02.02 13:33:34.193,8.85107,8.85216,1.58,1.50
2012.02.02 13:33:35.137,8.85107,8.85208,1.58,1.50
2012.02.02 13:33:35.770,8.85107,8.85197,1.58,1.50
2012.02.02 13:33:36.041,8.85107,8.85205,1.58,1.50
2012.02.02 13:33:37.880,8.85107,8.85206,1.58,1.50
2012.02.02 13:33:37.951,8.85107,8.85213,1.58,1.50
2012.02.02 13:33:40.834,8.85107,8.85221,1.58,1.50
2012.02.02 13:33:51.228,8.85112,8.85238,2.33,2.33
2012.02.02 13:33:52.695,8.85132,8.85256,1.50,2.33
2012.02.02 13:33:53.231,8.85124,8.85248,1.95,2.33
2012.02.02 13:34:16.593,8.85107,8.85222,1.58,1.50
2012.02.02 13:34:16.722,8.85109,8.85235,2.33,2.33
2012.02.02 13:34:19.592,8.85107,8.85227,1.58,1.50
2012.02.02 13:34:29.399,8.85116,8.8524,2.33,2.33
2012.02.02 13:34:32.061,8.85097,8.85221,2.33,1.50
2012.02.02 13:34:32.942,8.85084,8.85208,2.33,1.50
2012.02.02 13:34:35.113,8.85091,8.85217,2.33,1.50
2012.02.02 13:34:36.385,8.851,8.85224,2.33,1.50
2012.02.02 13:34:41.345,8.85092,8.85216,2.33,1.50
2012.02.02 13:34:42.826,8.85107,8.85233,2.33,1.95
2012.02.02 13:34:43.888,8.85091,8.85217,2.33,1.50
2012.02.02 13:34:43.960,8.85091,8.85217,1.50,2.33
2012.02.02 13:34:44.028,8.85091,8.85186,1.50,1.20
2012.02.02 13:34:44.163,8.85078,8.85186,1.20,1.20
2012.02.02 13:34:48.020,8.85067,8.85186,2.33,1.20
2012.02.02 13:34:50.968,8.85067,8.8518,2.33,1.20
2012.02.02 13:35:23.532,8.85075,8.85172,1.50,1.50
2012.02.02 13:35:24.507,8.85064,8.85172,2.33,1.50
2012.02.02 13:35:48.034,8.85054,8.8518,2.33,2.70
2012.02.02 13:35:51.339,8.85062,8.85172,2.33,1.50
2012.02.02 13:35:51.407,8.85062,8.85164,1.50,1.20
2012.02.02 13:35:51.610,8.85053,8.85164,2.33,1.20
2012.02.02 13:35:51.993,8.85053,8.8516,1.95,1.20
2012.02.02 13:35:59.386,8.85069,8.8516,1.50,1.20
2012.02.02 13:35:59.750,8.85077,8.8516,1.50,1.20
2012.02.02 13:36:00.471,8.8507,8.8516,1.50,1.20
2012.02.02 13:36:01.208,8.85062,8.8516,1.50,1.20
2012.02.02 13:36:03.192,8.85054,8.8516,1.95,1.20
2012.02.02 13:36:07.752,8.85063,8.8516,1.50,1.20
2012.02.02 13:36:07.942,8.85055,8.8516,1.50,1.20
2012.02.02 13:36:08.457,8.85042,8.8516,2.33,1.20
2012.02.02 13:36:10.611,8.85057,8.8516,1.50,1.20
2012.02.02 13:36:12.139,8.8505,8.8516,1.95,1.20
2012.02.02 13:36:15.119,8.85055,8.8516,1.50,1.20
2012.02.02 13:36:17.474,8.85046,8.8516,2.33,1.20
2012.02.02 13:36:27.803,8.85057,8.8516,1.50,1.20
2012.02.02 13:36:28.304,8.8505,8.8516,1.95,1.20
2012.02.02 13:36:49.996,8.8506,8.8516,1.50,1.20
2012.02.02 13:36:50.075,8.85053,8.8516,1.95,1.20
2012.02.02 13:36:57.977,8.85069,8.8516,1.50,1.20
2012.02.02 13:36:58.327,8.8508,8.8516,1.50,1.20
2012.02.02 13:36:59.421,8.85071,8.8516,1.50,1.20
2012.02.02 13:37:00.479,8.85062,8.8516,1.50,1.20
2012.02.02 13:37:01.577,8.85054,8.8516,1.95,1.20
2012.02.02 13:37:09.395,8.85017,8.85119,1.58,1.50
2012.02.02 13:37:09.546,8.85017,8.85131,1.58,1.50
2012.02.02 13:37:10.708,8.85017,8.85139,1.58,2.25
2012.02.02 13:37:14.843,8.85029,8.85139,2.33,1.20
2012.02.02 13:37:15.089,8.85029,8.85155,2.33,2.33
2012.02.02 13:37:16.392,8.84989,8.85115,2.33,2.25
2012.02.02 13:37:16.473,8.84989,8.85109,2.33,1.20
2012.02.02 13:37:16.551,8.84989,8.85095,1.95,1.20
2012.02.02 13:37:34.261,8.84987,8.85093,1.20,2.25
2012.02.02 13:37:37.233,8.84969,8.85082,2.33,1.50
2012.02.02 13:37:55.348,8.84969,8.85062,2.33,1.50
2012.02.02 13:37:56.018,8.84958,8.85077,1.58,2.25
2012.02.02 13:37:57.641,8.84961,8.85062,2.33,1.50
2012.02.02 13:37:59.438,8.84972,8.85083,2.33,1.50
2012.02.02 13:38:15.935,8.84964,8.85062,2.33,1.50
2012.02.02 13:38:16.147,8.84964,8.85083,2.33,1.50
2012.02.02 13:38:35.117,8.84961,8.85085,1.50,1.50
2012.02.02 13:38:35.370,8.84946,8.85072,1.50,1.50
2012.02.02 13:38:35.439,8.84906,8.8503,1.50,1.50
2012.02.02 13:38:35.913,8.84898,8.85022,1.50,1.50
2012.02.02 13:38:36.693,8.84898,8.85022,2.25,1.50
2012.02.02 13:38:36.903,8.84938,8.8504,2.25,1.50
2012.02.02 13:38:36.974,8.84938,8.85062,2.25,1.50
2012.02.02 13:38:37.748,8.84946,8.8507,2.25,2.25
2012.02.02 13:38:40.007,8.84954,8.85078,1.50,2.25
2012.02.02 13:38:47.641,8.84954,8.85078,2.25,1.50
2012.02.02 13:38:52.153,8.84944,8.85068,2.25,2.25
2012.02.02 13:38:52.314,8.84944,8.85068,2.25,2.25
2012.02.02 13:38:53.153,8.8494,8.85066,2.25,2.25
2012.02.02 13:38:53.961,8.8494,8.85066,2.25,2.25
2012.02.02 13:38:56.018,8.84948,8.85073,1.50,1.40
2012.02.02 13:38:56.618,8.84899,8.85023,2.25,2.25
2012.02.02 13:38:56.938,8.84916,8.8504,1.50,1.50
2012.02.02 13:38:57.159,8.84858,8.84982,2.33,1.50
2012.02.02 13:38:57.509,8.84867,8.84982,1.50,1.50
2012.02.02 13:38:57.963,8.84858,8.84982,2.25,1.50
2012.02.02 13:38:58.381,8.84866,8.8499,2.25,1.50
2012.02.02 13:39:00.235,8.84852,8.84978,2.25,1.50
2012.02.02 13:39:00.330,8.84861,8.84985,2.25,1.50
2012.02.02 13:39:01.509,8.84846,8.8497,2.25,1.50
2012.02.02 13:39:01.634,8.84853,8.84979,1.50,1.50
2012.02.02 13:39:01.758,8.84844,8.8497,2.25,1.50
2012.02.02 13:39:02.780,8.84834,8.84958,2.25,1.50
2012.02.02 13:39:02.961,8.84834,8.84958,2.25,1.50
2012.02.02 13:39:03.238,8.84847,8.84971,2.33,1.50
2012.02.02 13:39:04.555,8.84854,8.8498,2.33,1.50
2012.02.02 13:39:06.018,8.84846,8.84972,2.33,1.50
2012.02.02 13:39:06.375,8.84838,8.84962,2.33,1.50
2012.02.02 13:39:06.785,8.84847,8.84971,2.33,1.50
2012.02.02 13:39:06.857,8.84861,8.84987,1.50,1.50
2012.02.02 13:39:07.480,8.8487,8.84994,1.50,1.50
2012.02.02 13:39:07.556,8.8487,8.84996,1.50,1.50
2012.02.02 13:39:07.765,8.84884,8.8501,1.50,1.50
2012.02.02 13:39:08.860,8.84876,8.85,1.50,1.50
2012.02.02 13:39:12.883,8.84864,8.8499,1.50,1.50
2012.02.02 13:39:15.552,8.84825,8.84951,2.25,1.50
2012.02.02 13:39:17.057,8.84809,8.84933,2.25,1.50
2012.02.02 13:39:17.133,8.84809,8.84933,1.50,1.50
2012.02.02 13:39:17.206,8.84817,8.84941,1.50,1.50
2012.02.02 13:39:18.311,8.84828,8.84952,1.50,1.50
2012.02.02 13:39:18.777,8.84816,8.8494,1.50,1.50
2012.02.02 13:39:19.344,8.84823,8.84949,1.50,1.50
2012.02.02 13:39:23.308,8.8484,8.84966,1.50,2.25
2012.02.02 13:39:23.455,8.8484,8.84966,1.50,1.50
2012.02.02 13:39:24.783,8.8483,8.84956,1.50,1.50
2012.02.02 13:39:25.127,8.8483,8.84956,1.50,2.25
2012.02.02 13:39:26.246,8.84818,8.84942,1.50,2.25
2012.02.02 13:39:26.744,8.84835,8.84961,1.50,2.25
2012.02.02 13:39:27.441,8.84826,8.8495,1.50,2.25
2012.02.02 13:39:28.538,8.84837,8.84963,1.50,2.25
2012.02.02 13:39:29.303,8.84825,8.84951,1.50,2.25
2012.02.02 13:39:30.090,8.84834,8.84958,1.50,2.25
2012.02.02 13:39:31.302,8.84834,8.84958,1.50,2.25
2012.02.02 13:39:32.647,8.84848,8.84974,1.50,2.25
2012.02.02 13:39:34.391,8.84841,8.84965,1.50,2.25
2012.02.02 13:39:36.474,8.84831,8.84957,1.50,2.25
2012.02.02 13:39:39.560,8.84839,8.84965,1.50,2.25
2012.02.02 13:39:40.441,8.84863,8.84987,1.50,2.25
2012.02.02 13:39:41.402,8.84842,8.84968,1.50,2.25
2012.02.02 13:39:41.882,8.84832,8.84958,1.50,2.25
2012.02.02 13:39:42.523,8.84832,8.84958,2.25,2.25
2012.02.02 13:39:43.187,8.84832,8.84958,2.25,1.50
2012.02.02 13:39:43.318,8.84831,8.84955,2.25,1.50
2012.02.02 13:39:43.418,8.84831,8.84955,2.25,2.25
2012.02.02 13:39:45.986,8.84832,8.84952,2.25,1.58
2012.02.02 13:39:46.255,8.84822,8.84903,1.50,1.58
2012.02.02 13:39:46.339,8.84806,8.84903,1.50,1.58
2012.02.02 13:39:46.875,8.84799,8.84903,1.50,1.58
2012.02.02 13:39:47.967,8.84808,8.84903,1.50,1.58
2012.02.02 13:39:49.400,8.84799,8.84903,1.50,1.58
2012.02.02 13:39:49.478,8.84791,8.84903,1.20,1.58
2012.02.02 13:39:50.482,8.84799,8.84903,1.50,1.58
2012.02.02 13:39:50.829,8.84791,8.84903,1.20,1.58
2012.02.02 13:39:55.309,8.84811,8.84903,1.50,1.58
2012.02.02 13:39:56.127,8.84802,8.84903,1.50,1.58
2012.02.02 13:39:57.246,8.84792,8.84903,2.25,1.58
2012.02.02 13:39:59.976,8.84801,8.84903,1.50,1.58
2012.02.02 13:40:00.214,8.84792,8.84903,2.25,1.58
2012.02.02 13:40:02.712,8.848,8.84903,1.50,1.58
2012.02.02 13:40:04.737,8.8481,8.84903,1.50,1.58
2012.02.02 13:40:05.075,8.8481,8.84897,1.50,1.20
2012.02.02 13:40:05.213,8.84802,8.84897,1.50,1.20
2012.02.02 13:40:06.184,8.84802,8.84902,2.25,1.20
2012.02.02 13:40:06.786,8.84802,8.84902,1.50,1.20
2012.02.02 13:40:06.870,8.84802,8.84902,2.25,1.20
2012.02.02 13:40:07.243,8.84792,8.84902,2.33,1.20
2012.02.02 13:40:07.447,8.84798,8.84902,1.20,1.20
2012.02.02 13:40:08.206,8.84792,8.84902,2.33,1.20
2012.02.02 13:40:08.913,8.84798,8.84902,1.20,1.20
2012.02.02 13:40:11.392,8.84803,8.84903,1.50,1.20
2012.02.02 13:40:11.889,8.84803,8.84903,1.50,1.20
2012.02.02 13:40:12.894,8.84803,8.84903,2.25,1.20
2012.02.02 13:40:14.098,8.84818,8.84944,2.33,2.33
2012.02.02 13:40:14.243,8.84818,8.84933,2.33,1.20
2012.02.02 13:40:14.777,8.84818,8.84944,2.33,2.33
2012.02.02 13:40:25.773,8.84827,8.84944,1.20,2.33
2012.02.02 13:40:34.369,8.84827,8.84926,1.20,1.50
2012.02.02 13:40:35.318,8.84827,8.84922,1.20,1.50
2012.02.02 13:40:35.964,8.84827,8.84929,1.20,1.50
2012.02.02 13:40:36.964,8.84827,8.84919,1.20,1.50
2012.02.02 13:40:37.319,8.84827,8.8491,1.20,1.50
2012.02.02 13:40:38.209,8.84827,8.84918,1.20,1.50
2012.02.02 13:40:38.943,8.84827,8.84934,1.20,1.95
2012.02.02 13:40:39.101,8.84808,8.84934,2.36,2.33
2012.02.02 13:40:40.103,8.84807,8.8489,1.50,1.50
2012.02.02 13:40:40.428,8.84807,8.84897,1.50,1.50
2012.02.02 13:40:41.011,8.84792,8.84879,1.20,1.50
2012.02.02 13:40:41.872,8.84792,8.84887,1.20,1.50
2012.02.02 13:40:42.145,8.84792,8.84897,1.20,1.50
2012.02.02 13:40:44.164,8.84808,8.84906,1.50,2.33
2012.02.02 13:40:47.456,8.84808,8.84903,1.50,2.33
2012.02.02 13:40:49.076,8.84788,8.84894,1.20,1.95
2012.02.02 13:40:49.780,8.84788,8.84912,2.25,2.33
2012.02.02 13:41:14.952,8.84807,8.84913,1.20,1.95
2012.02.02 13:41:15.091,8.84807,8.84928,1.20,2.33
2012.02.02 13:41:30.291,8.84807,8.84928,1.20,2.33
2012.02.02 13:41:33.181,8.84821,8.84945,2.25,2.33
2012.02.02 13:41:49.988,8.84841,8.84939,1.20,1.50
2012.02.02 13:41:50.209,8.84841,8.84953,1.20,2.33
2012.02.02 13:41:50.286,8.84851,8.84953,1.20,1.50
2012.02.02 13:41:50.367,8.84861,8.84985,2.25,2.33
2012.02.02 13:41:51.161,8.84861,8.84985,2.25,2.33
2012.02.02 13:41:51.410,8.84861,8.84985,2.25,2.33
2012.02.02 13:41:54.143,8.8485,8.84976,2.25,2.33
2012.02.02 13:42:01.598,8.84887,8.84976,1.58,1.50
2012.02.02 13:42:01.678,8.84887,8.85,1.58,1.50
2012.02.02 13:42:02.285,8.84887,8.85009,1.58,2.33
2012.02.02 13:42:10.573,8.84908,8.85032,1.50,2.33
2012.02.02 13:42:10.702,8.8489,8.85014,2.33,2.33
2012.02.02 13:42:11.671,8.84898,8.85022,1.50,2.33
2012.02.02 13:42:14.784,8.84906,8.8503,1.50,2.33
2012.02.02 13:42:19.804,8.84897,8.85023,1.95,2.33
2012.02.02 13:42:31.963,8.84906,8.8503,1.50,2.33
2012.02.02 13:42:34.306,8.84896,8.85022,1.95,2.33
2012.02.02 13:42:38.326,8.84906,8.85032,1.50,2.33
2012.02.02 13:42:38.519,8.84896,8.8502,1.95,2.33
2012.02.02 13:42:39.931,8.84912,8.85036,1.50,2.33
2012.02.02 13:42:44.258,8.84898,8.85022,1.50,2.33
2012.02.02 13:42:45.064,8.84911,8.85015,1.20,1.50
2012.02.02 13:42:45.530,8.84911,8.85023,1.20,2.33
2012.02.02 13:42:48.834,8.84899,8.85023,2.25,2.33
2012.02.02 13:42:48.971,8.84899,8.85023,1.50,2.33
2012.02.02 13:42:49.185,8.84899,8.85023,2.25,2.33
2012.02.02 13:42:49.256,8.84906,8.85023,1.20,2.33
2012.02.02 13:42:51.146,8.84916,8.85042,1.50,2.33
2012.02.02 13:43:01.926,8.84908,8.85032,2.25,2.33
2012.02.02 13:43:15.268,8.84911,8.85035,1.50,2.33
2012.02.02 13:43:19.273,8.84906,8.85028,1.20,2.33
2012.02.02 13:43:30.334,8.84916,8.8504,1.50,2.33
2012.02.02 13:43:30.722,8.84908,8.85032,2.25,2.33
2012.02.02 13:43:43.130,8.84916,8.8504,1.50,2.33
2012.02.02 13:43:58.228,8.84905,8.85029,1.95,2.33
2012.02.02 13:43:59.951,8.84921,8.85029,1.20,1.95
2012.02.02 13:44:00.200,8.84926,8.85029,1.20,1.50
2012.02.02 13:44:00.274,8.84926,8.8504,1.20,2.33
2012.02.02 13:44:01.665,8.84926,8.85031,1.20,1.50
2012.02.02 13:44:02.259,8.84926,8.85016,1.20,1.50
2012.02.02 13:44:02.409,8.84926,8.85023,1.20,1.50
2012.02.02 13:44:04.123,8.84926,8.85031,1.20,1.50
2012.02.02 13:44:04.646,8.84926,8.8502,1.20,1.50
2012.02.02 13:44:04.973,8.84906,8.8502,1.20,2.33
2012.02.02 13:44:05.043,8.84906,8.8502,1.20,2.33
2012.02.02 13:44:05.251,8.84905,8.85031,2.25,2.33
2012.02.02 13:44:07.086,8.84916,8.85042,1.50,2.33
2012.02.02 13:44:07.590,8.84925,8.85049,1.50,2.33
2012.02.02 13:44:07.681,8.84916,8.8504,1.50,2.33
2012.02.02 13:44:09.153,8.84916,8.8504,1.50,2.33
2012.02.02 13:44:09.945,8.84906,8.8503,2.25,2.33
2012.02.02 13:44:10.944,8.84919,8.85045,1.50,2.33
2012.02.02 13:44:11.086,8.84907,8.85031,2.25,2.33
2012.02.02 13:44:11.653,8.84909,8.85035,1.50,2.33
2012.02.02 13:44:12.644,8.84909,8.85035,1.50,2.33
2012.02.02 13:44:13.953,8.84909,8.85035,1.50,2.33
2012.02.02 13:44:17.731,8.84902,8.85017,1.20,2.33
2012.02.02 13:44:19.427,8.84909,8.85033,1.50,2.33
2012.02.02 13:44:20.775,8.84902,8.85023,1.20,2.33
2012.02.02 13:44:21.436,8.84909,8.85033,1.50,2.33
2012.02.02 13:44:22.657,8.84909,8.85012,1.50,1.58
2012.02.02 13:44:22.746,8.84871,8.84995,2.25,2.33
2012.02.02 13:44:34.883,8.84863,8.84987,2.25,2.33
2012.02.02 13:44:46.450,8.84845,8.84971,2.25,2.33
2012.02.02 13:44:47.011,8.84845,8.84952,2.25,1.58
2012.02.02 13:44:58.218,8.84836,8.84962,2.25,2.33
2012.02.02 13:45:49.286,8.84826,8.84952,2.70,3.08
2012.02.02 13:45:58.315,8.8483,8.84956,2.25,2.33
2012.02.02 13:46:04.358,8.8463,8.84774,1.50,1.35
2012.02.02 13:46:04.443,8.84566,8.8475,1.50,2.25
2012.02.02 13:46:04.515,8.84567,8.8475,1.50,2.25
2012.02.02 13:46:04.664,8.84567,8.8475,1.50,2.25
2012.02.02 13:46:05.222,8.84587,8.8475,1.35,1.50
2012.02.02 13:46:05.294,8.84575,8.84761,2.48,1.50
2012.02.02 13:46:05.363,8.84659,8.84783,1.50,1.50
2012.02.02 13:46:10.772,8.84659,8.84783,1.50,2.25
2012.02.02 13:46:11.021,8.84659,8.84783,1.50,1.50
2012.02.02 13:46:11.091,8.84659,8.8475,1.50,1.50
2012.02.02 13:46:11.163,8.84652,8.84778,1.50,1.50
2012.02.02 13:46:14.023,8.84618,8.84742,1.50,1.50
2012.02.02 13:46:14.341,8.84583,8.84709,1.50,2.25
2012.02.02 13:46:14.590,8.84583,8.84709,1.50,1.50
2012.02.02 13:46:14.725,8.84574,8.84698,1.99,1.50
2012.02.02 13:46:14.871,8.84649,8.84773,1.50,1.50
2012.02.02 13:46:17.921,8.84657,8.84781,1.50,1.50
2012.02.02 13:46:19.470,8.84657,8.84742,1.50,1.40
2012.02.02 13:46:19.792,8.84609,8.84735,1.50,2.25
2012.02.02 13:46:19.983,8.84592,8.84716,1.50,2.25
2012.02.02 13:46:22.734,8.84592,8.84716,1.50,2.25
2012.02.02 13:46:22.803,8.84578,8.84704,1.50,2.25
2012.02.02 13:46:22.994,8.84566,8.84692,1.50,2.25
2012.02.02 13:46:23.764,8.84566,8.84692,1.50,2.25
2012.02.02 13:46:32.921,8.84566,8.84647,1.88,1.20
2012.02.02 13:46:39.635,8.8455,8.84647,2.25,1.20
2012.02.02 13:46:40.492,8.84542,8.84622,1.50,1.20
2012.02.02 13:46:40.680,8.84542,8.84646,1.95,1.20
2012.02.02 13:46:40.810,8.84549,8.84646,1.50,1.20
2012.02.02 13:46:45.992,8.84549,8.84652,1.50,1.58
2012.02.02 13:46:46.122,8.84549,8.84673,2.25,1.58
2012.02.02 13:46:46.190,8.84562,8.84673,1.20,1.58
2012.02.02 13:46:47.831,8.84572,8.84673,1.50,1.58
2012.02.02 13:46:48.622,8.84572,8.84666,1.50,1.20
2012.02.02 13:46:48.991,8.84572,8.84662,1.50,1.58
2012.02.02 13:46:49.263,8.84572,8.84682,2.25,1.58
2012.02.02 13:46:51.915,8.84572,8.84677,2.25,1.20
2012.02.02 13:46:52.974,8.84578,8.84682,1.50,1.58
2012.02.02 13:46:58.089,8.8458,8.84682,1.50,1.58
2012.02.02 13:47:00.141,8.84586,8.84682,2.10,1.58
2012.02.02 13:47:00.210,8.84586,8.84704,2.10,1.50
2012.02.02 13:47:00.282,8.84588,8.84712,2.10,1.50
2012.02.02 13:47:00.349,8.846,8.84724,2.10,1.50
2012.02.02 13:47:00.493,8.84631,8.84749,1.50,1.50
2012.02.02 13:47:00.561,8.84643,8.84767,1.50,1.50
2012.02.02 13:47:02.203,8.84643,8.84767,1.50,2.25
2012.02.02 13:47:02.274,8.84618,8.84726,1.61,2.25
2012.02.02 13:47:02.347,8.846,8.84726,1.50,2.25
2012.02.02 13:47:02.482,8.84585,8.84709,1.50,2.25
2012.02.02 13:47:02.554,8.84578,8.84696,1.50,2.25
2012.02.02 13:47:05.576,8.84587,8.84713,1.50,2.25
2012.02.02 13:47:05.940,8.84604,8.84728,1.50,2.25
2012.02.02 13:47:06.155,8.84604,8.84728,1.50,2.25
2012.02.02 13:47:07.145,8.84604,8.84728,1.50,2.25
2012.02.02 13:47:07.861,8.84604,8.84728,2.25,2.25
2012.02.02 13:47:08.561,8.84596,8.8472,1.50,2.25
2012.02.02 13:47:08.632,8.84596,8.8472,2.25,2.25
2012.02.02 13:47:09.463,8.84596,8.8472,1.50,2.25
2012.02.02 13:47:09.733,8.84596,8.8472,2.25,2.25
2012.02.02 13:47:10.925,8.84596,8.8472,2.25,2.25
2012.02.02 13:47:12.952,8.84579,8.84677,2.25,1.20
2012.02.02 13:47:13.092,8.84579,8.84677,2.25,1.20
2012.02.02 13:47:13.280,8.84579,8.84677,1.50,1.20
2012.02.02 13:47:15.348,8.84559,8.84647,1.50,1.20
2012.02.02 13:47:15.731,8.84552,8.84647,1.50,1.20
2012.02.02 13:47:16.173,8.84537,8.84647,1.95,1.20
2012.02.02 13:47:16.242,8.84537,8.84622,1.50,1.20
2012.02.02 13:47:16.378,8.8453,8.84627,1.50,1.20
2012.02.02 13:47:16.622,8.84521,8.84623,1.50,1.20
2012.02.02 13:47:16.691,8.84521,8.84622,1.50,1.20
2012.02.02 13:47:18.845,8.84521,8.84641,2.33,1.20
2012.02.02 13:47:19.161,8.8454,8.84641,1.50,1.20
2012.02.02 13:47:19.238,8.84556,8.84666,2.25,1.50
2012.02.02 13:47:19.314,8.84556,8.84675,2.25,1.50
2012.02.02 13:47:19.383,8.84556,8.84667,2.25,1.50
2012.02.02 13:47:19.455,8.84548,8.84667,2.40,1.50
2012.02.02 13:47:19.524,8.84551,8.84677,1.65,1.50
2012.02.02 13:47:19.591,8.84551,8.84677,1.50,1.50
2012.02.02 13:47:19.662,8.84554,8.84677,1.50,1.50
2012.02.02 13:47:19.981,8.84579,8.84703,1.50,2.90
2012.02.02 13:47:20.325,8.84565,8.84691,1.50,1.50
2012.02.02 13:47:21.286,8.84573,8.84699,1.50,2.15
2012.02.02 13:47:21.846,8.84574,8.847,1.50,2.15
2012.02.02 13:47:22.516,8.84592,8.84703,1.50,1.40
2012.02.02 13:47:22.612,8.84565,8.84689,2.25,1.50
2012.02.02 13:47:22.754,8.84565,8.84689,1.65,1.50
2012.02.02 13:47:22.823,8.84565,8.84689,1.50,1.50
2012.02.02 13:47:23.095,8.8457,8.84689,1.50,1.50
2012.02.02 13:47:23.499,8.84595,8.84712,1.50,1.40
2012.02.02 13:47:23.843,8.84604,8.84712,1.50,1.40
2012.02.02 13:47:25.249,8.84596,8.84713,1.50,1.40
2012.02.02 13:47:26.084,8.84586,8.84712,1.50,2.15
2012.02.02 13:47:27.117,8.84599,8.84713,1.50,1.40
2012.02.02 13:47:27.267,8.84569,8.84693,1.50,2.15
2012.02.02 13:47:28.041,8.84545,8.84669,1.50,1.50
2012.02.02 13:47:28.926,8.84576,8.847,1.50,2.15
2012.02.02 13:47:30.498,8.84584,8.84708,1.50,2.15
2012.02.02 13:47:32.773,8.84599,8.84712,1.50,1.40
2012.02.02 13:47:33.037,8.84599,8.84712,1.50,1.58
2012.02.02 13:47:33.112,8.8461,8.84712,1.50,1.58
2012.02.02 13:47:34.720,8.84622,8.84712,1.50,1.58
2012.02.02 13:47:35.366,8.84622,8.84748,1.50,1.50
2012.02.02 13:47:36.786,8.84615,8.84739,1.50,1.50
2012.02.02 13:47:38.670,8.84601,8.84725,1.50,1.50
2012.02.02 13:47:39.303,8.84609,8.84735,1.50,1.50
2012.02.02 13:47:39.846,8.84595,8.84721,1.50,1.50
2012.02.02 13:47:40.448,8.84614,8.8474,1.50,1.50
2012.02.02 13:47:43.528,8.84627,8.84751,1.50,1.50
2012.02.02 13:47:44.133,8.84627,8.84753,1.50,1.50
2012.02.02 13:47:45.151,8.8462,8.84744,1.50,1.50
2012.02.02 13:47:47.440,8.84612,8.84736,1.50,1.50
2012.02.02 13:47:50.580,8.84619,8.84745,1.50,1.50
2012.02.02 13:47:51.135,8.84629,8.84753,1.50,1.50
2012.02.02 13:47:52.151,8.84621,8.84745,1.50,1.50
2012.02.02 13:47:57.543,8.84611,8.84735,1.50,1.50
2012.02.02 13:48:05.345,8.84619,8.84745,1.50,1.50
2012.02.02 13:48:08.364,8.84609,8.84735,1.50,1.50
2012.02.02 13:48:08.987,8.84619,8.84743,1.50,1.50
2012.02.02 13:48:11.554,8.84627,8.84751,1.50,1.50
2012.02.02 13:48:12.140,8.84615,8.84739,1.50,1.50
2012.02.02 13:48:13.742,8.84615,8.84739,2.25,1.50
2012.02.02 13:48:14.061,8.84686,8.84739,2.25,1.50
2012.02.02 13:48:14.274,8.84703,8.84827,2.25,1.50
2012.02.02 13:48:14.612,8.84703,8.84827,1.50,1.50
2012.02.02 13:48:14.740,8.8468,8.84806,1.50,1.50
2012.02.02 13:48:18.873,8.84689,8.84815,1.50,1.50
2012.02.02 13:48:20.915,8.84681,8.84807,1.50,1.50
2012.02.02 13:48:23.663,8.84683,8.84807,1.50,1.50
2012.02.02 13:48:30.180,8.84669,8.84795,1.50,1.50
2012.02.02 13:48:30.460,8.84679,8.84795,1.50,1.50
2012.02.02 13:48:30.779,8.84703,8.84816,1.50,1.58
2012.02.02 13:48:31.380,8.84695,8.84803,1.50,1.58
2012.02.02 13:48:31.513,8.84685,8.84803,1.50,1.58
2012.02.02 13:48:32.533,8.84677,8.84801,1.50,2.33
2012.02.02 13:48:36.157,8.84686,8.84803,1.50,1.58
2012.02.02 13:48:41.312,8.84677,8.84803,1.50,3.08
2012.02.02 13:48:41.537,8.84689,8.84803,1.50,1.58
2012.02.02 13:48:42.096,8.84678,8.84802,1.50,2.33
2012.02.02 13:48:50.174,8.84686,8.84803,1.50,1.58
2012.02.02 13:48:56.651,8.84695,8.84803,1.50,1.58
2012.02.02 13:49:00.379,8.84678,8.84802,1.50,2.33
2012.02.02 13:49:00.744,8.84688,8.84803,1.50,1.58
2012.02.02 13:49:03.456,8.84708,8.84803,1.50,1.58
2012.02.02 13:49:04.392,8.84699,8.84803,1.50,1.58
2012.02.02 13:49:06.135,8.84692,8.84803,1.50,1.58
2012.02.02 13:49:07.650,8.84684,8.84803,1.50,1.58
2012.02.02 13:49:08.082,8.84675,8.84799,1.50,2.33
2012.02.02 13:49:09.366,8.84687,8.84803,1.50,1.58
2012.02.02 13:49:09.872,8.84674,8.848,1.50,2.33
2012.02.02 13:49:10.347,8.84686,8.84803,1.50,1.58
2012.02.02 13:49:15.871,8.84695,8.84803,1.50,1.58
2012.02.02 13:49:21.379,8.84695,8.84819,1.50,2.33
2012.02.02 13:49:25.400,8.84687,8.84811,1.50,2.33
2012.02.02 13:49:28.292,8.84681,8.84805,1.50,2.33
2012.02.02 13:49:31.487,8.84681,8.84805,1.50,2.33
2012.02.02 13:49:31.692,8.84672,8.84798,1.50,2.33
2012.02.02 13:49:34.992,8.8468,8.84806,1.50,2.33
2012.02.02 13:49:40.463,8.8469,8.84814,1.50,2.33
2012.02.02 13:49:45.693,8.84677,8.84801,1.50,2.33
2012.02.02 13:49:50.737,8.84691,8.84815,1.50,2.33
2012.02.02 13:49:51.132,8.84701,8.84827,1.50,2.33
2012.02.02 13:49:51.628,8.84686,8.8481,1.50,2.33
2012.02.02 13:49:51.705,8.84697,8.84821,1.50,2.33
2012.02.02 13:49:52.671,8.847,8.84824,1.50,2.33
2012.02.02 13:49:58.988,8.84689,8.84815,1.50,2.33
2012.02.02 13:49:59.852,8.84698,8.84822,1.50,2.33
2012.02.02 13:50:01.729,8.84709,8.84833,1.50,2.33
2012.02.02 13:50:02.635,8.84698,8.84822,1.50,2.33
2012.02.02 13:50:02.718,8.8471,8.84834,1.50,2.33
2012.02.02 13:50:03.709,8.84717,8.84842,1.50,1.58
2012.02.02 13:50:04.360,8.84707,8.84833,1.50,2.33
2012.02.02 13:50:05.868,8.8468,8.84804,1.50,2.33
2012.02.02 13:50:05.940,8.84693,8.84817,1.50,2.33
2012.02.02 13:50:08.470,8.84693,8.84817,1.50,2.33
2012.02.02 13:50:08.543,8.84682,8.84808,1.50,2.33
2012.02.02 13:50:09.704,8.84682,8.84808,2.25,2.33
2012.02.02 13:50:10.295,8.84682,8.84808,1.50,2.33
2012.02.02 13:50:10.378,8.84699,8.84823,1.50,2.33
2012.02.02 13:50:11.298,8.84707,8.84831,1.50,2.33
2012.02.02 13:50:13.534,8.84698,8.84824,1.50,2.33
2012.02.02 13:50:16.818,8.84687,8.84813,1.50,2.33
2012.02.02 13:50:20.688,8.8466,8.84786,1.50,1.50
2012.02.02 13:50:20.781,8.84677,8.84786,1.20,2.33
2012.02.02 13:50:21.596,8.84677,8.8478,1.20,1.50
2012.02.02 13:50:21.955,8.84678,8.8479,1.58,1.50
2012.02.02 13:50:22.294,8.84697,8.84804,1.20,1.95
2012.02.02 13:50:23.017,8.84678,8.84804,2.33,1.95
2012.02.02 13:50:23.091,8.84678,8.84804,1.50,2.33
2012.02.02 13:50:23.163,8.84678,8.84804,2.25,2.33
2012.02.02 13:50:23.235,8.84692,8.84804,1.20,2.33
2012.02.02 13:50:24.161,8.84687,8.84811,2.33,2.33
2012.02.02 13:50:24.232,8.84687,8.84811,1.50,2.33
2012.02.02 13:50:24.773,8.84687,8.84811,2.25,2.33
2012.02.02 13:50:25.308,8.84691,8.84811,1.20,2.33
2012.02.02 13:50:25.743,8.84687,8.84811,1.50,2.33
2012.02.02 13:50:25.943,8.84687,8.84811,2.25,2.33
2012.02.02 13:50:26.016,8.84715,8.84837,2.25,1.50
2012.02.02 13:50:26.095,8.84715,8.84841,2.25,1.50
2012.02.02 13:50:26.626,8.84715,8.84839,2.25,1.50
2012.02.02 13:50:27.265,8.84725,8.84851,1.50,2.85
2012.02.02 13:50:27.400,8.84725,8.84851,2.25,1.50
2012.02.02 13:50:29.359,8.84733,8.84859,2.25,1.50
2012.02.02 13:50:29.568,8.84725,8.84849,2.25,1.50
2012.02.02 13:50:29.924,8.84733,8.84857,2.25,1.50
2012.02.02 13:50:29.992,8.84733,8.84857,2.25,1.50
2012.02.02 13:50:30.064,8.8474,8.84866,2.25,1.95
2012.02.02 13:50:32.155,8.84757,8.84866,1.50,1.05
2012.02.02 13:50:32.284,8.84701,8.84825,1.50,1.50
2012.02.02 13:50:32.490,8.84695,8.84819,1.50,1.50
2012.02.02 13:50:33.092,8.8467,8.84794,1.50,1.50
2012.02.02 13:50:33.177,8.84658,8.84784,1.50,1.50
2012.02.02 13:50:35.504,8.84651,8.84775,2.25,1.50
2012.02.02 13:50:36.020,8.84651,8.84775,2.25,1.50
2012.02.02 13:50:36.244,8.84667,8.84791,1.50,1.50
2012.02.02 13:50:36.314,8.84676,8.848,1.50,1.50
2012.02.02 13:50:36.445,8.84712,8.84838,1.50,1.50
2012.02.02 13:50:36.723,8.84721,8.84845,1.50,1.50
2012.02.02 13:50:37.353,8.84729,8.84853,1.50,1.50
2012.02.02 13:50:38.000,8.84704,8.84829,1.50,1.50
2012.02.02 13:50:38.518,8.84703,8.84829,1.50,1.50
2012.02.02 13:50:39.337,8.84713,8.84839,1.50,1.50
2012.02.02 13:50:40.063,8.84727,8.84851,1.50,1.50
2012.02.02 13:50:40.595,8.84716,8.84842,1.50,1.50
2012.02.02 13:50:42.586,8.84729,8.84853,1.50,1.50
2012.02.02 13:50:42.735,8.84738,8.84864,1.50,1.50
2012.02.02 13:50:42.807,8.84729,8.84855,1.50,1.50
2012.02.02 13:50:44.835,8.8472,8.84844,1.50,1.50
2012.02.02 13:50:46.287,8.84738,8.84862,1.50,1.50
2012.02.02 13:50:48.439,8.8474,8.84864,1.50,1.50
2012.02.02 13:50:49.321,8.84765,8.84891,1.50,2.10
2012.02.02 13:50:49.453,8.84751,8.84877,1.50,1.50
2012.02.02 13:50:50.642,8.84741,8.84867,1.50,1.50
2012.02.02 13:50:53.040,8.84734,8.84858,1.50,1.50
2012.02.02 13:50:55.706,8.84744,8.84868,1.50,1.50
2012.02.02 13:50:56.559,8.84752,8.84876,1.50,1.50
2012.02.02 13:50:57.553,8.84737,8.84861,1.50,1.50
2012.02.02 13:50:58.872,8.84712,8.84832,1.50,1.50
2012.02.02 13:50:59.006,8.84706,8.84832,1.50,1.50
2012.02.02 13:50:59.566,8.84714,8.8484,1.50,1.50
2012.02.02 13:50:59.953,8.84729,8.84853,1.50,1.50
2012.02.02 13:51:00.862,8.84739,8.84863,1.50,1.50
2012.02.02 13:51:01.853,8.84731,8.84855,1.50,1.50
2012.02.02 13:51:01.922,8.84708,8.84834,1.50,1.50
2012.02.02 13:51:02.353,8.847,8.84824,1.50,1.50
2012.02.02 13:51:02.424,8.84686,8.84812,1.50,1.50
2012.02.02 13:51:02.696,8.84707,8.84831,1.50,2.33
2012.02.02 13:51:03.158,8.84725,8.84851,1.50,2.33
2012.02.02 13:51:03.241,8.84711,8.84835,1.50,2.33
2012.02.02 13:51:04.366,8.84702,8.84826,1.50,1.95
2012.02.02 13:51:05.153,8.8471,8.84836,1.50,2.33
2012.02.02 13:51:05.607,8.84701,8.84825,1.50,1.50
2012.02.02 13:51:06.235,8.84693,8.84817,1.50,1.50
2012.02.02 13:51:06.799,8.84711,8.84835,1.50,2.33
2012.02.02 13:51:07.332,8.84686,8.84804,1.50,1.50
2012.02.02 13:51:07.404,8.84678,8.84804,1.50,1.50
2012.02.02 13:51:08.000,8.847,8.84824,1.50,1.50
2012.02.02 13:51:09.129,8.8469,8.84814,1.50,1.50
2012.02.02 13:51:10.014,8.84698,8.84824,1.50,1.50
2012.02.02 13:51:11.134,8.84706,8.84832,1.50,2.33
2012.02.02 13:51:13.714,8.84714,8.8484,1.50,2.33
2012.02.02 13:51:14.215,8.84731,8.84842,1.50,1.58
2012.02.02 13:51:21.012,8.84754,8.84862,1.50,1.58
2012.02.02 13:51:21.373,8.84763,8.84884,1.50,1.43
2012.02.02 13:51:22.662,8.84781,8.84892,1.50,1.58
2012.02.02 13:51:22.734,8.84781,8.84893,1.50,1.50
2012.02.02 13:51:22.925,8.84796,8.84902,1.50,1.50
2012.02.02 13:51:23.183,8.84796,8.8492,2.25,1.50
2012.02.02 13:51:23.633,8.84817,8.84941,1.50,2.25
2012.02.02 13:51:23.792,8.84809,8.84933,1.50,2.25
2012.02.02 13:51:24.389,8.84784,8.84896,2.25,1.50
2012.02.02 13:51:24.712,8.84762,8.84888,1.50,1.50
2012.02.02 13:51:24.782,8.84746,8.8487,1.50,1.50
2012.02.02 13:51:25.030,8.84696,8.84822,1.50,1.50
2012.02.02 13:51:26.791,8.84707,8.84831,1.50,1.50
2012.02.02 13:51:27.931,8.84691,8.84817,1.50,1.50
2012.02.02 13:51:28.762,8.84701,8.84825,1.50,1.50
2012.02.02 13:51:31.883,8.84735,8.84851,2.25,1.50
2012.02.02 13:51:32.196,8.84758,8.84884,1.50,2.25
2012.02.02 13:51:33.533,8.84791,8.84908,1.50,1.50
2012.02.02 13:51:33.601,8.84791,8.84913,1.50,1.50
2012.02.02 13:51:33.697,8.84791,8.84913,1.50,1.50
2012.02.02 13:51:34.692,8.84791,8.84913,1.50,1.50
2012.02.02 13:51:35.111,8.84799,8.84903,1.50,1.58
2012.02.02 13:51:35.447,8.84812,8.84902,1.50,1.58
2012.02.02 13:51:36.656,8.84799,8.84902,1.50,1.58
2012.02.02 13:51:37.092,8.84791,8.84913,1.50,1.58
2012.02.02 13:51:37.639,8.84806,8.84913,1.50,1.58
2012.02.02 13:51:37.996,8.84798,8.84913,1.50,2.33
2012.02.02 13:51:39.933,8.84786,8.8491,1.50,2.33
2012.02.02 13:51:41.869,8.84796,8.84893,1.50,1.58
2012.02.02 13:51:42.148,8.84792,8.84893,1.50,1.58
2012.02.02 13:51:43.295,8.84801,8.84893,1.50,1.58
2012.02.02 13:51:43.838,8.84809,8.84912,1.50,1.58
2012.02.02 13:51:45.096,8.84801,8.84912,1.50,1.58
2012.02.02 13:51:48.134,8.84792,8.84912,1.50,1.58
2012.02.02 13:51:50.194,8.84781,8.84905,1.50,2.33
2012.02.02 13:51:51.450,8.84771,8.84895,1.50,2.33
2012.02.02 13:51:52.105,8.84776,8.849,1.50,2.33
2012.02.02 13:51:53.041,8.84751,8.84877,2.33,2.33
2012.02.02 13:51:54.458,8.84768,8.84892,1.50,2.33
2012.02.02 13:51:54.888,8.84777,8.84901,1.50,2.33
2012.02.02 13:51:55.255,8.84765,8.84891,1.95,2.33
2012.02.02 13:52:04.842,8.84769,8.84893,1.50,3.08
2012.02.02 13:52:06.110,8.84747,8.84873,2.33,1.95
2012.02.02 13:52:11.706,8.84785,8.84908,1.50,2.33
2012.02.02 13:52:12.162,8.84772,8.84896,1.50,2.33
2012.02.02 13:52:13.533,8.84757,8.84881,2.33,2.33
2012.02.02 13:52:14.164,8.8474,8.84866,2.33,1.50
2012.02.02 13:52:15.158,8.84748,8.84874,2.33,1.95
2012.02.02 13:52:16.345,8.8477,8.84893,1.50,1.58
2012.02.02 13:52:17.133,8.84751,8.84875,2.33,1.95
2012.02.02 13:52:17.800,8.84785,8.84909,1.50,2.33
2012.02.02 13:52:20.534,8.84761,8.84887,2.33,2.33
2012.02.02 13:52:20.844,8.84782,8.84908,1.50,2.33
2012.02.02 13:52:21.170,8.84792,8.84913,1.50,2.33
2012.02.02 13:52:26.972,8.84784,8.84908,1.50,2.33
2012.02.02 13:52:27.930,8.84764,8.84888,1.95,2.33
2012.02.02 13:52:28.387,8.84771,8.84893,1.50,1.58
2012.02.02 13:52:29.057,8.8478,8.84904,1.50,2.33
2012.02.02 13:52:30.626,8.84787,8.84912,1.50,1.58
2012.02.02 13:52:34.042,8.84779,8.84903,1.50,2.33
2012.02.02 13:52:35.034,8.84791,8.84912,1.50,1.58
2012.02.02 13:52:36.382,8.84781,8.84907,1.50,2.33
2012.02.02 13:52:36.450,8.8479,8.84913,1.50,2.33
2012.02.02 13:52:38.552,8.84782,8.84893,1.50,1.58
2012.02.02 13:52:39.215,8.84764,8.8489,1.95,2.33
2012.02.02 13:52:39.643,8.84773,8.84893,1.50,1.58
2012.02.02 13:52:40.491,8.84786,8.84893,1.50,1.58
2012.02.02 13:52:42.735,8.84802,8.84893,1.50,1.58
2012.02.02 13:52:42.959,8.84799,8.84893,1.50,1.58
2012.02.02 13:52:44.725,8.84775,8.84849,1.50,1.50
2012.02.02 13:52:44.827,8.84725,8.84849,2.33,1.50
2012.02.02 13:52:46.099,8.84743,8.84867,2.33,2.25
2012.02.02 13:52:46.536,8.84723,8.84849,2.33,1.50
2012.02.02 13:52:46.617,8.84733,8.84857,2.33,2.25
2012.02.02 13:52:46.701,8.84733,8.84857,2.33,2.25
2012.02.02 13:52:50.674,8.84765,8.84872,1.95,1.20
2012.02.02 13:52:51.629,8.84778,8.84872,1.50,1.20
2012.02.02 13:52:52.542,8.84785,8.84872,1.50,1.20
2012.02.02 13:52:52.854,8.84793,8.84872,1.50,1.20
2012.02.02 13:52:52.981,8.84793,8.84893,1.50,1.58
2012.02.02 13:52:53.580,8.84786,8.84893,1.50,1.58
2012.02.02 13:52:56.848,8.84766,8.84892,1.95,2.33
2012.02.02 13:52:56.912,8.84776,8.84893,1.50,1.58
2012.02.02 13:52:58.744,8.84776,8.84872,1.50,1.20
2012.02.02 13:52:59.830,8.84776,8.84892,1.50,1.58
2012.02.02 13:53:01.182,8.8479,8.84893,1.50,1.58
2012.02.02 13:53:01.455,8.84779,8.84893,1.50,1.58
2012.02.02 13:53:02.599,8.84772,8.84893,1.50,1.58
2012.02.02 13:53:02.693,8.84748,8.84872,2.33,2.70
2012.02.02 13:53:03.002,8.84748,8.84872,2.33,2.70
2012.02.02 13:53:03.431,8.84748,8.84872,2.33,2.70
2012.02.02 13:53:06.948,8.84773,8.84872,1.50,1.20
2012.02.02 13:53:07.778,8.84781,8.84872,1.50,1.20
2012.02.02 13:53:11.672,8.84767,8.84872,1.95,1.20
2012.02.02 13:53:13.116,8.84755,8.84872,2.33,1.20
2012.02.02 13:53:15.383,8.84772,8.84872,1.50,1.20
2012.02.02 13:53:16.520,8.84762,8.84872,2.33,1.20
2012.02.02 13:53:23.397,8.84777,8.84872,1.50,1.20
2012.02.02 13:53:24.982,8.84777,8.84832,1.50,1.40
2012.02.02 13:53:25.147,8.84752,8.8481,1.50,1.50
2012.02.02 13:53:25.224,8.84684,8.8481,2.33,1.50
2012.02.02 13:53:25.379,8.84674,8.84798,2.33,1.50
2012.02.02 13:53:25.884,8.84661,8.84787,2.33,1.50
2012.02.02 13:53:26.689,8.84658,8.84784,2.33,1.50
2012.02.02 13:53:27.025,8.84649,8.84773,2.33,1.50
2012.02.02 13:53:28.449,8.84661,8.84785,2.33,1.50
2012.02.02 13:53:30.067,8.84647,8.84771,2.33,1.50
2012.02.02 13:53:30.589,8.84646,8.84769,1.58,1.50
2012.02.02 13:53:31.069,8.8468,8.84804,2.33,1.50
2012.02.02 13:53:33.287,8.84672,8.84796,2.33,1.50
2012.02.02 13:53:35.177,8.84681,8.84805,2.33,1.50
2012.02.02 13:53:36.705,8.84688,8.84814,2.33,1.50
2012.02.02 13:53:36.839,8.84677,8.84803,2.33,1.50
2012.02.02 13:53:37.592,8.8467,8.84794,2.33,1.50
2012.02.02 13:53:38.273,8.84661,8.84785,2.33,1.50
2012.02.02 13:53:38.581,8.84661,8.84785,1.50,1.50
2012.02.02 13:53:39.125,8.84726,8.8485,1.50,1.50
2012.02.02 13:53:39.431,8.847,8.84821,1.50,1.50
2012.02.02 13:53:39.636,8.84697,8.84821,1.50,1.50
2012.02.02 13:53:42.034,8.84682,8.84806,1.50,1.50
2012.02.02 13:53:42.719,8.8469,8.84814,1.50,1.50
2012.02.02 13:53:43.203,8.8469,8.84814,2.25,1.50
2012.02.02 13:53:43.484,8.84755,8.84879,1.50,1.50
2012.02.02 13:53:43.558,8.84755,8.84879,1.61,1.50
2012.02.02 13:53:43.636,8.84782,8.84906,1.50,1.50
2012.02.02 13:53:44.086,8.84731,8.84857,1.50,1.50
2012.02.02 13:53:45.484,8.8474,8.84866,1.50,1.50
2012.02.02 13:53:45.826,8.84749,8.84873,1.50,1.50
2012.02.02 13:53:47.822,8.84765,8.84889,1.50,2.25
2012.02.02 13:53:49.043,8.84731,8.84855,1.50,1.50
2012.02.02 13:53:49.415,8.84723,8.84847,1.50,1.50
2012.02.02 13:53:51.213,8.84711,8.84837,1.50,1.50
2012.02.02 13:53:53.585,8.84702,8.84828,1.50,1.50
2012.02.02 13:53:55.751,8.84711,8.84835,1.50,1.50
2012.02.02 13:53:59.532,8.84726,8.84852,1.50,1.50
2012.02.02 13:53:59.872,8.84718,8.84842,1.50,1.50
2012.02.02 13:54:00.712,8.84706,8.84832,1.50,1.50
2012.02.02 13:54:01.717,8.84698,8.84824,1.50,1.50
2012.02.02 13:54:06.934,8.84688,8.84812,1.50,1.50
2012.02.02 13:54:08.335,8.84708,8.84834,1.50,1.50
2012.02.02 13:54:08.411,8.847,8.84824,1.50,1.50
2012.02.02 13:54:08.800,8.84712,8.84836,1.50,1.50
2012.02.02 13:54:09.386,8.84714,8.8484,1.50,1.50
2012.02.02 13:54:09.526,8.84701,8.84825,1.50,1.50
2012.02.02 13:54:10.901,8.84686,8.8481,1.50,1.50
2012.02.02 13:54:16.103,8.84693,8.84819,1.50,1.50
2012.02.02 13:54:17.754,8.84701,8.84827,1.50,1.50
2012.02.02 13:54:19.082,8.84694,8.84818,1.50,1.50
2012.02.02 13:54:19.159,8.84679,8.84805,1.50,1.50
2012.02.02 13:54:19.234,8.84671,8.84795,1.61,1.50
2012.02.02 13:54:19.579,8.84682,8.84806,1.50,1.50
2012.02.02 13:54:21.998,8.84682,8.84806,2.25,1.50
2012.02.02 13:54:22.287,8.84697,8.84823,1.50,1.50
2012.02.02 13:54:23.886,8.84705,8.84831,1.50,1.50
2012.02.02 13:54:24.232,8.8469,8.84816,1.50,1.50
2012.02.02 13:54:25.084,8.84698,8.84824,1.50,1.50
2012.02.02 13:54:25.441,8.8469,8.84814,1.50,1.50
2012.02.02 13:54:27.121,8.8469,8.84814,2.33,2.33
2012.02.02 13:54:28.330,8.8469,8.84814,1.50,1.50
2012.02.02 13:54:28.669,8.84674,8.848,1.61,1.50
2012.02.02 13:54:29.276,8.84663,8.84789,2.43,1.50
2012.02.02 13:54:29.849,8.84751,8.84877,1.50,1.95
2012.02.02 13:54:29.991,8.84751,8.84877,1.61,1.50
2012.02.02 13:54:30.323,8.84808,8.84932,1.61,2.33
2012.02.02 13:54:30.459,8.84808,8.84932,1.61,1.50
2012.02.02 13:54:30.674,8.84821,8.84947,2.25,1.50
2012.02.02 13:54:30.885,8.84805,8.84976,2.25,1.50
2012.02.02 13:54:31.253,8.84839,8.84963,2.25,1.50
2012.02.02 13:54:31.383,8.84869,8.84993,1.50,1.50
2012.02.02 13:54:31.877,8.84863,8.84951,1.13,1.50
2012.02.02 13:54:32.028,8.84984,8.85148,1.61,1.50
2012.02.02 13:54:32.696,8.84984,8.85148,1.50,1.50
2012.02.02 13:54:32.837,8.84959,8.85007,1.50,1.50
2012.02.02 13:54:32.919,8.84843,8.85007,2.63,1.50
2012.02.02 13:54:33.695,8.84843,8.8504,2.25,1.50
2012.02.02 13:54:33.779,8.85018,8.85168,1.61,2.25
2012.02.02 13:54:33.864,8.85018,8.85182,1.61,1.50
2012.02.02 13:54:35.522,8.85054,8.85172,1.61,2.25
2012.02.02 13:54:35.666,8.85064,8.85172,1.50,2.25
2012.02.02 13:54:39.810,8.85048,8.85157,1.61,1.50
2012.02.02 13:54:40.982,8.85048,8.85166,1.61,1.50
2012.02.02 13:54:41.984,8.85097,8.85166,1.35,1.50
2012.02.02 13:54:42.054,8.85097,8.85196,1.46,1.50
2012.02.02 13:54:42.124,8.85099,8.85207,2.21,1.50
2012.02.02 13:54:42.191,8.85124,8.85248,1.61,1.50
2012.02.02 13:54:42.322,8.85139,8.85265,1.50,1.50
2012.02.02 13:54:42.984,8.85139,8.8519,1.50,2.25
2012.02.02 13:54:43.054,8.85087,8.85164,1.50,2.25
2012.02.02 13:54:43.122,8.85065,8.85164,1.50,2.25
2012.02.02 13:54:43.261,8.85065,8.85153,1.50,2.25
2012.02.02 13:54:43.829,8.85086,8.85153,2.10,2.25
2012.02.02 13:54:44.085,8.85099,8.85167,2.21,1.50
2012.02.02 13:54:44.152,8.85123,8.85249,1.61,1.50
2012.02.02 13:54:44.292,8.85138,8.85264,1.50,1.50
2012.02.02 13:54:46.331,8.85146,8.85272,1.50,1.50
2012.02.02 13:54:54.214,8.85146,8.85253,1.50,2.10
2012.02.02 13:54:54.353,8.85133,8.85253,1.50,2.10
2012.02.02 13:54:54.431,8.84979,8.85143,2.25,1.50
2012.02.02 13:54:54.502,8.84979,8.85143,2.25,1.50
2012.02.02 13:54:54.575,8.84961,8.8515,2.25,1.50
2012.02.02 13:54:55.151,8.84943,8.85154,2.25,1.50
2012.02.02 13:54:55.352,8.84936,8.85145,2.25,1.50
2012.02.02 13:54:56.174,8.84945,8.85116,2.25,1.50
2012.02.02 13:54:57.893,8.84954,8.85123,2.25,1.50
2012.02.02 13:55:00.988,8.84945,8.85116,2.25,1.50
2012.02.02 13:55:01.066,8.84954,8.85125,2.25,1.50
2012.02.02 13:55:02.203,8.84965,8.85134,2.25,1.50
2012.02.02 13:55:07.175,8.84955,8.85124,2.25,1.50
2012.02.02 13:55:08.806,8.84963,8.85134,2.25,1.50
2012.02.02 13:55:10.644,8.84977,8.85146,2.25,1.50
2012.02.02 13:55:11.363,8.84987,8.85158,2.25,1.50
2012.02.02 13:55:11.937,8.85005,8.85176,2.25,1.50
2012.02.02 13:55:12.232,8.84997,8.85166,2.25,1.50
2012.02.02 13:55:12.945,8.84988,8.85159,2.25,1.50
2012.02.02 13:55:13.321,8.84974,8.85143,2.25,1.50
2012.02.02 13:55:13.636,8.84963,8.85134,2.25,1.50
2012.02.02 13:55:13.967,8.84954,8.85123,2.25,1.50
2012.02.02 13:55:14.414,8.84962,8.85133,2.25,1.50
2012.02.02 13:55:15.404,8.84963,8.85124,2.25,1.50
2012.02.02 13:55:16.461,8.8495,8.85119,2.25,1.50
2012.02.02 13:55:16.541,8.84964,8.85135,2.25,1.50
2012.02.02 13:55:19.992,8.84955,8.85126,2.25,1.50
2012.02.02 13:55:20.617,8.84955,8.85126,2.36,1.50
2012.02.02 13:55:20.704,8.85062,8.85196,1.50,1.50
2012.02.02 13:55:20.778,8.85062,8.85206,1.50,1.50
2012.02.02 13:55:22.650,8.85089,8.85215,1.50,1.50
2012.02.02 13:55:24.712,8.85082,8.85206,1.50,1.50
2012.02.02 13:55:24.840,8.8507,8.85196,1.50,1.50
2012.02.02 13:55:25.205,8.85099,8.8522,1.50,1.50
2012.02.02 13:55:25.273,8.85099,8.85223,1.50,1.50
2012.02.02 13:55:25.705,8.8509,8.85216,1.50,1.50
2012.02.02 13:55:26.731,8.85053,8.85178,1.50,1.50
2012.02.02 13:55:27.512,8.85052,8.85178,1.50,1.50
2012.02.02 13:55:27.876,8.85061,8.85185,1.50,1.50
2012.02.02 13:55:28.652,8.84938,8.85106,2.25,1.50
2012.02.02 13:55:28.725,8.84924,8.85109,2.25,1.50
2012.02.02 13:55:29.194,8.84914,8.85097,2.25,1.50
2012.02.02 13:55:29.402,8.84915,8.85106,2.25,1.50
2012.02.02 13:55:29.733,8.84926,8.85095,2.25,1.50
2012.02.02 13:55:29.978,8.84934,8.85103,2.25,1.50
2012.02.02 13:55:32.346,8.84957,8.85128,2.25,1.50
2012.02.02 13:55:33.912,8.84969,8.85128,2.25,1.50
2012.02.02 13:55:34.162,8.85019,8.85143,1.50,1.50
2012.02.02 13:55:34.567,8.85027,8.85151,1.50,1.50
2012.02.02 13:55:35.312,8.85018,8.85144,1.50,1.50
2012.02.02 13:55:37.301,8.85006,8.85132,2.25,1.50
2012.02.02 13:55:37.392,8.85006,8.85132,2.25,1.50
2012.02.02 13:55:39.369,8.85024,8.8515,1.50,1.50
2012.02.02 13:55:39.889,8.85037,8.85161,1.50,1.50
2012.02.02 13:55:40.028,8.85026,8.85152,1.50,1.50
2012.02.02 13:55:40.106,8.85034,8.8516,1.50,1.50
2012.02.02 13:55:40.802,8.84964,8.8509,2.36,1.50
2012.02.02 13:55:40.901,8.85031,8.85155,1.50,2.15
2012.02.02 13:55:40.970,8.85031,8.85102,1.50,1.50
2012.02.02 13:55:41.185,8.84951,8.85077,2.25,1.50
2012.02.02 13:55:41.797,8.84977,8.85101,1.50,1.50
2012.02.02 13:55:41.945,8.84967,8.85093,1.50,1.50
2012.02.02 13:55:42.694,8.84976,8.851,1.50,1.50
2012.02.02 13:55:43.275,8.84967,8.85093,1.50,1.50
2012.02.02 13:55:45.158,8.84949,8.85075,2.25,1.50
2012.02.02 13:55:46.043,8.84941,8.85067,2.25,1.50
2012.02.02 13:55:46.535,8.84929,8.85053,2.25,1.50
2012.02.02 13:55:50.625,8.84937,8.85061,2.25,1.50
2012.02.02 13:55:50.753,8.84937,8.85061,1.50,1.50
2012.02.02 13:55:53.399,8.84947,8.85071,1.50,1.50
2012.02.02 13:55:53.735,8.84947,8.85071,1.50,2.25
2012.02.02 13:55:54.224,8.84947,8.85071,1.50,1.50
2012.02.02 13:55:54.713,8.84947,8.85096,2.36,1.50
2012.02.02 13:55:54.802,8.85092,8.85256,1.50,2.25
2012.02.02 13:55:55.002,8.85066,8.85218,1.50,1.50
2012.02.02 13:55:55.253,8.85007,8.85218,1.50,1.50
2012.02.02 13:55:55.725,8.8499,8.85201,1.50,1.50
2012.02.02 13:55:56.057,8.85183,8.85372,2.36,2.25
2012.02.02 13:55:56.730,8.85225,8.85389,2.25,1.50
2012.02.02 13:55:57.497,8.85252,8.85378,1.50,1.50
2012.02.02 13:55:59.151,8.85241,8.85367,2.25,1.50
2012.02.02 13:55:59.623,8.85249,8.85375,1.50,1.50
2012.02.02 13:56:00.284,8.85257,8.85383,1.50,1.50
2012.02.02 13:56:01.133,8.85249,8.85375,1.50,2.25
2012.02.02 13:56:01.456,8.85249,8.85375,1.50,2.25
2012.02.02 13:56:01.728,8.85249,8.85375,1.50,2.25
2012.02.02 13:56:01.810,8.85251,8.85377,1.50,2.25
2012.02.02 13:56:02.713,8.85251,8.85377,1.50,2.15
2012.02.02 13:56:03.121,8.85119,8.85285,2.25,1.50
2012.02.02 13:56:03.199,8.85119,8.85285,1.50,1.50
2012.02.02 13:56:03.282,8.85118,8.85282,1.50,1.50
2012.02.02 13:56:03.499,8.85133,8.85299,1.50,1.50
2012.02.02 13:56:03.577,8.85126,8.8529,1.50,1.50
2012.02.02 13:56:04.333,8.8512,8.8522,1.50,1.50
2012.02.02 13:56:04.405,8.85051,8.8522,2.25,1.50
2012.02.02 13:56:04.852,8.85063,8.85232,2.25,1.50
2012.02.02 13:56:04.925,8.85063,8.85232,2.25,1.50
2012.02.02 13:56:05.310,8.85063,8.85232,2.25,1.50
2012.02.02 13:56:05.383,8.85054,8.85223,2.25,1.50
2012.02.02 13:56:05.612,8.8507,8.85239,2.25,1.50
2012.02.02 13:56:06.126,8.8508,8.85249,2.25,1.50
2012.02.02 13:56:06.248,8.85127,8.85251,1.50,1.50
2012.02.02 13:56:06.518,8.852,8.85326,1.50,1.50
2012.02.02 13:56:07.582,8.85188,8.85314,1.50,1.50
2012.02.02 13:56:08.544,8.85172,8.85296,1.50,1.50
2012.02.02 13:56:08.870,8.85183,8.85307,1.50,1.50
2012.02.02 13:56:10.065,8.85173,8.85299,1.50,1.50
2012.02.02 13:56:10.811,8.85166,8.8529,1.50,1.50
2012.02.02 13:56:11.698,8.85147,8.85273,1.50,1.50
2012.02.02 13:56:11.956,8.85155,8.85281,2.25,1.50
2012.02.02 13:56:12.045,8.85224,8.85348,2.25,1.50
2012.02.02 13:56:12.535,8.85241,8.85367,2.25,1.50
2012.02.02 13:56:15.176,8.85241,8.85367,2.25,1.50
2012.02.02 13:56:16.617,8.85241,8.85367,2.25,1.50
2012.02.02 13:56:16.700,8.85252,8.85378,1.50,1.50
2012.02.02 13:56:17.813,8.85252,8.85378,2.25,1.50
2012.02.02 13:56:20.489,8.8528,8.85406,1.50,1.50
2012.02.02 13:56:22.014,8.85273,8.85397,2.25,1.50
2012.02.02 13:56:23.561,8.85288,8.85412,1.50,1.50
2012.02.02 13:56:25.412,8.8528,8.85404,1.50,1.50
2012.02.02 13:56:25.976,8.85289,8.85413,1.50,1.50
2012.02.02 13:56:26.875,8.85279,8.85405,1.50,1.50
2012.02.02 13:56:27.144,8.85289,8.85415,1.50,1.50
2012.02.02 13:56:27.690,8.853,8.85424,1.50,1.50
2012.02.02 13:56:27.840,8.85287,8.85413,1.50,1.50
2012.02.02 13:56:28.338,8.85266,8.8539,2.25,1.50
2012.02.02 13:56:28.430,8.85273,8.85399,2.25,1.50
2012.02.02 13:56:29.306,8.85296,8.85422,1.50,1.50
2012.02.02 13:56:30.145,8.85289,8.85413,1.50,1.50
2012.02.02 13:56:31.236,8.85279,8.85405,1.50,1.50
2012.02.02 13:56:31.535,8.85289,8.85413,1.50,1.50
2012.02.02 13:56:32.234,8.85276,8.85402,2.25,1.50
2012.02.02 13:56:32.755,8.85265,8.85391,2.25,1.50
2012.02.02 13:56:34.130,8.85254,8.85378,2.25,1.50
2012.02.02 13:56:34.626,8.85244,8.8537,2.25,1.50
2012.02.02 13:56:34.769,8.85253,8.85377,2.25,1.50
2012.02.02 13:56:36.571,8.8526,8.85386,2.25,1.50
2012.02.02 13:56:36.717,8.85277,8.85403,2.25,1.50
2012.02.02 13:56:38.593,8.85286,8.85412,1.50,1.50
2012.02.02 13:56:39.164,8.85273,8.85399,2.25,1.50
2012.02.02 13:56:40.160,8.85282,8.85406,1.50,1.50
2012.02.02 13:56:40.585,8.85272,8.85396,2.25,1.50
2012.02.02 13:56:41.247,8.85279,8.85405,1.50,1.50
2012.02.02 13:56:41.896,8.85288,8.85414,1.50,1.50
2012.02.02 13:56:43.592,8.85301,8.85425,1.50,1.50
2012.02.02 13:56:44.834,8.85292,8.85418,1.50,1.50
2012.02.02 13:56:45.905,8.85293,8.85417,1.50,1.50
2012.02.02 13:56:46.662,8.85281,8.85405,1.50,1.50
2012.02.02 13:56:48.223,8.85272,8.85398,1.50,1.50
2012.02.02 13:56:49.458,8.85287,8.85411,1.50,1.50
2012.02.02 13:56:49.667,8.85277,8.85403,1.50,1.50
2012.02.02 13:56:51.340,8.85268,8.85392,1.50,1.50
2012.02.02 13:56:53.525,8.85255,8.85379,1.50,1.50
2012.02.02 13:56:53.942,8.85255,8.85379,2.33,1.50
2012.02.02 13:56:54.952,8.85255,8.85379,2.33,1.50
2012.02.02 13:56:57.005,8.85263,8.85387,2.33,1.50
2012.02.02 13:57:00.192,8.85263,8.85387,2.33,1.50
2012.02.02 13:57:00.544,8.85277,8.85403,1.61,1.50
2012.02.02 13:57:03.004,8.85288,8.85414,1.61,2.25
2012.02.02 13:57:03.569,8.85288,8.85414,1.61,1.50
2012.02.02 13:57:05.244,8.85278,8.85402,1.61,1.50
2012.02.02 13:57:06.666,8.85262,8.85385,1.68,1.50
2012.02.02 13:57:07.056,8.85268,8.85394,2.06,1.50
2012.02.02 13:57:08.307,8.85262,8.85385,1.68,1.50
2012.02.02 13:57:08.453,8.85267,8.85393,2.06,1.50
2012.02.02 13:57:08.901,8.85362,8.85423,1.35,1.20
2012.02.02 13:57:09.047,8.85377,8.85518,1.50,1.50
2012.02.02 13:57:09.124,8.85407,8.85551,2.25,2.25
2012.02.02 13:57:09.199,8.85407,8.85551,2.25,1.50
2012.02.02 13:57:09.346,8.85407,8.85551,1.50,1.50
2012.02.02 13:57:09.414,8.85386,8.85532,1.50,1.50
2012.02.02 13:57:10.065,8.85388,8.85514,1.50,1.50
2012.02.02 13:57:10.685,8.85397,8.85523,1.50,1.50
2012.02.02 13:57:11.605,8.85407,8.85531,1.50,1.50
2012.02.02 13:57:12.434,8.85417,8.85541,1.50,1.50
2012.02.02 13:57:13.176,8.85427,8.85551,1.50,1.50
2012.02.02 13:57:15.369,8.85415,8.85541,1.50,1.50
2012.02.02 13:57:16.661,8.85415,8.85566,1.61,1.50
2012.02.02 13:57:16.995,8.85523,8.85663,1.61,2.25
2012.02.02 13:57:17.062,8.85523,8.85669,1.61,1.50
2012.02.02 13:57:17.133,8.85523,8.85669,1.61,1.50
2012.02.02 13:57:17.261,8.85534,8.85672,1.61,2.25
2012.02.02 13:57:17.631,8.85546,8.85672,1.50,2.25
2012.02.02 13:57:17.778,8.85535,8.85672,1.61,2.25
2012.02.02 13:57:18.582,8.85563,8.85672,1.50,2.25
2012.02.02 13:57:20.947,8.85572,8.85672,1.50,2.25
2012.02.02 13:57:22.665,8.85549,8.85672,1.50,3.08
2012.02.02 13:57:23.054,8.85389,8.85553,2.25,1.50
2012.02.02 13:57:23.490,8.85389,8.85553,2.36,1.50
2012.02.02 13:57:23.719,8.85507,8.85651,1.50,1.58
2012.02.02 13:57:26.825,8.85523,8.85631,1.50,1.58
2012.02.02 13:57:31.991,8.85523,8.85616,1.50,1.58
2012.02.02 13:57:33.853,8.85541,8.85616,1.50,1.58
2012.02.02 13:57:33.982,8.8553,8.85616,1.50,1.58
2012.02.02 13:57:34.797,8.85515,8.85616,1.50,1.58
2012.02.02 13:57:39.024,8.85531,8.85616,1.50,1.58
2012.02.02 13:57:39.754,8.85531,8.85657,1.61,2.25
2012.02.02 13:57:39.883,8.85565,8.85672,1.50,2.25
2012.02.02 13:57:41.766,8.85573,8.85672,1.50,2.25
2012.02.02 13:57:43.225,8.85581,8.85672,1.50,2.25
2012.02.02 13:57:43.304,8.8559,8.85714,1.50,1.50
2012.02.02 13:57:43.376,8.85512,8.85683,2.25,1.50
2012.02.02 13:57:44.283,8.85521,8.85692,2.25,1.50
2012.02.02 13:57:44.885,8.85516,8.85683,2.25,1.50
2012.02.02 13:57:45.679,8.85516,8.85683,2.25,1.50
2012.02.02 13:57:45.764,8.85542,8.85705,2.25,1.50
2012.02.02 13:57:46.204,8.8555,8.85714,2.25,1.50
2012.02.02 13:57:46.349,8.8555,8.85714,2.25,1.50
2012.02.02 13:57:46.688,8.85591,8.85715,1.50,1.50
2012.02.02 13:57:47.078,8.856,8.85724,1.50,1.50
2012.02.02 13:57:47.893,8.85607,8.85733,1.50,1.50
2012.02.02 13:57:51.077,8.856,8.85724,1.50,1.50
2012.02.02 13:57:52.706,8.85585,8.85711,1.50,1.50
2012.02.02 13:57:53.634,8.85594,8.8572,1.50,1.50
2012.02.02 13:57:55.274,8.85603,8.85727,1.50,1.50
2012.02.02 13:57:56.233,8.85595,8.85719,1.50,1.50
2012.02.02 13:57:57.172,8.85595,8.85708,1.50,4.50
2012.02.02 13:57:57.519,8.85561,8.85626,1.50,1.40
2012.02.02 13:57:57.597,8.85561,8.85705,1.50,1.88
2012.02.02 13:57:57.671,8.85561,8.85705,1.50,1.50
2012.02.02 13:57:57.744,8.85581,8.85727,1.50,2.15
2012.02.02 13:57:57.871,8.85572,8.85716,1.50,2.15
2012.02.02 13:57:58.506,8.85547,8.8567,1.50,1.50
2012.02.02 13:57:59.081,8.85524,8.8565,1.50,1.50
2012.02.02 13:57:59.168,8.85479,8.85605,1.50,1.50
2012.02.02 13:58:01.984,8.85458,8.85582,1.50,1.50
2012.02.02 13:58:03.703,8.85447,8.85571,1.50,1.50
2012.02.02 13:58:04.954,8.85494,8.85596,2.25,1.50
2012.02.02 13:58:05.281,8.85633,8.85762,1.50,1.02
2012.02.02 13:58:05.354,8.85608,8.85707,1.50,1.50
2012.02.02 13:58:05.421,8.85557,8.85707,3.00,1.50
2012.02.02 13:58:05.697,8.85557,8.85719,3.00,1.50
2012.02.02 13:58:09.358,8.85577,8.85691,3.00,1.50
2012.02.02 13:58:09.636,8.85721,8.85887,1.50,1.88
2012.02.02 13:58:09.968,8.85721,8.85887,1.50,2.25
2012.02.02 13:58:10.188,8.85721,8.85885,2.25,1.50
2012.02.02 13:58:10.263,8.85736,8.859,2.25,1.50
2012.02.02 13:58:10.548,8.85736,8.859,1.50,2.15
2012.02.02 13:58:11.017,8.85747,8.85828,1.50,1.50
2012.02.02 13:58:11.100,8.85669,8.85795,1.50,1.50
2012.02.02 13:58:14.057,8.85661,8.85787,1.50,1.50
2012.02.02 13:58:14.405,8.85583,8.85709,2.25,1.50
2012.02.02 13:58:14.545,8.85602,8.85726,2.36,1.50
2012.02.02 13:58:14.614,8.85652,8.85776,1.50,1.50
2012.02.02 13:58:15.504,8.85669,8.85795,1.50,1.50
2012.02.02 13:58:16.871,8.85662,8.85786,1.50,1.50
2012.02.02 13:58:17.735,8.85662,8.85786,2.25,1.50
2012.02.02 13:58:17.933,8.85738,8.85864,1.50,1.50
2012.02.02 13:58:18.006,8.85738,8.85847,1.50,1.50
2012.02.02 13:58:18.073,8.85697,8.85823,1.50,1.50
2012.02.02 13:58:18.204,8.85677,8.85801,1.50,1.50
2012.02.02 13:58:24.717,8.85691,8.85801,1.50,1.50
2012.02.02 13:58:24.788,8.8574,8.85864,2.25,1.50
2012.02.02 13:58:27.388,8.85725,8.85849,2.25,1.50
2012.02.02 13:58:27.818,8.85671,8.85797,2.25,1.50
2012.02.02 13:58:27.897,8.85671,8.85797,1.50,2.33
2012.02.02 13:58:27.972,8.85646,8.85772,3.00,1.50
2012.02.02 13:58:28.484,8.85635,8.85761,1.50,1.50
2012.02.02 13:58:28.849,8.85635,8.85761,2.33,1.50
2012.02.02 13:58:28.994,8.85663,8.85789,1.50,1.50
2012.02.02 13:58:30.044,8.85694,8.85864,2.25,2.25
2012.02.02 13:58:30.261,8.85737,8.85863,2.25,1.50
2012.02.02 13:58:30.774,8.85745,8.85871,2.25,1.50
2012.02.02 13:58:32.472,8.85721,8.85836,2.25,1.50
2012.02.02 13:58:32.544,8.85712,8.85836,2.25,1.50
2012.02.02 13:58:33.464,8.85702,8.85826,2.25,1.50
2012.02.02 13:58:33.673,8.85702,8.85826,1.50,1.50
2012.02.02 13:58:33.803,8.85677,8.85803,3.75,1.50
2012.02.02 13:58:33.947,8.85677,8.85803,1.50,1.50
2012.02.02 13:58:34.143,8.85664,8.85788,1.50,1.50
2012.02.02 13:58:35.192,8.85675,8.85801,1.50,1.50
2012.02.02 13:58:35.824,8.85656,8.85782,2.36,1.50
2012.02.02 13:58:35.956,8.85746,8.85872,1.61,2.33
2012.02.02 13:58:36.025,8.85746,8.85872,1.61,2.33
2012.02.02 13:58:36.229,8.85746,8.85872,1.61,1.50
2012.02.02 13:58:36.438,8.85746,8.85872,1.61,1.50
2012.02.02 13:58:36.585,8.85746,8.85872,1.50,1.50
2012.02.02 13:58:36.656,8.85755,8.85872,1.50,1.50
2012.02.02 13:58:36.984,8.8578,8.85899,2.25,1.50
2012.02.02 13:58:37.688,8.85749,8.85875,2.25,1.50
2012.02.02 13:58:39.294,8.85758,8.85882,2.25,1.50
2012.02.02 13:58:39.511,8.8577,8.85894,2.25,1.50
2012.02.02 13:58:41.483,8.85779,8.85903,2.25,1.50
2012.02.02 13:58:41.734,8.85796,8.8592,2.25,1.50
2012.02.02 13:58:41.862,8.85806,8.8593,2.25,1.50
2012.02.02 13:58:45.483,8.85795,8.85921,2.36,1.50
2012.02.02 13:58:45.805,8.85811,8.85935,2.25,1.50
2012.02.02 13:58:45.876,8.85801,8.85927,2.25,1.50
2012.02.02 13:58:47.347,8.85824,8.85934,1.20,2.33
2012.02.02 13:58:50.277,8.85824,8.85923,1.20,1.50
2012.02.02 13:58:50.360,8.85824,8.85935,1.20,2.33
2012.02.02 13:58:52.732,8.85824,8.85927,1.20,1.50
2012.02.02 13:58:53.425,8.85824,8.85937,1.20,2.33
2012.02.02 13:58:59.523,8.85824,8.85922,1.20,1.50
2012.02.02 13:58:59.751,8.85824,8.85931,1.20,1.95
2012.02.02 13:58:59.941,8.85819,8.85931,1.20,2.33
2012.02.02 13:59:00.763,8.85824,8.85931,1.20,1.95
2012.02.02 13:59:03.016,8.85843,8.85942,1.20,1.50
2012.02.02 13:59:03.154,8.85843,8.85949,1.20,1.95
2012.02.02 13:59:10.610,8.85843,8.85946,1.20,1.50
2012.02.02 13:59:11.858,8.85843,8.85965,1.20,2.33
2012.02.02 13:59:13.805,8.85843,8.85939,1.20,1.50
2012.02.02 13:59:13.996,8.85838,8.85951,1.20,2.33
2012.02.02 13:59:14.942,8.85844,8.85951,1.20,1.95
2012.02.02 13:59:19.307,8.85844,8.8594,1.20,1.50
2012.02.02 13:59:21.107,8.85844,8.85947,1.20,1.50
2012.02.02 13:59:21.373,8.85839,8.85947,1.20,1.95
2012.02.02 13:59:26.592,8.85839,8.85943,1.20,1.20
2012.02.02 13:59:26.670,8.85839,8.85943,1.20,1.20
2012.02.02 13:59:26.744,8.85834,8.85912,1.20,1.50
2012.02.02 13:59:29.486,8.85834,8.8592,1.20,1.50
2012.02.02 13:59:32.059,8.85793,8.85848,1.20,1.50
2012.02.02 13:59:34.673,8.85793,8.85848,1.20,2.25
2012.02.02 13:59:35.968,8.85792,8.85848,1.20,1.50
2012.02.02 13:59:36.049,8.85792,8.85882,1.20,1.20
2012.02.02 13:59:36.252,8.85792,8.85882,1.20,1.20
2012.02.02 13:59:36.855,8.85793,8.85889,1.20,1.50
2012.02.02 13:59:37.449,8.85793,8.85874,1.20,1.50
2012.02.02 13:59:38.091,8.85792,8.85867,1.20,1.50
2012.02.02 13:59:38.685,8.85793,8.85875,1.20,1.50
2012.02.02 13:59:39.462,8.85813,8.85875,1.20,1.50
2012.02.02 13:59:39.747,8.85794,8.85885,1.20,1.50
2012.02.02 13:59:39.826,8.85794,8.85934,1.20,1.35
2012.02.02 13:59:43.912,8.85793,8.85923,1.20,1.50
2012.02.02 13:59:45.402,8.85793,8.85923,1.20,1.50
2012.02.02 13:59:49.661,8.85723,8.85827,2.81,1.50
2012.02.02 13:59:49.794,8.85723,8.85802,1.20,1.50
2012.02.02 13:59:50.181,8.85723,8.85794,1.20,1.50
2012.02.02 13:59:54.490,8.85723,8.85781,1.20,1.50
2012.02.02 13:59:56.482,8.85723,8.85804,1.20,2.25
2012.02.02 13:59:56.623,8.85723,8.85783,1.20,1.50
2012.02.02 13:59:56.804,8.85723,8.85804,1.20,2.25
2012.02.02 13:59:57.494,8.85723,8.85779,1.20,1.50
2012.02.02 13:59:57.778,8.85723,8.85787,1.20,1.50
2012.02.02 13:59:58.794,8.85723,8.85812,1.20,2.25
2012.02.02 13:59:59.573,8.85723,8.85802,1.20,1.50
