2010.04.06 12:00:02.560,9.6638,9.6665,1.00,3.20
2010.04.06 12:00:02.840,9.6638,9.6665,2.40,1.00
2010.04.06 12:00:09.963,9.6639,9.6665,1.00,1.00
2010.04.06 12:00:16.547,9.6635,9.66605,2.40,1.60
2010.04.06 12:00:17.118,9.6634,9.66595,2.40,1.60
2010.04.06 12:00:25.942,9.6634,9.66595,2.40,1.60
2010.04.06 12:00:33.614,9.6634,9.66585,2.40,1.60
2010.04.06 12:00:33.694,9.6631,9.66585,2.40,1.60
2010.04.06 12:00:40.433,9.6634,9.66585,2.40,1.60
2010.04.06 12:00:42.911,9.6635,9.66595,2.40,1.60
2010.04.06 12:00:49.192,9.6635,9.66605,2.40,1.60
2010.04.06 12:00:57.006,9.6633,9.66585,2.40,1.60
2010.04.06 12:00:58.794,9.6633,9.66535,2.40,1.60
2010.04.06 12:00:59.543,9.6627,9.66535,2.40,1.60
2010.04.06 12:01:00.924,9.6627,9.66555,2.40,1.60
2010.04.06 12:01:01.136,9.663,9.66555,2.40,1.60
2010.04.06 12:01:01.868,9.6629,9.66555,2.40,1.60
2010.04.06 12:01:02.203,9.6629,9.66535,2.40,1.60
2010.04.06 12:02:01.582,9.6626,9.66535,1.00,1.60
2010.04.06 12:02:18.424,9.6625,9.66565,1.00,1.60
2010.04.06 12:02:18.639,9.6634,9.66575,2.40,1.60
2010.04.06 12:02:19.123,9.6635,9.66575,2.40,1.60
2010.04.06 12:02:29.607,9.6635,9.66585,2.40,1.60
2010.04.06 12:02:39.167,9.6635,9.66545,2.40,1.60
2010.04.06 12:02:40.194,9.663,9.66545,1.00,1.60
2010.04.06 12:02:46.291,9.6631,9.66545,1.00,1.60
2010.04.06 12:02:56.396,9.6632,9.6655,1.00,1.00
2010.04.06 12:02:56.575,9.6635,9.6655,2.40,1.00
2010.04.06 12:02:57.003,9.6635,9.66585,2.40,1.60
2010.04.06 12:02:58.967,9.6635,9.66545,2.40,1.60
2010.04.06 12:02:58.996,9.663,9.66545,1.00,1.60
2010.04.06 12:03:05.978,9.6631,9.66545,1.00,1.60
2010.04.06 12:03:29.927,9.6632,9.66545,1.00,1.60
2010.04.06 12:03:53.936,9.6633,9.66545,1.00,1.60
2010.04.06 12:04:00.168,9.6633,9.6656,1.00,1.00
2010.04.06 12:04:00.481,9.6638,9.66575,2.40,1.60
2010.04.06 12:04:01.109,9.6643,9.66575,1.00,1.60
2010.04.06 12:04:01.768,9.6644,9.6661,1.70,1.60
2010.04.06 12:04:02.392,9.6645,9.6661,2.40,1.60
2010.04.06 12:04:03.157,9.665,9.6661,1.00,1.60
2010.04.06 12:04:03.417,9.6645,9.6661,2.40,1.60
2010.04.06 12:04:03.658,9.6644,9.66585,1.60,1.60
2010.04.06 12:04:04.407,9.6644,9.66515,1.60,1.60
2010.04.06 12:04:06.306,9.6628,9.66515,1.00,1.60
2010.04.06 12:04:11.930,9.6631,9.66515,1.00,1.60
2010.04.06 12:04:12.276,9.6631,9.66525,1.00,1.60
2010.04.06 12:04:36.252,9.6632,9.66525,1.00,1.60
2010.04.06 12:04:47.919,9.6632,9.6652,1.00,1.00
2010.04.06 12:04:59.975,9.6633,9.6652,1.00,1.00
2010.04.06 12:06:00.539,9.66275,9.66525,1.60,1.60
2010.04.06 12:13:29.985,9.6631,9.66525,1.00,1.60
2010.04.06 12:13:39.298,9.663,9.66525,1.00,1.60
2010.04.06 12:13:41.758,9.6628,9.6652,1.00,1.00
2010.04.06 12:13:42.021,9.6628,9.66475,1.00,1.60
2010.04.06 12:14:01.028,9.6629,9.66475,1.00,1.60
2010.04.06 12:14:18.538,9.663,9.66475,1.00,1.60
2010.04.06 12:14:18.915,9.663,9.66475,1.00,1.60
2010.04.06 12:14:19.122,9.6631,9.66525,1.00,1.60
2010.04.06 12:14:19.329,9.6632,9.66525,1.00,1.60
2010.04.06 12:14:20.475,9.6634,9.66575,1.00,1.60
2010.04.06 12:14:22.141,9.6635,9.66575,1.00,1.60
2010.04.06 12:14:23.133,9.6636,9.66575,1.00,1.60
2010.04.06 12:14:27.429,9.6636,9.66575,1.00,3.20
2010.04.06 12:14:28.203,9.663,9.66525,1.00,1.60
2010.04.06 12:14:31.872,9.6628,9.6652,1.00,1.00
2010.04.06 12:14:32.323,9.6628,9.66475,1.00,1.60
2010.04.06 12:14:33.958,9.6623,9.66475,2.40,1.60
2010.04.06 12:14:34.099,9.6623,9.66465,2.40,1.60
2010.04.06 12:14:34.237,9.662,9.66465,1.00,1.60
2010.04.06 12:14:41.220,9.66165,9.66355,1.60,1.60
2010.04.06 12:14:57.459,9.6604,9.66325,1.00,1.60
2010.04.06 12:14:57.807,9.6603,9.66325,1.00,1.60
2010.04.06 12:14:58.997,9.6605,9.6632,1.00,1.00
2010.04.06 12:14:59.503,9.6603,9.6628,1.00,2.40
2010.04.06 12:14:59.847,9.6603,9.66225,1.00,1.60
2010.04.06 12:15:02.917,9.6605,9.66225,1.00,1.60
2010.04.06 12:15:03.270,9.6605,9.66345,1.00,1.60
2010.04.06 12:15:06.091,9.66075,9.66325,1.60,1.60
2010.04.06 12:15:06.432,9.661,9.66305,2.40,1.60
2010.04.06 12:15:06.782,9.661,9.664,2.40,3.10
2010.04.06 12:15:07.411,9.661,9.66355,3.20,1.60
2010.04.06 12:15:07.641,9.6618,9.66495,2.40,1.60
2010.04.06 12:15:09.251,9.662,9.66475,1.00,1.60
2010.04.06 12:15:13.269,9.6623,9.66475,1.00,1.60
2010.04.06 12:15:13.600,9.6623,9.665,1.00,2.40
2010.04.06 12:15:16.019,9.6621,9.665,1.00,2.40
2010.04.06 12:15:16.238,9.6622,9.665,1.00,2.40
2010.04.06 12:15:16.669,9.6622,9.6642,1.00,2.40
2010.04.06 12:15:22.587,9.662,9.6641,1.00,2.40
2010.04.06 12:15:22.814,9.66205,9.6641,1.00,2.40
2010.04.06 12:15:23.421,9.66205,9.664,1.00,2.40
2010.04.06 12:15:28.598,9.6621,9.66485,1.00,2.40
2010.04.06 12:15:28.908,9.66215,9.6651,1.00,2.40
2010.04.06 12:15:36.874,9.6622,9.6651,1.00,2.40
2010.04.06 12:15:37.354,9.6623,9.6653,2.40,2.40
2010.04.06 12:15:41.619,9.6626,9.6653,5.20,2.40
2010.04.06 12:15:41.882,9.6636,9.6665,2.40,1.00
2010.04.06 12:15:42.448,9.6638,9.6665,2.40,1.00
2010.04.06 12:15:51.891,9.66455,9.667,2.40,2.40
2010.04.06 12:15:52.022,9.6648,9.66715,2.40,1.60
2010.04.06 12:15:54.013,9.6648,9.66715,2.40,1.60
2010.04.06 12:15:59.075,9.6649,9.66715,1.00,1.60
2010.04.06 12:16:19.594,9.6644,9.66685,1.00,1.60
2010.04.06 12:16:19.995,9.6644,9.66675,1.00,1.60
2010.04.06 12:16:23.445,9.6644,9.66655,1.00,1.60
2010.04.06 12:16:23.791,9.664,9.66655,1.00,1.60
2010.04.06 12:16:27.504,9.6632,9.66545,1.00,1.60
2010.04.06 12:16:27.753,9.663,9.66545,1.00,1.60
2010.04.06 12:16:31.443,9.663,9.66575,1.00,1.60
2010.04.06 12:16:37.956,9.6631,9.66575,1.00,1.60
2010.04.06 12:17:02.018,9.6632,9.66575,1.00,1.60
2010.04.06 12:17:03.806,9.6649,9.66815,2.40,1.60
2010.04.06 12:17:04.908,9.6655,9.66775,1.00,1.60
2010.04.06 12:17:06.002,9.6658,9.66775,1.00,1.60
2010.04.06 12:17:09.411,9.666,9.66775,1.00,1.60
2010.04.06 12:17:09.749,9.6658,9.6682,1.00,1.00
2010.04.06 12:17:11.749,9.6658,9.66775,1.00,1.60
2010.04.06 12:17:28.978,9.6659,9.66775,1.00,1.60
2010.04.06 12:17:41.964,9.666,9.66825,1.00,1.60
2010.04.06 12:17:49.141,9.6661,9.66825,1.00,1.60
2010.04.06 12:18:06.621,9.666,9.66825,1.00,1.60
2010.04.06 12:18:13.999,9.6661,9.66825,1.00,1.60
2010.04.06 12:18:30.451,9.66575,9.6682,1.60,1.00
2010.04.06 12:18:30.581,9.66565,9.66735,1.60,1.60
2010.04.06 12:18:43.949,9.66575,9.66825,1.60,1.60
2010.04.06 12:18:44.972,9.666,9.66825,1.00,1.60
2010.04.06 12:18:51.170,9.6661,9.66825,1.00,1.60
2010.04.06 12:18:51.622,9.6661,9.66825,5.20,1.60
2010.04.06 12:18:51.939,9.66755,9.6692,1.60,1.00
2010.04.06 12:18:52.256,9.66755,9.6704,1.60,1.00
2010.04.06 12:18:53.020,9.6678,9.6704,1.00,1.00
2010.04.06 12:18:53.876,9.668,9.6702,1.00,1.00
2010.04.06 12:18:59.170,9.6681,9.6702,1.00,1.00
2010.04.06 12:18:59.522,9.6698,9.6715,2.40,1.00
2010.04.06 12:18:59.869,9.6698,9.6716,2.40,1.00
2010.04.06 12:19:05.064,9.67,9.67165,2.40,1.60
2010.04.06 12:19:05.154,9.6697,9.67165,1.00,1.60
2010.04.06 12:19:05.244,9.6695,9.67165,1.00,1.60
2010.04.06 12:19:36.125,9.6695,9.67165,1.00,1.60
2010.04.06 12:19:44.381,9.6693,9.67155,1.00,1.60
2010.04.06 12:20:01.101,9.6695,9.67165,1.00,1.60
2010.04.06 12:20:02.504,9.6694,9.67165,1.00,1.60
2010.04.06 12:20:07.592,9.6694,9.67155,1.00,1.60
2010.04.06 12:20:10.100,9.6694,9.67155,1.00,1.60
2010.04.06 12:20:16.282,9.6699,9.67155,1.00,1.60
2010.04.06 12:20:22.782,9.6699,9.67175,1.00,1.60
2010.04.06 12:20:28.822,9.6699,9.67185,1.00,1.60
2010.04.06 12:20:31.454,9.6699,9.67125,1.00,1.60
2010.04.06 12:20:31.704,9.6692,9.67035,2.40,1.60
2010.04.06 12:20:31.957,9.6687,9.67035,1.00,1.60
2010.04.06 12:20:32.206,9.6688,9.671,2.40,2.40
2010.04.06 12:20:32.719,9.6698,9.6718,1.00,1.00
2010.04.06 12:20:32.916,9.6698,9.672,1.00,1.00
2010.04.06 12:20:34.840,9.67,9.672,1.00,1.50
2010.04.06 12:20:34.969,9.67,9.6715,1.00,2.40
2010.04.06 12:20:35.092,9.6692,9.67125,1.00,1.60
2010.04.06 12:20:44.306,9.67,9.6715,1.00,2.40
2010.04.06 12:20:44.563,9.67,9.67215,1.00,2.30
2010.04.06 12:20:45.115,9.67,9.67205,1.00,1.60
2010.04.06 12:20:45.291,9.67,9.67215,1.00,2.30
2010.04.06 12:20:46.510,9.67,9.67205,1.00,1.60
2010.04.06 12:20:51.338,9.6697,9.67175,1.00,1.60
2010.04.06 12:20:57.302,9.6698,9.67175,1.00,1.60
2010.04.06 12:20:57.647,9.6702,9.672,1.00,2.40
2010.04.06 12:20:57.805,9.6702,9.67235,1.00,1.60
2010.04.06 12:21:14.511,9.6702,9.67205,1.00,1.60
2010.04.06 12:21:14.967,9.67,9.67205,1.00,1.60
2010.04.06 12:21:15.138,9.67,9.67225,1.00,1.60
2010.04.06 12:21:15.342,9.67,9.67215,1.00,1.60
2010.04.06 12:21:15.695,9.67,9.67225,1.00,1.60
2010.04.06 12:21:16.041,9.6702,9.67225,1.00,1.60
2010.04.06 12:21:20.469,9.6702,9.67205,1.00,1.60
2010.04.06 12:21:20.652,9.67,9.67205,1.00,1.60
2010.04.06 12:21:20.782,9.67,9.67225,1.00,1.60
2010.04.06 12:21:21.053,9.6702,9.67225,1.00,1.60
2010.04.06 12:21:23.101,9.6702,9.67175,1.00,1.60
2010.04.06 12:21:23.291,9.6697,9.67175,1.00,1.60
2010.04.06 12:21:23.481,9.6695,9.67175,1.00,1.60
2010.04.06 12:21:40.398,9.6697,9.67175,1.00,1.60
2010.04.06 12:21:46.964,9.6697,9.6717,1.00,1.00
2010.04.06 12:21:47.568,9.6695,9.67125,1.00,1.60
2010.04.06 12:22:18.175,9.6695,9.67125,1.00,1.60
2010.04.06 12:22:18.335,9.6695,9.67125,3.20,1.60
2010.04.06 12:22:18.497,9.6703,9.6718,1.00,1.00
2010.04.06 12:22:18.659,9.6702,9.672,1.60,2.40
2010.04.06 12:22:18.947,9.6695,9.67175,1.00,1.60
2010.04.06 12:22:32.393,9.6695,9.67175,1.00,1.60
2010.04.06 12:22:42.940,9.6695,9.67175,3.20,1.60
2010.04.06 12:22:43.060,9.6702,9.6718,1.00,2.40
2010.04.06 12:22:43.301,9.6702,9.67205,1.00,1.00
2010.04.06 12:22:58.746,9.66975,9.67205,2.40,1.00
2010.04.06 12:22:59.070,9.66975,9.6712,2.40,1.00
2010.04.06 12:22:59.359,9.66915,9.6712,2.40,1.00
2010.04.06 12:22:59.646,9.6689,9.6712,2.40,1.00
2010.04.06 12:23:02.795,9.6688,9.6712,2.40,1.00
2010.04.06 12:23:03.297,9.6688,9.6711,2.40,1.00
2010.04.06 12:23:03.512,9.6676,9.6708,3.20,2.40
2010.04.06 12:23:04.748,9.6678,9.6703,1.00,2.40
2010.04.06 12:23:15.916,9.6682,9.671,1.00,2.40
2010.04.06 12:23:17.460,9.6682,9.6701,1.00,1.00
2010.04.06 12:23:17.742,9.6669,9.6696,1.00,2.40
2010.04.06 12:23:18.029,9.667,9.6697,1.00,2.40
2010.04.06 12:23:19.025,9.6672,9.6694,1.00,1.00
2010.04.06 12:23:20.247,9.6681,9.6701,1.00,1.00
2010.04.06 12:23:20.503,9.6681,9.6703,1.00,1.00
2010.04.06 12:23:20.764,9.668,9.6703,1.00,1.00
2010.04.06 12:23:24.562,9.668,9.67025,2.40,3.20
2010.04.06 12:23:24.811,9.6678,9.6701,1.00,2.40
2010.04.06 12:23:26.722,9.6671,9.6701,2.40,2.40
2010.04.06 12:23:26.971,9.6671,9.66955,2.40,2.40
2010.04.06 12:23:27.729,9.667,9.6693,1.00,2.40
2010.04.06 12:23:32.688,9.66675,9.66875,1.60,1.60
2010.04.06 12:23:32.907,9.6663,9.66875,3.20,1.60
2010.04.06 12:23:33.148,9.6663,9.6686,1.00,2.40
2010.04.06 12:23:35.901,9.6663,9.66825,1.00,1.60
2010.04.06 12:23:36.193,9.666,9.66825,1.00,1.60
2010.04.06 12:23:37.127,9.666,9.6683,1.00,2.40
2010.04.06 12:23:37.398,9.6663,9.6683,1.00,2.40
2010.04.06 12:23:37.749,9.6663,9.6686,1.00,2.40
2010.04.06 12:23:37.987,9.6668,9.66925,1.00,1.00
2010.04.06 12:23:40.868,9.6665,9.6688,1.00,2.40
2010.04.06 12:23:41.208,9.6665,9.66825,1.00,1.60
2010.04.06 12:23:41.546,9.666,9.66825,1.00,1.60
2010.04.06 12:23:46.786,9.6658,9.66775,1.00,1.60
2010.04.06 12:23:53.243,9.666,9.66825,1.00,1.60
2010.04.06 12:23:53.499,9.6668,9.6686,1.00,1.00
2010.04.06 12:23:58.104,9.666,9.66825,1.00,1.60
2010.04.06 12:24:00.897,9.6668,9.66855,1.00,1.00
2010.04.06 12:24:02.013,9.6663,9.6686,1.00,2.40
2010.04.06 12:24:06.526,9.666,9.66825,1.00,1.60
2010.04.06 12:24:10.489,9.6668,9.66825,2.40,1.60
2010.04.06 12:24:10.961,9.6674,9.6691,1.60,1.60
2010.04.06 12:24:11.315,9.668,9.66975,1.00,1.60
2010.04.06 12:24:24.051,9.668,9.66915,1.00,1.60
2010.04.06 12:24:24.400,9.6682,9.66985,1.00,1.60
2010.04.06 12:24:24.868,9.6683,9.6699,1.00,1.60
2010.04.06 12:24:26.186,9.6683,9.66965,1.00,1.60
2010.04.06 12:24:26.663,9.668,9.66965,1.00,1.60
2010.04.06 12:24:28.355,9.6682,9.6699,1.60,1.60
2010.04.06 12:24:28.676,9.6685,9.6701,1.00,1.60
2010.04.06 12:24:29.519,9.6685,9.67015,1.00,1.60
2010.04.06 12:24:36.846,9.6688,9.67015,1.00,1.60
2010.04.06 12:24:37.163,9.6688,9.6704,1.00,1.60
2010.04.06 12:24:37.904,9.6684,9.67005,1.00,1.60
2010.04.06 12:24:39.814,9.6685,9.67005,1.00,1.60
2010.04.06 12:24:39.962,9.6687,9.6704,1.60,1.60
2010.04.06 12:24:40.113,9.6688,9.6704,1.00,1.60
2010.04.06 12:24:42.447,9.6687,9.66955,1.60,2.40
2010.04.06 12:24:42.793,9.6678,9.6693,1.00,2.40
2010.04.06 12:24:43.563,9.6677,9.6694,1.00,2.40
2010.04.06 12:24:45.126,9.66765,9.6694,1.00,2.40
2010.04.06 12:24:50.363,9.6676,9.6698,1.00,2.40
2010.04.06 12:24:52.919,9.6676,9.6693,1.00,2.40
2010.04.06 12:24:53.248,9.667,9.66925,1.00,1.60
2010.04.06 12:25:10.048,9.667,9.669,1.00,2.40
2010.04.06 12:25:10.351,9.6667,9.66875,1.00,1.60
2010.04.06 12:25:34.821,9.6665,9.66825,1.00,1.60
2010.04.06 12:25:42.531,9.666,9.66825,1.00,1.60
2010.04.06 12:25:48.741,9.6662,9.66825,1.00,1.60
2010.04.06 12:25:51.613,9.666,9.66825,1.00,1.60
2010.04.06 12:25:56.215,9.6661,9.66825,1.00,1.60
2010.04.06 12:26:20.007,9.6662,9.66825,1.00,1.60
2010.04.06 12:26:30.132,9.666,9.66825,1.00,1.60
2010.04.06 12:26:30.711,9.666,9.6685,1.00,2.40
2010.04.06 12:26:30.793,9.666,9.66875,1.00,1.60
2010.04.06 12:26:31.377,9.6663,9.66875,1.00,1.60
2010.04.06 12:26:31.729,9.6663,9.669,1.00,2.40
2010.04.06 12:26:39.252,9.6663,9.6681,1.00,2.40
2010.04.06 12:26:40.109,9.6663,9.6682,1.00,2.40
2010.04.06 12:26:41.083,9.6663,9.6679,1.00,2.40
2010.04.06 12:26:42.605,9.6661,9.6687,1.00,2.40
2010.04.06 12:26:45.579,9.6661,9.6685,1.00,2.40
2010.04.06 12:26:50.342,9.6661,9.6678,1.00,2.40
2010.04.06 12:26:52.503,9.6655,9.6678,1.00,2.40
2010.04.06 12:26:52.805,9.6655,9.66775,1.00,2.40
2010.04.06 12:26:53.424,9.6655,9.66775,1.60,2.40
2010.04.06 12:26:53.605,9.6655,9.66775,1.00,2.40
2010.04.06 12:26:53.782,9.6654,9.6678,1.00,2.40
2010.04.06 12:26:54.250,9.6654,9.6682,1.00,2.40
2010.04.06 12:27:01.047,9.6654,9.6682,1.00,2.40
2010.04.06 12:27:09.838,9.66615,9.6682,1.60,2.40
2010.04.06 12:27:10.202,9.6671,9.6688,1.60,1.60
2010.04.06 12:27:11.469,9.66725,9.66915,1.60,1.60
2010.04.06 12:27:12.367,9.66785,9.66955,1.60,1.60
2010.04.06 12:27:13.133,9.66795,9.66965,1.60,1.60
2010.04.06 12:27:14.135,9.6681,9.66965,1.00,1.60
2010.04.06 12:27:14.479,9.6682,9.6699,1.60,1.60
2010.04.06 12:27:14.834,9.6684,9.6701,1.60,1.60
2010.04.06 12:27:15.808,9.66845,9.67015,1.60,1.60
2010.04.06 12:27:18.831,9.6686,9.67015,1.00,1.60
2010.04.06 12:27:19.044,9.6687,9.6704,1.60,1.60
2010.04.06 12:27:21.055,9.6683,9.67025,1.00,1.60
2010.04.06 12:27:21.213,9.6675,9.67025,1.00,1.60
2010.04.06 12:27:24.173,9.6677,9.67025,1.00,1.60
2010.04.06 12:27:24.489,9.66775,9.67025,1.60,1.60
2010.04.06 12:27:24.795,9.6681,9.67025,1.00,1.60
2010.04.06 12:27:43.938,9.6682,9.67025,1.00,1.60
2010.04.06 12:28:04.323,9.6686,9.67025,2.40,1.60
2010.04.06 12:28:04.644,9.6686,9.67065,2.40,1.60
2010.04.06 12:28:04.792,9.6686,9.67125,2.40,1.60
2010.04.06 12:28:05.469,9.6686,9.67125,2.40,1.60
2010.04.06 12:28:05.795,9.6695,9.67135,2.40,1.00
2010.04.06 12:28:09.085,9.6696,9.67135,2.40,1.00
2010.04.06 12:28:15.038,9.6693,9.67135,2.40,1.00
2010.04.06 12:28:15.304,9.6693,9.6714,2.40,1.00
2010.04.06 12:28:24.197,9.6693,9.6715,2.40,1.00
2010.04.06 12:28:24.552,9.66905,9.6715,2.40,1.00
2010.04.06 12:28:24.794,9.6688,9.6715,2.40,1.00
2010.04.06 12:28:35.356,9.6681,9.67075,1.00,1.60
2010.04.06 12:28:37.886,9.6681,9.67075,1.00,1.60
2010.04.06 12:28:38.173,9.6681,9.67075,1.00,1.60
2010.04.06 12:28:53.754,9.6694,9.672,2.40,1.00
2010.04.06 12:28:54.035,9.6692,9.6725,2.40,1.00
2010.04.06 12:28:54.314,9.6694,9.6726,2.40,1.00
2010.04.06 12:28:54.682,9.6693,9.6726,2.40,1.00
2010.04.06 12:28:54.990,9.6692,9.6722,2.40,2.40
2010.04.06 12:29:55.075,9.6683,9.6725,1.00,1.00
2010.04.06 12:30:18.115,9.6691,9.6723,2.40,2.40
2010.04.06 12:30:25.742,9.66905,9.672,2.40,2.40
2010.04.06 12:30:25.940,9.669,9.672,2.40,2.40
2010.04.06 12:30:36.724,9.6693,9.6723,2.40,2.40
2010.04.06 12:31:19.015,9.6694,9.6724,2.40,2.40
2010.04.06 12:31:22.604,9.6693,9.6723,2.40,2.40
2010.04.06 12:31:42.570,9.6686,9.6716,2.40,2.40
2010.04.06 12:32:28.768,9.66875,9.6716,1.60,2.40
2010.04.06 12:32:28.868,9.6693,9.67185,2.40,2.40
2010.04.06 12:32:28.967,9.6693,9.6723,2.40,3.20
2010.04.06 12:32:29.067,9.6693,9.6723,2.40,2.40
2010.04.06 12:32:30.920,9.6694,9.6723,1.00,2.40
2010.04.06 12:32:36.960,9.6695,9.6723,1.00,2.40
2010.04.06 12:32:43.317,9.6696,9.6723,1.00,2.40
2010.04.06 12:32:43.427,9.66975,9.6723,1.60,2.40
2010.04.06 12:32:44.011,9.66985,9.67275,1.60,3.90
2010.04.06 12:32:44.129,9.67,9.67275,1.00,2.30
2010.04.06 12:32:44.606,9.67,9.67275,1.00,3.90
2010.04.06 12:32:44.847,9.67,9.67275,1.00,3.20
2010.04.06 12:32:45.311,9.6701,9.67275,1.00,3.20
2010.04.06 12:32:49.961,9.6701,9.67265,1.00,1.60
2010.04.06 12:32:51.171,9.6701,9.67275,1.00,3.20
2010.04.06 12:32:51.402,9.6703,9.67275,1.00,3.20
2010.04.06 12:32:51.633,9.6706,9.67275,2.40,3.20
2010.04.06 12:32:51.871,9.6706,9.67275,2.40,1.60
2010.04.06 12:32:52.554,9.6706,9.67315,2.40,1.60
2010.04.06 12:32:57.623,9.6705,9.67305,1.00,1.60
2010.04.06 12:32:57.971,9.6705,9.67315,1.00,1.60
2010.04.06 12:33:05.013,9.6706,9.67315,1.00,1.60
2010.04.06 12:33:16.149,9.6706,9.6726,1.00,1.00
2010.04.06 12:33:16.500,9.6701,9.6722,1.00,2.40
2010.04.06 12:33:16.628,9.66995,9.6722,1.60,2.40
2010.04.06 12:33:16.759,9.66995,9.6721,1.60,2.40
2010.04.06 12:33:18.097,9.66995,9.6721,1.60,2.40
2010.04.06 12:33:18.683,9.66975,9.67145,1.60,1.60
2010.04.06 12:33:36.238,9.6697,9.6714,1.60,1.60
2010.04.06 12:33:53.927,9.6696,9.6713,1.60,1.60
2010.04.06 12:33:56.715,9.669,9.67115,1.00,1.60
2010.04.06 12:34:02.017,9.66875,9.67075,1.60,1.60
2010.04.06 12:34:02.164,9.66875,9.6707,1.60,2.40
2010.04.06 12:34:03.014,9.66875,9.6706,1.60,2.40
2010.04.06 12:34:04.223,9.66875,9.6705,1.60,2.40
2010.04.06 12:34:04.866,9.66875,9.67035,1.60,1.60
2010.04.06 12:34:05.055,9.66875,9.6703,1.60,2.40
2010.04.06 12:34:05.792,9.66875,9.6702,1.60,2.40
2010.04.06 12:34:08.633,9.66875,9.66975,1.60,1.60
2010.04.06 12:34:09.272,9.66875,9.6696,1.60,1.00
2010.04.06 12:34:15.088,9.66705,9.6696,1.60,1.00
2010.04.06 12:34:15.429,9.66705,9.66915,1.60,1.60
2010.04.06 12:34:16.974,9.6673,9.66915,1.00,1.60
2010.04.06 12:34:33.561,9.6673,9.66925,1.00,1.60
2010.04.06 12:34:38.442,9.6675,9.66925,1.00,1.60
2010.04.06 12:34:39.016,9.6679,9.6696,1.60,1.60
2010.04.06 12:34:41.710,9.6673,9.66925,1.00,1.60
2010.04.06 12:34:44.155,9.66725,9.66925,1.60,1.60
2010.04.06 12:34:47.013,9.6672,9.6689,1.60,1.60
2010.04.06 12:34:50.405,9.6671,9.6695,1.00,1.00
2010.04.06 12:34:52.081,9.6671,9.6694,1.00,1.00
2010.04.06 12:35:04.219,9.6672,9.6694,1.00,1.00
2010.04.06 12:35:15.926,9.6672,9.6693,1.00,1.00
2010.04.06 12:35:23.194,9.667,9.6694,1.00,1.00
2010.04.06 12:35:25.845,9.6665,9.66855,2.40,1.60
2010.04.06 12:35:26.183,9.66595,9.6682,1.00,2.40
2010.04.06 12:35:27.002,9.66595,9.668,1.00,2.40
2010.04.06 12:35:27.991,9.66595,9.6679,1.00,1.00
2010.04.06 12:35:28.333,9.66595,9.668,1.00,2.40
2010.04.06 12:35:28.674,9.66595,9.668,1.00,1.00
2010.04.06 12:35:34.372,9.6659,9.668,1.00,1.00
2010.04.06 12:35:36.032,9.6659,9.6679,1.00,1.00
2010.04.06 12:35:48.433,9.6659,9.6678,1.00,1.00
2010.04.06 12:35:49.119,9.6659,9.6679,1.00,1.00
2010.04.06 12:35:49.458,9.6659,9.66755,1.00,1.60
2010.04.06 12:35:57.312,9.6659,9.66765,1.00,1.60
2010.04.06 12:36:08.884,9.6659,9.66705,1.00,1.60
2010.04.06 12:36:09.133,9.6659,9.667,1.00,2.40
2010.04.06 12:36:10.145,9.6659,9.6669,1.00,1.00
2010.04.06 12:36:18.259,9.66565,9.6669,1.60,1.00
2010.04.06 12:36:30.196,9.66565,9.6668,1.60,1.00
2010.04.06 12:36:34.184,9.6644,9.6668,1.00,1.00
2010.04.06 12:36:40.055,9.6648,9.668,2.40,2.40
2010.04.06 12:36:40.975,9.665,9.668,1.00,2.40
2010.04.06 12:36:45.962,9.665,9.66775,1.00,1.60
2010.04.06 12:36:46.864,9.6651,9.66775,1.00,1.60
2010.04.06 12:36:51.688,9.665,9.66755,1.00,1.60
2010.04.06 12:36:51.831,9.665,9.6675,1.00,2.40
2010.04.06 12:36:52.605,9.665,9.6674,1.00,1.00
2010.04.06 12:37:00.051,9.665,9.6673,1.00,1.00
2010.04.06 12:37:11.966,9.6651,9.6673,1.00,1.00
2010.04.06 12:37:17.174,9.665,9.6674,1.00,1.00
2010.04.06 12:37:19.423,9.666,9.6674,1.00,1.00
2010.04.06 12:37:23.905,9.6648,9.6674,1.00,1.00
2010.04.06 12:37:24.043,9.6649,9.6674,1.00,1.00
2010.04.06 12:37:24.314,9.666,9.6674,1.60,1.00
2010.04.06 12:37:24.646,9.6661,9.6674,1.00,1.00
2010.04.06 12:37:28.295,9.6663,9.6672,1.00,1.00
2010.04.06 12:37:30.797,9.6662,9.6672,1.00,1.00
2010.04.06 12:37:35.363,9.6662,9.6671,1.00,1.00
2010.04.06 12:37:39.168,9.665,9.6671,1.00,1.00
2010.04.06 12:37:48.954,9.6652,9.6669,1.00,1.00
2010.04.06 12:37:53.321,9.6647,9.6669,1.00,1.00
2010.04.06 12:37:59.100,9.6647,9.6668,1.00,1.00
2010.04.06 12:38:10.935,9.6648,9.6668,1.00,1.00
2010.04.06 12:38:21.693,9.6643,9.6667,1.00,1.00
2010.04.06 12:38:29.067,9.6644,9.6667,1.00,1.00
2010.04.06 12:38:40.851,9.6644,9.6666,1.00,1.00
2010.04.06 12:38:52.949,9.6645,9.6666,1.00,1.00
2010.04.06 12:39:05.015,9.6645,9.6665,1.00,1.00
2010.04.06 12:39:10.538,9.6636,9.6663,1.00,2.40
2010.04.06 12:39:11.038,9.6636,9.666,1.00,1.00
2010.04.06 12:39:11.288,9.6636,9.666,1.00,1.00
2010.04.06 12:39:19.095,9.6637,9.666,1.00,1.00
2010.04.06 12:39:19.437,9.6633,9.6658,1.00,2.40
2010.04.06 12:39:20.872,9.6633,9.6657,1.00,1.00
2010.04.06 12:39:26.930,9.6633,9.6656,1.00,1.00
2010.04.06 12:39:28.663,9.663,9.6654,1.00,1.00
2010.04.06 12:39:35.890,9.6631,9.6654,1.00,1.00
2010.04.06 12:39:48.083,9.6631,9.6653,1.00,1.00
2010.04.06 12:39:48.722,9.6632,9.6657,1.00,1.00
2010.04.06 12:39:50.113,9.6633,9.6657,1.00,1.00
2010.04.06 12:39:56.218,9.663,9.6654,1.00,1.00
2010.04.06 12:40:06.957,9.6631,9.6654,1.00,1.00
2010.04.06 12:40:07.474,9.6633,9.6655,1.00,2.40
2010.04.06 12:40:07.724,9.6633,9.6657,1.00,1.00
2010.04.06 12:40:08.224,9.6635,9.6658,1.00,2.40
2010.04.06 12:40:08.664,9.6635,9.6661,2.40,1.00
2010.04.06 12:40:09.006,9.6638,9.66655,2.40,1.60
2010.04.06 12:40:09.424,9.6638,9.6668,2.40,2.40
2010.04.06 12:40:09.603,9.664,9.66685,2.40,1.60
2010.04.06 12:40:10.421,9.66425,9.667,2.40,2.40
2010.04.06 12:40:10.764,9.6645,9.66735,2.40,1.60
2010.04.06 12:40:11.103,9.6645,9.66685,2.40,1.60
2010.04.06 12:40:11.503,9.6645,9.66735,2.40,1.60
2010.04.06 12:40:13.303,9.6645,9.66745,2.40,1.60
2010.04.06 12:40:13.654,9.6648,9.66745,2.40,1.60
2010.04.06 12:40:14.340,9.6653,9.66815,2.40,1.60
2010.04.06 12:40:14.933,9.6653,9.66745,2.40,1.60
2010.04.06 12:40:15.242,9.6653,9.66815,2.40,1.60
2010.04.06 12:40:23.811,9.6641,9.66735,2.40,1.60
2010.04.06 12:40:24.373,9.6641,9.66725,2.40,1.60
2010.04.06 12:40:24.659,9.6641,9.66735,2.40,1.60
2010.04.06 12:40:24.939,9.6643,9.66705,2.40,1.60
2010.04.06 12:40:25.505,9.6643,9.667,2.40,5.20
2010.04.06 12:40:25.704,9.6628,9.66585,1.00,1.60
2010.04.06 12:40:25.903,9.6628,9.6657,1.00,2.40
2010.04.06 12:40:26.855,9.663,9.6655,1.00,2.40
2010.04.06 12:40:28.288,9.663,9.6654,1.00,1.00
2010.04.06 12:40:32.899,9.6631,9.6654,1.00,1.00
2010.04.06 12:40:39.266,9.6631,9.6655,1.00,2.40
2010.04.06 12:40:39.708,9.6631,9.6655,1.00,1.00
2010.04.06 12:40:47.067,9.6631,9.6654,1.00,1.00
2010.04.06 12:40:58.910,9.6632,9.6654,1.00,1.00
2010.04.06 12:40:59.920,9.6633,9.6656,1.00,2.40
2010.04.06 12:41:00.232,9.6633,9.6657,1.00,1.00
2010.04.06 12:41:08.151,9.6633,9.6656,1.00,1.00
2010.04.06 12:41:13.779,9.6635,9.6659,1.00,1.00
2010.04.06 12:41:21.016,9.6636,9.6659,1.00,1.00
2010.04.06 12:41:33.112,9.6636,9.6658,1.00,1.00
2010.04.06 12:41:45.292,9.6637,9.6658,1.00,1.00
2010.04.06 12:41:57.216,9.6637,9.6657,1.00,1.00
2010.04.06 12:42:09.058,9.6638,9.6657,1.00,1.00
2010.04.06 12:42:35.677,9.6635,9.6663,1.00,1.00
2010.04.06 12:42:35.807,9.6635,9.6663,1.00,3.20
2010.04.06 12:42:36.057,9.6635,9.6663,1.00,2.40
2010.04.06 12:42:43.232,9.6636,9.6663,1.00,2.40
2010.04.06 12:42:54.908,9.6636,9.6663,1.00,2.40
2010.04.06 12:43:03.881,9.6636,9.6663,1.00,2.40
2010.04.06 12:43:23.152,9.6637,9.6663,1.00,2.40
2010.04.06 12:43:34.963,9.6637,9.6663,1.00,2.40
2010.04.06 12:43:35.894,9.6637,9.6663,1.00,1.00
2010.04.06 12:43:47.071,9.6638,9.6663,1.00,1.00
2010.04.06 12:43:48.241,9.6638,9.66645,1.00,1.60
2010.04.06 12:43:48.605,9.6638,9.6666,1.00,2.40
2010.04.06 12:43:48.943,9.6638,9.6666,1.00,2.40
2010.04.06 12:43:55.939,9.6639,9.6666,1.00,2.40
2010.04.06 12:44:08.167,9.6639,9.6666,1.00,2.40
2010.04.06 12:44:20.013,9.664,9.6666,1.00,2.40
2010.04.06 12:44:23.924,9.6638,9.66615,1.00,1.60
2010.04.06 12:44:24.266,9.6635,9.666,1.00,2.40
2010.04.06 12:44:25.133,9.6635,9.6659,1.00,1.00
2010.04.06 12:44:30.941,9.6636,9.6659,1.00,1.00
2010.04.06 12:44:43.047,9.6636,9.6658,1.00,1.00
2010.04.06 12:44:54.896,9.6637,9.6658,1.00,1.00
2010.04.06 12:45:05.654,9.6638,9.6665,1.00,2.40
2010.04.06 12:45:10.474,9.66435,9.6673,1.60,2.40
2010.04.06 12:45:12.190,9.6643,9.6673,3.20,2.40
2010.04.06 12:45:17.030,9.6643,9.66705,2.40,2.40
2010.04.06 12:45:17.368,9.664,9.6668,1.00,2.40
2010.04.06 12:45:17.711,9.6648,9.66725,2.40,1.60
2010.04.06 12:45:18.404,9.6638,9.6668,1.00,2.40
2010.04.06 12:45:20.554,9.6647,9.6672,1.00,1.00
2010.04.06 12:45:21.918,9.6648,9.6672,1.00,1.00
2010.04.06 12:45:28.127,9.6649,9.6672,1.00,1.00
2010.04.06 12:45:39.962,9.6649,9.6671,1.00,1.00
2010.04.06 12:45:52.141,9.665,9.6671,1.00,1.00
2010.04.06 12:46:03.927,9.665,9.667,1.00,1.00
2010.04.06 12:46:04.760,9.66475,9.667,1.60,1.00
2010.04.06 12:46:11.427,9.66475,9.66675,1.60,1.60
2010.04.06 12:46:21.055,9.6648,9.66675,1.00,1.60
2010.04.06 12:46:22.018,9.66475,9.66675,1.60,1.60
2010.04.06 12:46:24.927,9.664,9.6668,1.00,2.40
2010.04.06 12:46:41.031,9.664,9.6668,1.00,2.40
2010.04.06 12:46:43.704,9.664,9.6667,1.00,1.00
2010.04.06 12:46:43.898,9.664,9.6663,1.00,2.40
2010.04.06 12:46:44.287,9.6635,9.6663,1.00,2.40
2010.04.06 12:46:46.038,9.6635,9.6663,1.00,2.40
2010.04.06 12:46:51.910,9.6635,9.6662,1.00,1.00
2010.04.06 12:46:58.284,9.6635,9.6662,1.00,1.00
2010.04.06 12:46:59.050,9.6635,9.6662,1.00,1.00
2010.04.06 12:47:03.873,9.6635,9.6662,1.00,1.00
2010.04.06 12:47:06.546,9.6635,9.6662,1.00,1.00
2010.04.06 12:47:18.710,9.6635,9.6663,1.00,2.40
2010.04.06 12:47:18.911,9.664,9.6668,1.00,2.40
2010.04.06 12:47:20.242,9.66455,9.6668,1.60,2.40
2010.04.06 12:47:20.553,9.66445,9.6668,1.60,2.40
2010.04.06 12:47:20.872,9.66445,9.6673,1.60,2.40
2010.04.06 12:47:21.632,9.66455,9.6673,1.60,2.40
2010.04.06 12:47:22.502,9.66445,9.6674,1.60,2.40
2010.04.06 12:47:24.379,9.6644,9.6674,2.40,2.40
2010.04.06 12:47:24.518,9.66415,9.6669,1.60,2.40
2010.04.06 12:47:26.189,9.66415,9.6669,1.60,2.40
2010.04.06 12:47:26.906,9.6642,9.6669,1.00,2.40
2010.04.06 12:47:27.241,9.6642,9.6669,1.00,1.00
2010.04.06 12:47:27.579,9.66425,9.6669,1.60,1.00
2010.04.06 12:47:28.600,9.66445,9.667,1.60,2.40
2010.04.06 12:47:29.241,9.6649,9.6673,1.00,1.00
2010.04.06 12:47:35.808,9.6646,9.667,2.40,1.00
2010.04.06 12:47:36.095,9.6646,9.667,1.00,1.00
2010.04.06 12:47:45.574,9.6649,9.6673,1.00,2.40
2010.04.06 12:47:45.891,9.6649,9.6673,1.00,1.00
2010.04.06 12:47:52.852,9.6649,9.6672,1.00,1.00
2010.04.06 12:47:57.207,9.6637,9.6667,1.00,2.40
2010.04.06 12:47:57.262,9.6637,9.6668,1.00,2.40
2010.04.06 12:47:57.600,9.6638,9.6668,1.00,2.40
2010.04.06 12:47:58.322,9.66415,9.6668,1.60,2.40
2010.04.06 12:47:58.630,9.664,9.6668,1.00,2.40
2010.04.06 12:48:05.859,9.664,9.6665,1.00,1.00
2010.04.06 12:48:06.098,9.6637,9.6665,1.00,2.40
2010.04.06 12:48:07.221,9.6637,9.6664,1.00,1.00
2010.04.06 12:48:25.188,9.6637,9.6663,1.00,1.00
2010.04.06 12:48:36.902,9.6637,9.6663,1.00,1.00
2010.04.06 12:48:40.165,9.6637,9.6665,1.00,2.40
2010.04.06 12:48:40.330,9.664,9.6665,1.00,2.40
2010.04.06 12:48:40.500,9.664,9.6668,1.00,2.40
2010.04.06 12:48:46.089,9.664,9.66645,1.00,1.60
2010.04.06 12:48:46.259,9.6635,9.6663,1.00,2.40
2010.04.06 12:48:46.590,9.6635,9.6662,1.00,2.40
2010.04.06 12:48:46.758,9.6634,9.6662,1.00,2.40
2010.04.06 12:48:48.048,9.6634,9.6662,1.00,2.40
2010.04.06 12:48:53.977,9.6634,9.6661,1.00,1.00
2010.04.06 12:49:01.976,9.6632,9.66575,2.40,2.40
2010.04.06 12:49:02.186,9.6629,9.6655,1.00,2.40
2010.04.06 12:49:02.525,9.6629,9.6656,1.00,2.40
2010.04.06 12:49:03.917,9.6629,9.6653,1.00,1.00
2010.04.06 12:49:07.347,9.6631,9.6656,1.00,2.40
2010.04.06 12:49:07.625,9.6635,9.6662,1.00,1.00
2010.04.06 12:49:07.903,9.6634,9.6662,1.00,1.00
2010.04.06 12:49:08.133,9.6634,9.6662,1.00,2.40
2010.04.06 12:49:14.935,9.6634,9.6661,1.00,1.00
2010.04.06 12:49:26.941,9.6634,9.6661,1.00,1.00
2010.04.06 12:49:31.830,9.6634,9.6662,1.00,2.40
2010.04.06 12:49:32.139,9.6635,9.6662,1.00,1.00
2010.04.06 12:49:32.449,9.6635,9.6663,1.00,2.40
2010.04.06 12:49:39.940,9.6635,9.6662,1.00,1.00
2010.04.06 12:49:52.084,9.6635,9.6662,1.00,1.00
2010.04.06 12:50:03.900,9.6635,9.6661,1.00,1.00
2010.04.06 12:50:05.370,9.6635,9.6662,1.00,1.00
2010.04.06 12:50:05.496,9.6635,9.6662,1.00,1.00
2010.04.06 12:50:05.742,9.6635,9.6663,1.00,2.40
2010.04.06 12:50:08.242,9.6636,9.6663,1.00,2.40
2010.04.06 12:50:08.582,9.665,9.667,1.00,1.00
2010.04.06 12:50:09.175,9.665,9.6668,1.00,2.40
2010.04.06 12:50:09.395,9.6638,9.6668,1.00,2.40
2010.04.06 12:50:10.530,9.6641,9.6668,1.00,2.40
2010.04.06 12:50:10.941,9.6641,9.6669,1.00,2.40
2010.04.06 12:50:16.212,9.6641,9.6669,1.00,1.00
2010.04.06 12:50:16.379,9.6642,9.6669,1.00,1.00
2010.04.06 12:50:16.592,9.6642,9.667,1.00,2.40
2010.04.06 12:50:17.179,9.6642,9.6669,1.00,1.00
2010.04.06 12:50:17.468,9.664,9.6668,1.00,2.40
2010.04.06 12:50:20.710,9.6641,9.6669,1.00,2.40
2010.04.06 12:50:21.049,9.66535,9.6669,1.60,2.40
2010.04.06 12:50:21.527,9.6658,9.667,2.40,1.00
2010.04.06 12:50:22.081,9.666,9.667,2.40,1.00
2010.04.06 12:50:22.435,9.6643,9.667,1.00,1.00
2010.04.06 12:50:23.081,9.6643,9.667,2.40,1.00
2010.04.06 12:50:23.432,9.66415,9.667,1.60,1.00
2010.04.06 12:50:24.031,9.6644,9.667,3.20,1.00
2010.04.06 12:50:29.950,9.6644,9.667,1.00,1.00
2010.04.06 12:50:30.295,9.6643,9.667,1.00,1.00
2010.04.06 12:50:42.393,9.6643,9.66655,1.00,1.00
2010.04.06 12:50:48.033,9.66445,9.66655,1.60,1.00
2010.04.06 12:50:48.711,9.66455,9.66655,1.60,1.00
2010.04.06 12:50:49.210,9.66445,9.66655,1.60,1.00
2010.04.06 12:50:49.371,9.66455,9.66655,1.60,1.00
2010.04.06 12:50:49.831,9.6645,9.66655,1.00,1.00
2010.04.06 12:50:54.289,9.66445,9.66655,1.60,1.00
2010.04.06 12:51:24.179,9.66445,9.66795,1.60,1.60
2010.04.06 12:51:24.866,9.66445,9.6673,1.60,1.00
2010.04.06 12:51:25.210,9.66445,9.6679,1.60,1.00
2010.04.06 12:51:25.554,9.66455,9.6674,1.60,2.40
2010.04.06 12:51:27.265,9.66465,9.6674,1.60,2.40
2010.04.06 12:51:36.491,9.6656,9.669,2.40,2.40
2010.04.06 12:51:38.660,9.6659,9.6689,2.40,2.40
2010.04.06 12:51:42.311,9.666,9.669,2.40,2.40
2010.04.06 12:51:45.893,9.6668,9.6698,2.40,2.40
2010.04.06 12:51:55.005,9.6663,9.6693,3.20,2.40
2010.04.06 12:52:54.948,9.6663,9.6697,1.00,1.00
2010.04.06 12:52:55.515,9.6663,9.66965,1.00,1.60
2010.04.06 12:53:38.661,9.666,9.66965,1.00,1.60
2010.04.06 12:53:39.012,9.6671,9.67,2.40,1.00
2010.04.06 12:53:40.311,9.6673,9.67,2.40,1.00
2010.04.06 12:53:41.931,9.6673,9.6702,2.40,1.00
2010.04.06 12:53:45.326,9.6678,9.6705,2.40,1.00
2010.04.06 12:53:47.150,9.6681,9.6705,1.00,1.00
2010.04.06 12:53:53.143,9.6681,9.6704,1.00,1.00
2010.04.06 12:53:55.669,9.6685,9.6704,1.00,1.00
2010.04.06 12:53:55.987,9.66915,9.67085,1.60,1.00
2010.04.06 12:53:56.305,9.6692,9.67085,1.00,1.00
2010.04.06 12:53:56.626,9.6696,9.67085,1.00,1.00
2010.04.06 12:53:56.915,9.6696,9.67085,2.40,1.00
2010.04.06 12:53:57.996,9.6698,9.67085,1.00,1.00
2010.04.06 12:54:06.728,9.66935,9.6705,2.40,2.40
2010.04.06 12:54:07.146,9.668,9.6705,1.00,2.40
2010.04.06 12:54:07.323,9.6671,9.6703,2.40,2.40
2010.04.06 12:54:08.007,9.6672,9.6704,2.40,2.40
2010.04.06 12:54:08.354,9.6673,9.6703,2.40,2.40
2010.04.06 12:54:15.783,9.6681,9.67085,2.40,1.00
2010.04.06 12:54:20.380,9.6683,9.6712,2.40,1.00
2010.04.06 12:54:28.522,9.6683,9.67055,2.40,1.60
2010.04.06 12:54:28.870,9.6671,9.6703,2.40,2.40
2010.04.06 12:54:29.523,9.66765,9.6703,1.60,2.40
2010.04.06 12:54:29.870,9.6671,9.6703,2.40,2.40
2010.04.06 12:54:30.211,9.6673,9.6703,2.40,2.40
2010.04.06 12:54:31.187,9.6673,9.6702,2.40,1.00
2010.04.06 12:54:35.942,9.6673,9.6701,2.40,1.00
2010.04.06 12:54:48.472,9.6674,9.6701,1.00,1.00
2010.04.06 12:54:53.954,9.66705,9.6693,2.40,2.40
2010.04.06 12:54:54.294,9.66675,9.6692,1.00,2.40
2010.04.06 12:54:56.366,9.66675,9.6691,1.00,2.40
2010.04.06 12:54:57.150,9.66675,9.66905,1.00,1.60
2010.04.06 12:54:58.001,9.66675,9.6691,1.00,2.40
2010.04.06 12:54:58.683,9.66675,9.66925,1.00,1.60
2010.04.06 12:54:59.302,9.66675,9.6693,1.00,2.40
2010.04.06 12:55:03.054,9.66675,9.6684,1.00,1.00
2010.04.06 12:55:03.401,9.66675,9.6675,1.00,2.40
2010.04.06 12:55:05.129,9.66675,9.667,1.00,1.00
2010.04.06 12:55:05.831,9.66675,9.6677,1.00,1.00
2010.04.06 12:55:13.068,9.66675,9.6676,1.00,1.00
2010.04.06 12:55:20.340,9.6651,9.6676,1.00,1.00
2010.04.06 12:55:25.093,9.6654,9.6676,1.00,1.00
2010.04.06 12:55:37.352,9.6654,9.6675,1.00,1.00
2010.04.06 12:55:44.420,9.6655,9.668,1.00,2.40
2010.04.06 12:55:44.681,9.6657,9.6687,2.40,2.40
2010.04.06 12:55:45.021,9.6661,9.66905,2.40,1.60
2010.04.06 12:55:45.362,9.6665,9.66925,2.40,1.60
2010.04.06 12:55:45.849,9.6665,9.66915,2.40,1.60
2010.04.06 12:55:46.248,9.6665,9.66925,2.40,1.60
2010.04.06 12:55:46.659,9.6665,9.66915,2.40,1.60
2010.04.06 12:55:47.588,9.6665,9.66925,2.40,1.60
2010.04.06 12:55:48.168,9.6665,9.66915,2.40,1.60
2010.04.06 12:56:00.469,9.6665,9.66925,2.40,1.60
2010.04.06 12:56:05.974,9.6665,9.66915,2.40,1.60
2010.04.06 12:56:06.613,9.6665,9.66925,2.40,1.60
2010.04.06 12:56:07.962,9.6665,9.66915,2.40,1.60
2010.04.06 12:56:08.327,9.6665,9.66925,2.40,1.60
2010.04.06 12:56:09.293,9.6665,9.66915,2.40,1.60
2010.04.06 12:56:28.110,9.6665,9.66925,2.40,1.60
2010.04.06 12:56:38.075,9.6665,9.66915,2.40,1.60
2010.04.06 12:56:45.843,9.6662,9.66915,1.00,1.60
2010.04.06 12:56:56.889,9.6662,9.66915,1.00,1.60
2010.04.06 12:57:07.530,9.6661,9.66925,1.00,1.60
2010.04.06 12:57:15.205,9.6663,9.66925,1.00,1.60
2010.04.06 12:57:15.448,9.6667,9.66955,2.40,1.60
2010.04.06 12:57:16.195,9.6668,9.66955,2.40,1.60
2010.04.06 12:57:17.636,9.6668,9.66945,2.40,1.60
2010.04.06 12:57:41.152,9.667,9.66985,2.40,1.60
2010.04.06 12:58:25.100,9.667,9.67,2.40,2.40
2010.04.06 12:58:25.240,9.6673,9.67005,2.40,1.60
2010.04.06 12:58:31.504,9.6671,9.67005,2.40,1.60
2010.04.06 12:58:31.579,9.6671,9.6698,2.40,1.90
2010.04.06 12:58:35.938,9.66725,9.6698,1.00,1.10
2010.04.06 12:58:36.130,9.66745,9.6698,1.60,1.10
2010.04.06 12:58:36.931,9.66755,9.6703,1.60,2.40
2010.04.06 12:58:37.182,9.66735,9.6703,1.60,2.40
2010.04.06 12:58:37.387,9.66735,9.6698,1.60,1.10
2010.04.06 12:58:46.630,9.66725,9.6698,2.40,1.10
2010.04.06 12:58:47.441,9.66725,9.6698,1.00,3.50
2010.04.06 12:58:47.553,9.66725,9.6698,1.00,2.40
2010.04.06 12:58:49.600,9.66695,9.6698,1.60,2.40
2010.04.06 12:58:56.595,9.66755,9.67005,1.60,2.40
2010.04.06 12:58:56.844,9.66755,9.6703,1.60,2.40
2010.04.06 12:58:58.402,9.6673,9.66985,2.40,1.60
2010.04.06 12:58:58.650,9.6673,9.66945,2.40,1.60
2010.04.06 12:58:58.975,9.66685,9.6695,1.00,2.40
2010.04.06 12:59:01.014,9.667,9.66975,2.40,1.60
2010.04.06 12:59:05.818,9.667,9.66935,2.40,1.60
2010.04.06 12:59:06.046,9.66685,9.66935,1.00,1.60
2010.04.06 12:59:11.248,9.66685,9.66945,1.00,1.60
2010.04.06 12:59:15.667,9.66685,9.66895,1.00,1.60
2010.04.06 12:59:15.910,9.66685,9.6688,1.00,2.40
2010.04.06 12:59:16.865,9.66685,9.6688,1.00,2.40
2010.04.06 12:59:18.105,9.66685,9.6687,1.00,1.00
2010.04.06 12:59:20.397,9.66615,9.6687,1.00,1.00
2010.04.06 12:59:22.787,9.6658,9.6687,2.40,1.00
2010.04.06 12:59:23.300,9.6658,9.6686,2.40,1.00
2010.04.06 12:59:34.965,9.6659,9.6686,1.00,1.00
2010.04.06 12:59:39.354,9.666,9.6687,2.40,1.00
2010.04.06 12:59:41.482,9.6663,9.6687,1.00,1.00
2010.04.06 12:59:46.832,9.6663,9.6686,1.00,1.00
2010.04.06 12:59:53.850,9.6665,9.6689,1.00,1.00
2010.04.06 12:59:59.083,9.6673,9.6705,2.40,2.40
