2012.07.18 22:00:00.192,8.51494,8.51807,0.84,0.66
2012.07.18 22:00:00.569,8.51494,8.52092,0.75,0.75
2012.07.18 22:00:01.474,8.51494,8.51925,0.75,1.50
2012.07.18 22:00:01.641,8.51494,8.51907,0.75,1.50
2012.07.18 22:00:01.755,8.51494,8.51881,0.75,1.50
2012.07.18 22:00:03.827,8.51494,8.51903,0.75,1.50
2012.07.18 22:00:15.912,8.51493,8.51903,0.75,1.50
2012.07.18 22:00:24.562,8.51493,8.51899,0.75,1.50
2012.07.18 22:00:45.027,8.51493,8.51889,0.75,1.50
2012.07.18 22:00:53.910,8.51493,8.5191,0.75,1.50
2012.07.18 22:01:04.014,8.51493,8.51892,0.75,1.50
2012.07.18 22:01:05.153,8.51493,8.51866,0.75,1.50
2012.07.18 22:01:10.077,8.51493,8.51896,0.75,1.50
2012.07.18 22:01:11.043,8.51494,8.51896,0.75,1.50
2012.07.18 22:01:50.372,8.51494,8.51897,0.75,1.50
2012.07.18 22:01:59.766,8.51494,8.51862,0.75,1.50
2012.07.18 22:02:00.868,8.51494,8.51838,0.75,1.50
2012.07.18 22:02:06.027,8.51493,8.51838,0.75,1.50
2012.07.18 22:03:01.187,8.51494,8.51838,0.75,1.50
2012.07.18 22:03:01.495,8.51494,8.51836,0.75,1.50
2012.07.18 22:03:56.297,8.51493,8.51836,0.75,1.50
2012.07.18 22:04:03.668,8.51278,8.52139,1.50,1.50
2012.07.18 22:04:44.771,8.51447,8.52074,1.50,1.50
2012.07.18 22:04:44.838,8.51447,8.51905,1.50,1.50
2012.07.18 22:04:46.192,8.51467,8.51841,1.50,1.50
2012.07.18 22:05:26.409,8.51468,8.51838,1.50,1.50
2012.07.18 22:05:46.454,8.51468,8.51838,1.50,1.50
2012.07.18 22:05:47.551,8.51468,8.51839,1.50,1.50
2012.07.18 22:06:07.439,8.51468,8.51824,1.50,1.50
2012.07.18 22:06:13.247,8.51414,8.51792,2.25,1.50
2012.07.18 22:06:26.310,8.5144,8.51826,2.25,1.50
2012.07.18 22:06:35.220,8.5144,8.51817,2.25,1.50
2012.07.18 22:06:36.409,8.51406,8.51792,2.25,1.50
2012.07.18 22:06:37.678,8.51437,8.51817,2.25,1.50
2012.07.18 22:06:37.735,8.51437,8.51823,2.25,1.50
2012.07.18 22:06:41.642,8.51437,8.51823,2.25,1.50
2012.07.18 22:06:47.319,8.51412,8.51791,2.25,1.50
2012.07.18 22:06:48.639,8.51438,8.51816,2.25,1.50
2012.07.18 22:06:48.870,8.51438,8.51822,2.25,1.50
2012.07.18 22:07:07.289,8.51413,8.51792,2.25,1.50
2012.07.18 22:07:11.457,8.51436,8.51816,2.25,1.50
2012.07.18 22:07:11.656,8.51436,8.5182,2.25,1.50
2012.07.18 22:07:21.280,8.51436,8.51816,2.25,1.50
2012.07.18 22:07:22.813,8.51406,8.51792,2.25,1.50
2012.07.18 22:07:25.250,8.51438,8.51816,2.25,1.50
2012.07.18 22:07:25.311,8.51438,8.51822,2.25,1.50
2012.07.18 22:07:35.664,8.51436,8.5182,2.25,1.50
2012.07.18 22:07:45.153,8.51487,8.51797,1.50,1.50
2012.07.18 22:07:49.544,8.51487,8.51824,1.50,1.50
2012.07.18 22:08:10.817,8.51467,8.51823,1.50,1.50
2012.07.18 22:08:26.213,8.51487,8.51796,1.50,1.50
2012.07.18 22:08:27.517,8.51487,8.51825,1.50,1.50
2012.07.18 22:08:37.131,8.51488,8.5182,1.50,1.50
2012.07.18 22:08:37.670,8.51488,8.51795,1.50,1.50
2012.07.18 22:08:46.993,8.51488,8.51826,1.50,1.50
2012.07.18 22:08:56.260,8.51488,8.51819,1.50,1.50
2012.07.18 22:08:56.693,8.51488,8.51794,1.50,1.50
2012.07.18 22:08:57.484,8.51487,8.5182,1.50,1.50
2012.07.18 22:09:07.163,8.51487,8.51795,1.50,1.50
2012.07.18 22:09:09.565,8.51487,8.51824,1.50,1.50
2012.07.18 22:09:17.709,8.51487,8.51834,1.50,1.50
2012.07.18 22:09:27.564,8.51487,8.51834,1.50,1.50
2012.07.18 22:09:29.208,8.51487,8.51812,1.50,1.50
2012.07.18 22:09:35.284,8.51487,8.51837,1.50,1.50
2012.07.18 22:09:36.768,8.51487,8.51838,1.50,1.50
2012.07.18 22:09:40.908,8.51494,8.51838,1.50,1.50
2012.07.18 22:09:41.125,8.51487,8.51838,1.50,1.50
2012.07.18 22:09:43.139,8.51494,8.51838,1.50,1.50
2012.07.18 22:09:55.145,8.51494,8.518,1.50,1.50
2012.07.18 22:09:58.477,8.51494,8.51824,1.50,1.50
2012.07.18 22:09:58.537,8.51494,8.51834,1.50,1.50
2012.07.18 22:10:09.426,8.51488,8.51834,1.50,1.50
2012.07.18 22:10:10.052,8.51494,8.51834,1.50,1.50
2012.07.18 22:10:12.134,8.51488,8.51834,1.50,1.50
2012.07.18 22:10:12.518,8.51488,8.51855,1.50,1.50
2012.07.18 22:10:14.466,8.51488,8.51826,1.50,1.50
2012.07.18 22:10:18.725,8.51488,8.51847,1.50,1.50
2012.07.18 22:10:22.053,8.51488,8.51847,1.50,1.50
2012.07.18 22:10:22.819,8.51493,8.51847,1.50,1.50
2012.07.18 22:10:39.445,8.51493,8.51846,1.50,1.50
2012.07.18 22:11:15.558,8.51493,8.51846,1.50,1.50
2012.07.18 22:11:19.761,8.51493,8.51846,1.50,1.50
2012.07.18 22:11:21.398,8.51493,8.51845,1.50,1.50
2012.07.18 22:11:36.048,8.51493,8.51845,1.50,1.50
2012.07.18 22:11:42.370,8.51493,8.5185,1.50,1.50
2012.07.18 22:11:44.309,8.51493,8.5185,1.50,1.50
2012.07.18 22:12:02.943,8.51493,8.51841,1.50,1.50
2012.07.18 22:12:09.035,8.51487,8.51841,1.50,1.50
2012.07.18 22:12:12.244,8.51493,8.51841,1.50,1.50
2012.07.18 22:12:13.545,8.51487,8.51841,1.50,1.50
2012.07.18 22:12:53.768,8.51493,8.51841,1.50,1.50
2012.07.18 22:12:58.895,8.51488,8.51841,1.50,1.50
2012.07.18 22:13:04.750,8.51488,8.52132,1.50,1.50
2012.07.18 22:13:07.447,8.51488,8.52092,1.50,1.50
2012.07.18 22:13:24.896,8.51494,8.521,1.50,1.50
2012.07.18 22:13:25.721,8.51494,8.51914,1.50,1.50
2012.07.18 22:13:27.225,8.51494,8.5185,1.50,1.50
2012.07.18 22:13:46.394,8.51494,8.51847,1.50,1.50
2012.07.18 22:14:07.502,8.51494,8.5185,1.50,1.50
2012.07.18 22:14:24.915,8.51466,8.5185,2.25,1.50
2012.07.18 22:14:27.400,8.51462,8.51846,2.25,1.50
2012.07.18 22:15:00.006,8.51494,8.51846,1.50,1.50
2012.07.18 22:15:00.332,8.51494,8.51846,1.50,1.50
2012.07.18 22:15:09.459,8.51494,8.51845,1.50,1.50
2012.07.18 22:15:16.830,8.51494,8.51845,1.50,1.50
2012.07.18 22:15:29.380,8.51494,8.51849,1.50,1.50
2012.07.18 22:16:17.559,8.51463,8.51849,2.25,1.50
2012.07.18 22:16:30.163,8.51368,8.5214,1.50,1.50
2012.07.18 22:17:00.720,8.51368,8.521,1.50,1.50
2012.07.18 22:17:10.733,8.51368,8.521,1.50,1.50
2012.07.18 22:17:12.404,8.51442,8.51918,2.25,1.50
2012.07.18 22:17:15.249,8.51468,8.51852,2.25,1.50
2012.07.18 22:17:33.369,8.51464,8.51848,2.25,1.50
2012.07.18 22:18:37.902,8.51462,8.51848,2.25,1.50
2012.07.18 22:18:54.755,8.51438,8.51872,2.25,1.50
2012.07.18 22:18:55.447,8.51368,8.52139,1.50,1.50
2012.07.18 22:19:17.393,8.51438,8.51914,2.25,1.50
2012.07.18 22:19:17.915,8.51464,8.51888,2.25,1.50
2012.07.18 22:19:33.211,8.51464,8.51848,2.25,1.50
2012.07.18 22:20:15.105,8.51494,8.51848,1.50,1.50
2012.07.18 22:20:16.443,8.51487,8.51848,1.50,1.50
2012.07.18 22:20:18.962,8.51487,8.51836,1.50,1.50
2012.07.18 22:20:39.385,8.51487,8.51841,1.50,1.50
2012.07.18 22:20:46.716,8.51516,8.51902,1.50,1.50
2012.07.18 22:21:06.655,8.51518,8.51902,1.50,1.50
2012.07.18 22:21:27.334,8.51515,8.51901,1.50,1.50
2012.07.18 22:21:48.353,8.51518,8.51902,1.50,1.50
2012.07.18 22:22:08.322,8.51516,8.519,1.50,1.50
2012.07.18 22:22:29.447,8.51508,8.51892,1.50,1.50
2012.07.18 22:22:50.352,8.51507,8.51891,1.50,1.50
2012.07.18 22:23:10.445,8.51511,8.51895,1.50,1.50
2012.07.18 22:24:11.075,8.51257,8.52139,1.50,1.50
2012.07.18 22:24:18.293,8.51297,8.521,1.50,1.50
2012.07.18 22:24:46.790,8.51297,8.52099,1.50,1.50
2012.07.18 22:24:53.345,8.51467,8.51931,1.50,1.50
2012.07.18 22:25:34.285,8.51496,8.5188,1.50,1.50
2012.07.18 22:25:54.384,8.51507,8.51891,1.50,1.50
2012.07.18 22:26:54.636,8.51257,8.52139,1.50,1.50
2012.07.18 22:26:55.786,8.51452,8.51928,2.25,1.50
2012.07.18 22:26:56.403,8.51477,8.51903,1.50,1.50
2012.07.18 22:27:16.237,8.5151,8.51894,1.50,1.50
2012.07.18 22:27:36.382,8.51503,8.51889,1.50,1.50
2012.07.18 22:27:56.768,8.51513,8.51899,1.50,1.50
2012.07.18 22:28:02.529,8.51492,8.51878,2.25,1.50
2012.07.18 22:28:23.379,8.51506,8.51892,1.50,1.50
2012.07.18 22:28:43.364,8.51504,8.51888,1.50,1.50
2012.07.18 22:29:03.500,8.51517,8.51903,1.50,1.50
2012.07.18 22:29:24.428,8.51507,8.51893,1.50,1.50
2012.07.18 22:29:45.168,8.51497,8.51883,1.50,1.50
2012.07.18 22:29:53.704,8.5152,8.51904,1.50,1.50
2012.07.18 22:30:14.322,8.5151,8.51896,1.50,1.50
2012.07.18 22:30:35.224,8.51514,8.51898,1.50,1.50
2012.07.18 22:30:55.517,8.51502,8.51886,1.50,1.50
2012.07.18 22:31:15.509,8.5151,8.51894,1.50,1.50
2012.07.18 22:31:35.505,8.51502,8.51888,1.50,1.50
2012.07.18 22:31:56.441,8.51501,8.51885,1.50,1.50
2012.07.18 22:32:17.434,8.5151,8.51896,1.50,1.50
2012.07.18 22:33:17.826,8.51297,8.52095,1.50,1.13
2012.07.18 22:33:20.269,8.51482,8.51908,1.50,1.50
2012.07.18 22:33:29.144,8.51525,8.51911,1.50,1.50
2012.07.18 22:33:29.537,8.51525,8.51909,1.50,1.50
2012.07.18 22:33:29.602,8.51498,8.51884,1.50,1.50
2012.07.18 22:33:50.392,8.51511,8.51895,1.50,1.50
2012.07.18 22:34:11.387,8.51513,8.51899,1.50,1.50
2012.07.18 22:34:32.362,8.51513,8.51897,1.50,1.50
2012.07.18 22:34:44.359,8.51533,8.51919,1.50,1.50
2012.07.18 22:34:47.764,8.5151,8.51896,1.50,1.50
2012.07.18 22:35:08.451,8.51513,8.51899,1.50,1.50
2012.07.18 22:35:23.510,8.51538,8.51922,1.50,1.50
2012.07.18 22:35:25.679,8.51538,8.51922,2.25,1.50
2012.07.18 22:35:26.668,8.51538,8.51922,2.25,1.50
2012.07.18 22:35:27.658,8.51538,8.51922,2.25,1.50
2012.07.18 22:35:28.743,8.51574,8.51922,1.50,1.50
2012.07.18 22:35:28.805,8.516,8.51984,1.50,1.50
2012.07.18 22:35:42.219,8.516,8.51965,1.50,1.50
2012.07.18 22:35:42.281,8.51555,8.51941,1.50,1.50
2012.07.18 22:35:51.353,8.51555,8.51941,1.88,1.50
2012.07.18 22:35:51.416,8.51577,8.51963,1.88,1.50
2012.07.18 22:35:51.480,8.51577,8.51963,1.50,1.50
2012.07.18 22:35:52.593,8.51598,8.51984,1.50,1.50
2012.07.18 22:35:53.618,8.51598,8.51984,2.25,1.50
2012.07.18 22:35:54.718,8.51598,8.51984,2.25,1.50
2012.07.18 22:35:55.708,8.51598,8.51984,2.25,1.50
2012.07.18 22:35:57.959,8.51619,8.52003,2.25,1.50
2012.07.18 22:36:04.212,8.51639,8.52025,2.25,2.25
2012.07.18 22:36:14.325,8.5162,8.52004,2.25,1.50
2012.07.18 22:36:19.797,8.5162,8.52004,2.25,1.50
2012.07.18 22:36:21.331,8.5162,8.52004,1.50,1.50
2012.07.18 22:36:21.743,8.51595,8.51914,1.50,1.50
2012.07.18 22:36:21.804,8.51286,8.51914,0.75,1.50
2012.07.18 22:36:22.681,8.51286,8.51935,0.75,1.50
2012.07.18 22:36:22.904,8.51326,8.51747,0.75,2.21
2012.07.18 22:36:23.021,8.51315,8.51747,0.75,2.21
2012.07.18 22:36:23.192,8.51315,8.51782,0.75,1.40
2012.07.18 22:36:23.254,8.51305,8.51782,0.75,1.40
2012.07.18 22:36:23.428,8.50699,8.51887,2.34,2.16
2012.07.18 22:36:23.505,8.50699,8.51858,2.34,2.16
2012.07.18 22:36:33.086,8.51256,8.51735,0.75,1.50
2012.07.18 22:36:33.164,8.51256,8.51815,0.75,1.50
2012.07.18 22:36:39.334,8.51296,8.51759,0.75,1.50
2012.07.18 22:36:40.357,8.51082,8.51473,0.84,1.41
2012.07.18 22:36:40.493,8.50782,8.51393,1.59,2.25
2012.07.18 22:36:40.555,8.50782,8.51393,1.50,2.25
2012.07.18 22:36:40.674,8.50458,8.5109,2.25,1.50
2012.07.18 22:36:41.529,8.50458,8.5109,2.25,1.50
2012.07.18 22:36:41.695,8.50471,8.51111,2.25,1.50
2012.07.18 22:36:47.064,8.50371,8.50971,2.25,1.50
2012.07.18 22:36:49.991,8.50475,8.51077,2.25,1.50
2012.07.18 22:36:50.337,8.50896,8.51077,1.30,1.50
2012.07.18 22:36:50.419,8.50896,8.51325,1.30,1.50
2012.07.18 22:36:51.362,8.50936,8.51305,1.30,1.50
2012.07.18 22:36:52.589,8.50936,8.5124,1.30,1.50
2012.07.18 22:36:53.211,8.50937,8.5124,1.55,1.50
2012.07.18 22:37:03.208,8.50937,8.51262,1.55,1.50
2012.07.18 22:37:10.464,8.50937,8.51241,1.55,1.50
2012.07.18 22:37:21.691,8.50937,8.51311,1.85,1.50
2012.07.18 22:37:21.867,8.51002,8.51311,1.50,1.50
2012.07.18 22:37:21.929,8.51026,8.51693,1.50,1.50
2012.07.18 22:37:22.807,8.51007,8.51672,1.50,1.50
2012.07.18 22:37:27.501,8.51027,8.51654,1.50,1.50
2012.07.18 22:37:27.777,8.51069,8.51678,1.50,2.25
2012.07.18 22:37:33.006,8.51074,8.51591,1.50,1.50
2012.07.18 22:37:39.014,8.51077,8.51571,1.50,1.50
2012.07.18 22:37:39.075,8.51103,8.516,1.50,1.50
2012.07.18 22:37:43.140,8.51103,8.51565,1.50,1.50
2012.07.18 22:37:43.202,8.51067,8.51539,1.50,1.50
2012.07.18 22:37:49.232,8.51098,8.51565,1.50,1.50
2012.07.18 22:37:49.295,8.51098,8.51572,1.50,1.50
2012.07.18 22:37:50.860,8.51098,8.51572,1.59,2.16
2012.07.18 22:37:52.171,8.51185,8.51568,1.50,2.16
2012.07.18 22:37:52.633,8.51209,8.51615,1.50,2.16
2012.07.18 22:37:53.114,8.51209,8.51615,1.50,2.16
2012.07.18 22:37:54.050,8.50098,8.51644,2.34,1.04
2012.07.18 22:38:00.732,8.50339,8.51654,2.25,1.40
2012.07.18 22:38:09.097,8.50339,8.51643,2.25,1.50
2012.07.18 22:38:09.160,8.50284,8.51619,2.25,1.50
2012.07.18 22:38:09.916,8.50284,8.51412,2.25,2.25
2012.07.18 22:38:09.978,8.50284,8.51412,2.25,2.25
2012.07.18 22:38:10.096,8.50365,8.51129,2.25,1.50
2012.07.18 22:38:10.436,8.50391,8.51103,2.25,1.50
2012.07.18 22:38:13.071,8.50492,8.51144,2.25,1.50
2012.07.18 22:38:14.985,8.50492,8.51122,2.25,1.50
2012.07.18 22:38:15.692,8.50445,8.51097,2.25,1.50
2012.07.18 22:38:19.188,8.50365,8.51017,2.25,1.50
2012.07.18 22:38:20.766,8.50432,8.51084,2.25,1.50
2012.07.18 22:38:20.939,8.505,8.51152,2.25,1.50
2012.07.18 22:38:22.626,8.50477,8.51129,2.25,1.50
2012.07.18 22:38:24.025,8.50451,8.51073,2.25,1.50
2012.07.18 22:38:29.901,8.50421,8.5107,2.25,1.50
2012.07.18 22:38:30.206,8.50391,8.51045,2.25,1.50
2012.07.18 22:38:30.726,8.50422,8.51076,2.25,1.50
2012.07.18 22:38:36.747,8.50392,8.51044,2.25,1.50
2012.07.18 22:38:39.485,8.5048,8.51172,2.25,1.50
2012.07.18 22:38:41.129,8.50473,8.51179,2.25,1.50
2012.07.18 22:38:41.389,8.50473,8.51149,2.25,1.50
2012.07.18 22:38:42.059,8.50418,8.51124,2.25,1.50
2012.07.18 22:38:42.402,8.50356,8.51122,2.25,1.50
2012.07.18 22:38:42.464,8.50267,8.51756,2.25,1.05
2012.07.18 22:39:00.691,8.50254,8.51696,2.25,1.05
2012.07.18 22:39:06.930,8.50914,8.5172,1.50,2.25
2012.07.18 22:39:07.122,8.51045,8.51869,1.50,2.25
2012.07.18 22:39:07.868,8.51024,8.5185,1.50,2.25
2012.07.18 22:39:08.703,8.51124,8.5183,1.50,2.25
2012.07.18 22:39:09.712,8.51124,8.5183,1.50,2.25
2012.07.18 22:39:10.336,8.51147,8.51851,1.50,2.25
2012.07.18 22:39:12.451,8.51161,8.51851,1.50,2.25
2012.07.18 22:39:12.840,8.51185,8.51891,1.50,2.25
2012.07.18 22:39:14.734,8.51185,8.51891,1.50,2.25
2012.07.18 22:39:18.441,8.51249,8.51915,1.50,2.25
2012.07.18 22:39:23.229,8.51224,8.51898,1.50,2.25
2012.07.18 22:39:23.290,8.51194,8.51898,1.50,2.25
2012.07.18 22:39:29.137,8.5125,8.51923,1.50,2.25
2012.07.18 22:39:30.678,8.51224,8.51899,1.50,2.25
2012.07.18 22:39:30.747,8.51195,8.51899,1.50,2.25
2012.07.18 22:39:35.672,8.51195,8.51899,1.88,2.25
2012.07.18 22:39:36.013,8.51228,8.51932,1.50,2.25
2012.07.18 22:39:36.785,8.51284,8.51933,1.50,1.50
2012.07.18 22:39:37.181,8.51334,8.51933,1.50,1.50
2012.07.18 22:39:39.708,8.51334,8.51933,1.50,1.50
2012.07.18 22:39:40.710,8.51334,8.51933,1.50,1.50
2012.07.18 22:39:41.660,8.51334,8.51933,1.50,1.50
2012.07.18 22:39:42.090,8.51355,8.51933,1.50,1.50
2012.07.18 22:39:49.955,8.5144,8.52186,1.50,1.50
2012.07.18 22:39:50.074,8.51443,8.52186,1.50,1.50
2012.07.18 22:39:50.194,8.51467,8.52212,1.50,1.50
2012.07.18 22:39:50.258,8.51443,8.52152,1.50,1.76
2012.07.18 22:39:52.373,8.51414,8.52112,1.50,1.76
2012.07.18 22:39:52.705,8.51414,8.52102,1.50,1.50
2012.07.18 22:39:53.821,8.51414,8.52102,1.50,1.50
2012.07.18 22:39:54.652,8.51414,8.52102,1.50,1.50
2012.07.18 22:39:55.654,8.51414,8.52102,1.50,1.50
2012.07.18 22:39:57.604,8.51414,8.52102,1.50,1.50
2012.07.18 22:39:58.412,8.51364,8.52047,1.50,1.50
2012.07.18 22:39:58.474,8.51364,8.52068,1.50,1.50
2012.07.18 22:39:58.537,8.5132,8.51991,0.75,1.50
2012.07.18 22:39:58.777,8.5115,8.51999,0.75,1.50
2012.07.18 22:39:59.741,8.5115,8.52018,0.75,1.50
2012.07.18 22:39:59.803,8.51079,8.52018,0.75,1.50
2012.07.18 22:40:03.480,8.51271,8.52017,1.50,2.25
2012.07.18 22:40:03.852,8.51404,8.52102,1.50,1.50
2012.07.18 22:40:04.644,8.51444,8.52102,1.50,1.50
2012.07.18 22:40:05.204,8.5142,8.52062,1.50,1.50
2012.07.18 22:40:05.266,8.51416,8.52062,1.50,1.50
2012.07.18 22:40:06.148,8.51452,8.52062,1.50,1.50
2012.07.18 22:40:06.678,8.51452,8.52063,1.50,1.50
2012.07.18 22:40:08.714,8.51452,8.52062,1.50,1.50
2012.07.18 22:40:09.996,8.51472,8.52062,1.50,1.50
2012.07.18 22:40:28.423,8.51447,8.52062,1.50,1.50
2012.07.18 22:40:28.484,8.51426,8.52062,1.50,1.50
2012.07.18 22:40:33.357,8.51478,8.52062,1.50,1.50
2012.07.18 22:40:53.536,8.51497,8.52062,1.50,1.50
2012.07.18 22:41:01.587,8.51477,8.52062,1.50,1.50
2012.07.18 22:41:11.579,8.51477,8.52067,1.50,1.50
2012.07.18 22:41:17.922,8.51477,8.52062,1.50,1.50
2012.07.18 22:41:18.794,8.51538,8.52102,1.69,1.50
2012.07.18 22:41:19.654,8.5154,8.52102,2.25,1.50
2012.07.18 22:41:21.722,8.5154,8.52102,2.25,1.50
2012.07.18 22:41:22.712,8.5154,8.52102,2.25,1.50
2012.07.18 22:41:33.201,8.51562,8.52102,1.50,1.50
2012.07.18 22:41:37.926,8.51611,8.52138,1.50,1.50
2012.07.18 22:41:37.989,8.51642,8.52333,1.50,1.50
2012.07.18 22:41:38.164,8.51642,8.52333,1.50,1.50
2012.07.18 22:41:38.226,8.51694,8.52363,1.50,1.50
2012.07.18 22:41:39.176,8.51714,8.52343,1.50,1.50
2012.07.18 22:41:44.312,8.51752,8.52342,1.50,1.50
2012.07.18 22:41:48.143,8.51727,8.52342,1.50,1.50
2012.07.18 22:41:48.204,8.51708,8.52342,1.50,1.50
2012.07.18 22:41:51.106,8.51708,8.52342,1.50,1.50
2012.07.18 22:41:51.455,8.51763,8.52393,1.50,1.50
2012.07.18 22:41:53.623,8.51763,8.52392,1.50,1.50
2012.07.18 22:41:55.713,8.51763,8.52392,1.50,1.50
2012.07.18 22:41:57.110,8.5177,8.52392,1.50,1.50
2012.07.18 22:41:58.193,8.51795,8.52392,1.50,1.50
2012.07.18 22:42:01.200,8.51774,8.52392,1.50,1.50
2012.07.18 22:42:09.367,8.51774,8.52392,1.50,1.50
2012.07.18 22:42:09.601,8.51774,8.52423,1.50,1.50
2012.07.18 22:42:09.721,8.51796,8.52443,1.50,1.50
2012.07.18 22:42:12.697,8.51796,8.52443,1.50,1.50
2012.07.18 22:42:13.642,8.51796,8.52443,1.50,1.50
2012.07.18 22:42:14.001,8.5184,8.52443,1.50,1.50
2012.07.18 22:42:23.161,8.51813,8.52443,1.50,1.50
2012.07.18 22:42:40.465,8.51827,8.52443,1.50,1.50
2012.07.18 22:42:43.281,8.51852,8.52443,1.50,1.50
2012.07.18 22:42:50.138,8.51827,8.52443,1.50,1.50
2012.07.18 22:42:50.492,8.51818,8.52443,1.50,1.50
2012.07.18 22:42:59.013,8.51852,8.52443,1.50,1.50
2012.07.18 22:43:06.236,8.51891,8.52443,1.50,1.50
2012.07.18 22:43:14.224,8.51891,8.52448,1.50,1.50
2012.07.18 22:43:26.417,8.51892,8.52448,1.50,1.50
2012.07.18 22:44:15.848,8.51892,8.52443,1.50,1.50
2012.07.18 22:44:16.845,8.51892,8.52453,1.50,1.50
2012.07.18 22:44:16.908,8.51806,8.52453,1.50,1.50
2012.07.18 22:44:23.647,8.51351,8.5236,0.75,1.88
2012.07.18 22:44:28.430,8.51583,8.52327,1.50,2.25
2012.07.18 22:44:29.127,8.51717,8.52473,1.50,1.50
2012.07.18 22:44:29.766,8.51736,8.52462,1.50,2.25
2012.07.18 22:44:30.271,8.51712,8.52373,1.50,1.50
2012.07.18 22:44:30.333,8.51708,8.52373,1.50,1.50
2012.07.18 22:44:30.590,8.51708,8.52373,1.50,1.50
2012.07.18 22:44:30.891,8.5173,8.52362,1.50,1.50
2012.07.18 22:44:32.679,8.5173,8.52363,1.50,1.50
2012.07.18 22:44:33.017,8.5175,8.52363,1.50,1.50
2012.07.18 22:44:33.133,8.5175,8.52363,1.50,1.50
2012.07.18 22:44:34.741,8.5175,8.52017,1.50,1.50
2012.07.18 22:44:34.817,8.51087,8.51993,2.25,1.50
2012.07.18 22:44:35.003,8.51142,8.51892,0.75,1.69
2012.07.18 22:44:35.229,8.51125,8.52157,0.75,2.00
2012.07.18 22:44:35.453,8.51112,8.52282,0.75,1.50
2012.07.18 22:44:35.576,8.51112,8.52378,0.75,2.48
2012.07.18 22:44:36.102,8.51212,8.52378,0.75,2.10
2012.07.18 22:44:36.219,8.51202,8.52382,0.75,1.85
2012.07.18 22:44:36.392,8.51202,8.52303,0.75,2.25
2012.07.18 22:44:36.699,8.51192,8.5228,0.75,1.50
2012.07.18 22:44:36.985,8.50751,8.52303,2.25,2.25
2012.07.18 22:44:42.399,8.50771,8.52276,2.25,1.50
2012.07.18 22:44:42.700,8.51152,8.52252,0.75,1.50
2012.07.18 22:44:46.693,8.50727,8.52303,2.25,2.25
2012.07.18 22:44:52.736,8.50767,8.52272,2.25,1.50
2012.07.18 22:44:53.121,8.51152,8.52248,0.75,1.50
2012.07.18 22:44:53.589,8.51152,8.52248,0.75,2.25
2012.07.18 22:44:53.941,8.51526,8.52447,1.50,1.13
2012.07.18 22:44:54.681,8.51505,8.52448,1.50,1.13
2012.07.18 22:44:55.238,8.51522,8.52333,1.50,1.50
2012.07.18 22:44:56.764,8.51522,8.52333,1.50,1.50
2012.07.18 22:44:57.304,8.51545,8.52333,1.50,1.50
2012.07.18 22:44:58.308,8.51545,8.52332,1.50,1.50
2012.07.18 22:44:58.480,8.51612,8.52352,1.50,1.13
2012.07.18 22:44:58.603,8.51598,8.52352,1.50,1.13
2012.07.18 22:44:58.667,8.51598,8.52352,1.50,1.13
2012.07.18 22:44:58.841,8.51108,8.52092,2.25,1.50
2012.07.18 22:44:59.756,8.51108,8.52092,2.25,1.50
2012.07.18 22:44:59.818,8.50715,8.52393,2.25,1.13
2012.07.18 22:45:00.623,8.50715,8.52393,2.25,1.13
2012.07.18 22:45:04.879,8.5112,8.52326,0.75,1.50
2012.07.18 22:45:05.217,8.5112,8.52291,0.75,1.50
2012.07.18 22:45:05.528,8.5112,8.52315,0.75,1.50
2012.07.18 22:45:12.617,8.50733,8.52315,1.13,2.25
2012.07.18 22:45:12.972,8.51321,8.52327,1.50,2.25
2012.07.18 22:45:13.813,8.51321,8.52327,1.50,2.25
2012.07.18 22:45:14.092,8.514,8.52304,1.50,2.25
2012.07.18 22:45:14.210,8.51439,8.52163,1.50,1.50
2012.07.18 22:45:16.187,8.51462,8.52166,1.50,1.50
2012.07.18 22:45:18.703,8.51519,8.52192,1.50,2.25
2012.07.18 22:45:19.701,8.51519,8.52225,1.50,2.25
2012.07.18 22:45:20.703,8.51519,8.52225,1.50,2.25
2012.07.18 22:45:21.538,8.5154,8.52246,1.50,2.25
2012.07.18 22:45:22.094,8.5154,8.52246,1.50,2.25
2012.07.18 22:45:22.650,8.5154,8.52246,1.50,2.25
2012.07.18 22:45:23.655,8.51605,8.52283,1.50,1.50
2012.07.18 22:45:26.343,8.51625,8.52283,1.50,1.50
2012.07.18 22:45:28.662,8.51601,8.52274,1.50,2.25
2012.07.18 22:45:29.180,8.5157,8.52274,1.50,2.25
2012.07.18 22:45:35.717,8.51597,8.52274,1.50,2.25
2012.07.18 22:45:36.046,8.51621,8.52283,1.50,1.50
2012.07.18 22:45:37.941,8.51589,8.52282,1.50,1.50
2012.07.18 22:45:42.670,8.51637,8.52282,1.50,1.50
2012.07.18 22:46:03.364,8.5165,8.52282,1.50,1.50
2012.07.18 22:46:43.546,8.5165,8.52287,1.50,1.50
2012.07.18 22:46:51.779,8.5165,8.52354,1.50,3.38
2012.07.18 22:46:51.841,8.50545,8.5233,2.25,1.50
2012.07.18 22:46:51.919,8.50521,8.52354,2.25,1.88
2012.07.18 22:46:51.982,8.50482,8.52361,2.25,1.88
2012.07.18 22:46:57.995,8.50703,8.52344,2.25,1.50
2012.07.18 22:46:58.787,8.51079,8.52319,0.75,1.50
2012.07.18 22:46:59.655,8.51519,8.52315,1.50,1.50
2012.07.18 22:47:00.122,8.51569,8.52313,1.50,2.25
2012.07.18 22:47:00.586,8.51549,8.52293,1.50,2.25
2012.07.18 22:47:01.290,8.51567,8.52273,1.50,2.25
2012.07.18 22:47:02.244,8.5159,8.52283,1.50,1.50
2012.07.18 22:47:03.052,8.5159,8.52283,1.50,1.50
2012.07.18 22:47:03.684,8.5159,8.52282,1.50,1.50
2012.07.18 22:47:03.888,8.51565,8.52226,1.50,2.25
2012.07.18 22:47:03.950,8.51522,8.52226,1.50,2.25
2012.07.18 22:47:04.794,8.51522,8.52226,1.50,2.25
2012.07.18 22:47:05.760,8.5156,8.52264,1.50,2.25
2012.07.18 22:47:06.707,8.5156,8.52264,1.50,2.25
2012.07.18 22:47:06.988,8.51524,8.52228,1.50,2.25
2012.07.18 22:47:09.023,8.51558,8.52253,1.50,2.25
2012.07.18 22:47:09.713,8.51558,8.52262,1.50,1.50
2012.07.18 22:47:10.463,8.50956,8.52315,0.75,1.50
2012.07.18 22:47:10.993,8.50956,8.52337,0.75,1.50
2012.07.18 22:47:15.942,8.51056,8.5227,0.75,1.50
2012.07.18 22:47:19.981,8.51056,8.52241,0.75,1.50
2012.07.18 22:47:21.832,8.51056,8.52248,0.75,1.50
2012.07.18 22:47:28.797,8.51056,8.52248,0.75,2.25
2012.07.18 22:47:29.395,8.51425,8.52169,1.50,1.50
2012.07.18 22:47:29.710,8.51459,8.52203,1.50,2.25
2012.07.18 22:47:30.317,8.51438,8.52182,1.50,2.25
2012.07.18 22:47:30.900,8.51478,8.52182,1.50,2.25
2012.07.18 22:47:32.274,8.515,8.52206,1.50,2.25
2012.07.18 22:47:33.636,8.515,8.52206,1.50,2.25
2012.07.18 22:47:35.735,8.515,8.52206,1.50,2.25
2012.07.18 22:47:36.716,8.515,8.52206,1.50,2.25
2012.07.18 22:47:38.887,8.51585,8.52282,1.50,1.50
2012.07.18 22:47:39.647,8.5156,8.52244,1.50,2.25
2012.07.18 22:47:39.716,8.5154,8.52244,1.50,2.25
2012.07.18 22:47:45.980,8.51559,8.52244,1.50,2.25
2012.07.18 22:47:46.618,8.51585,8.52282,1.50,1.50
2012.07.18 22:47:47.643,8.51562,8.52268,1.50,2.25
2012.07.18 22:47:50.035,8.51582,8.52282,1.50,1.50
2012.07.18 22:47:53.185,8.51562,8.52268,1.50,2.25
2012.07.18 22:47:56.860,8.5151,8.52214,1.50,2.25
2012.07.18 22:48:01.115,8.51545,8.52214,1.50,2.25
2012.07.18 22:48:01.604,8.5157,8.52274,1.50,2.25
2012.07.18 22:48:07.148,8.51545,8.52248,1.50,2.25
2012.07.18 22:48:07.209,8.51542,8.52248,1.50,2.25
2012.07.18 22:48:21.345,8.51565,8.52269,1.50,2.25
2012.07.18 22:48:21.768,8.51496,8.522,1.50,2.25
2012.07.18 22:48:26.269,8.51544,8.52225,1.50,2.25
2012.07.18 22:48:33.462,8.51518,8.52214,1.50,2.25
2012.07.18 22:48:33.523,8.5151,8.52214,1.50,2.25
2012.07.18 22:48:36.444,8.51485,8.52156,1.50,1.50
2012.07.18 22:48:36.505,8.5145,8.52156,1.50,1.50
2012.07.18 22:48:48.669,8.51515,8.52181,1.50,1.50
2012.07.18 22:48:48.783,8.51515,8.52219,1.50,1.50
2012.07.18 22:48:59.655,8.51515,8.52173,1.50,1.50
2012.07.18 22:48:59.715,8.51444,8.52148,1.50,1.50
2012.07.18 22:49:00.709,8.51419,8.52095,1.50,1.50
2012.07.18 22:49:00.771,8.51391,8.52095,1.50,1.50
2012.07.18 22:49:00.888,8.51366,8.5212,1.50,1.50
2012.07.18 22:49:01.006,8.5097,8.52206,0.75,1.50
2012.07.18 22:49:01.134,8.5097,8.52045,0.75,2.16
2012.07.18 22:49:01.251,8.50939,8.52044,0.75,1.53
2012.07.18 22:49:01.422,8.50939,8.52093,0.75,1.50
2012.07.18 22:49:01.487,8.50913,8.52093,0.75,1.50
2012.07.18 22:49:01.548,8.50913,8.52281,0.75,1.50
2012.07.18 22:49:02.302,8.50953,8.52301,0.75,2.25
2012.07.18 22:49:07.507,8.50953,8.52235,0.75,1.50
2012.07.18 22:49:07.946,8.50953,8.52211,0.75,1.50
2012.07.18 22:49:28.359,8.50953,8.52205,0.75,1.50
2012.07.18 22:49:31.168,8.50953,8.52224,0.75,1.50
2012.07.18 22:49:31.719,8.50953,8.52205,0.75,1.50
2012.07.18 22:49:33.130,8.50953,8.5216,0.75,1.50
2012.07.18 22:49:42.237,8.50928,8.5216,0.75,2.25
2012.07.18 22:49:42.480,8.50906,8.5216,0.75,2.25
2012.07.18 22:50:37.979,8.50907,8.52182,0.75,2.25
2012.07.18 22:51:33.022,8.50906,8.52373,0.75,1.13
2012.07.18 22:51:57.755,8.50886,8.52302,0.75,3.00
2012.07.18 22:52:53.029,8.50885,8.5213,0.75,2.25
2012.07.18 22:52:54.315,8.50886,8.5211,0.75,2.25
2012.07.18 22:53:01.721,8.50868,8.5211,0.75,2.25
2012.07.18 22:53:02.075,8.50852,8.5211,0.75,2.25
2012.07.18 22:53:56.997,8.50835,8.52144,0.75,2.25
2012.07.18 22:53:57.229,8.50823,8.52128,0.75,2.25
2012.07.18 22:54:01.721,8.50816,8.52128,0.75,2.25
2012.07.18 22:54:56.510,8.50806,8.52124,0.75,2.25
2012.07.18 22:55:45.677,8.50806,8.518,0.75,1.50
2012.07.18 22:55:47.285,8.50806,8.51736,0.75,1.50
2012.07.18 22:55:50.505,8.50806,8.51634,0.75,1.50
2012.07.18 22:55:51.197,8.50806,8.51609,0.75,1.50
2012.07.18 22:55:51.528,8.50806,8.51567,0.75,1.50
2012.07.18 22:55:52.986,8.50806,8.51592,0.75,1.50
2012.07.18 22:55:53.368,8.50806,8.52201,0.75,2.25
2012.07.18 22:56:07.707,8.50806,8.51633,0.75,1.95
2012.07.18 22:56:08.248,8.50806,8.51512,0.75,1.50
2012.07.18 22:56:10.337,8.50806,8.51389,0.75,1.50
2012.07.18 22:56:17.142,8.50806,8.51369,0.75,1.50
2012.07.18 22:56:19.090,8.50806,8.51337,0.75,1.50
2012.07.18 22:56:19.900,8.50806,8.51313,0.75,1.50
2012.07.18 22:56:23.086,8.50806,8.51335,0.75,1.50
2012.07.18 22:56:26.903,8.50806,8.51335,0.84,1.50
2012.07.18 22:56:27.372,8.50806,8.51276,0.84,1.50
2012.07.18 22:56:37.624,8.50806,8.51247,0.84,1.50
2012.07.18 22:56:39.024,8.50806,8.51223,0.84,1.50
2012.07.18 22:56:47.015,8.50806,8.51354,0.84,1.50
2012.07.18 22:56:48.873,8.50806,8.51309,0.84,1.50
2012.07.18 22:56:49.961,8.50806,8.51295,0.84,1.50
2012.07.18 22:57:09.821,8.50798,8.51295,0.84,1.50
2012.07.18 22:57:17.113,8.50798,8.51334,0.84,1.13
2012.07.18 22:57:46.807,8.50798,8.51333,0.84,1.50
2012.07.18 22:57:47.681,8.50798,8.51333,0.75,1.50
2012.07.18 22:57:47.742,8.50798,8.51292,0.75,1.50
2012.07.18 22:57:50.077,8.50798,8.51286,0.75,1.50
2012.07.18 22:57:56.649,8.50792,8.51286,0.75,1.50
2012.07.18 22:58:00.221,8.50082,8.51286,1.50,1.50
2012.07.18 22:58:00.567,8.49939,8.51165,2.25,1.50
2012.07.18 22:58:00.628,8.49858,8.51313,1.50,1.50
2012.07.18 22:58:14.162,8.49977,8.51277,1.50,1.50
2012.07.18 22:58:14.221,8.49977,8.51277,1.50,1.50
2012.07.18 22:58:25.218,8.49974,8.51122,1.50,1.50
2012.07.18 22:58:28.686,8.49974,8.51102,1.50,1.50
2012.07.18 22:58:42.545,8.49877,8.51103,1.50,1.50
2012.07.18 22:58:42.821,8.49877,8.51312,1.50,1.50
2012.07.18 22:58:43.045,8.49897,8.51313,3.00,1.50
2012.07.18 22:58:43.545,8.49857,8.51313,3.00,1.50
2012.07.18 22:58:56.871,8.50117,8.51292,0.75,1.50
2012.07.18 22:58:57.201,8.50131,8.51292,0.75,1.50
2012.07.18 22:59:00.724,8.50515,8.51292,0.75,1.50
2012.07.18 22:59:01.099,8.50524,8.51292,0.75,1.50
2012.07.18 22:59:14.468,8.50229,8.51292,1.05,1.50
2012.07.18 22:59:16.019,8.50525,8.51293,0.75,1.50
2012.07.18 22:59:16.554,8.50524,8.51292,0.75,1.50
2012.07.18 22:59:17.329,8.50565,8.51292,0.75,1.50
2012.07.18 22:59:17.850,8.50564,8.51293,0.75,1.50
2012.07.18 22:59:26.188,8.50564,8.51664,0.75,0.75
2012.07.18 22:59:27.442,8.50548,8.52303,3.00,1.50
2012.07.18 22:59:38.159,8.50827,8.52173,2.25,1.50
2012.07.18 22:59:38.232,8.50847,8.52173,2.31,1.50
2012.07.18 22:59:47.193,8.50897,8.52173,1.50,1.50
2012.07.18 22:59:47.701,8.50902,8.52173,1.50,1.50
2012.07.18 22:59:48.121,8.50923,8.52173,1.50,1.50
