2016.04.11 20:00:00.537,9.25531,9.25718,1.00,1.60
2016.04.11 20:00:00.880,9.25531,9.25718,1.00,1.60
2016.04.11 20:00:01.184,9.25513,9.257,1.00,1.00
2016.04.11 20:00:01.286,9.25475,9.25662,1.00,1.00
2016.04.11 20:00:01.617,9.25486,9.25675,1.00,1.00
2016.04.11 20:00:04.371,9.25511,9.25698,1.00,1.00
2016.04.11 20:00:04.978,9.25533,9.25718,1.00,1.00
2016.04.11 20:00:05.079,9.25533,9.2572,1.00,1.00
2016.04.11 20:00:14.680,9.25529,9.25716,1.00,1.00
2016.04.11 20:00:15.618,9.25568,9.25755,1.00,1.72
2016.04.11 20:00:15.669,9.25568,9.25755,1.00,1.07
2016.04.11 20:00:15.720,9.2558,9.25767,1.00,1.67
2016.04.11 20:00:15.771,9.2558,9.25767,1.00,1.60
2016.04.11 20:00:15.822,9.2558,9.25767,1.00,1.00
2016.04.11 20:00:16.025,9.25592,9.25779,1.00,1.60
2016.04.11 20:00:16.370,9.25606,9.25788,1.00,2.10
2016.04.11 20:00:19.297,9.25606,9.2579,1.00,2.10
2016.04.11 20:00:21.803,9.25606,9.25791,1.00,2.10
2016.04.11 20:00:24.533,9.25606,9.25793,1.00,1.00
2016.04.11 20:00:24.635,9.25639,9.25826,1.00,1.60
2016.04.11 20:00:24.938,9.25673,9.2586,1.00,1.00
2016.04.11 20:00:24.989,9.25731,9.2586,1.00,1.00
2016.04.11 20:00:25.040,9.25731,9.25878,1.00,1.00
2016.04.11 20:00:25.142,9.25718,9.25905,1.00,1.00
2016.04.11 20:00:25.243,9.25729,9.25916,1.00,1.00
2016.04.11 20:00:25.547,9.25751,9.25938,1.00,1.00
2016.04.11 20:00:25.913,9.25762,9.25949,1.00,1.00
2016.04.11 20:00:26.228,9.25866,9.26001,1.00,1.00
2016.04.11 20:00:26.532,9.25805,9.25992,1.00,1.00
2016.04.11 20:00:26.633,9.2573,9.25917,1.00,1.00
2016.04.11 20:00:26.954,9.25686,9.25873,1.00,1.00
2016.04.11 20:00:27.262,9.25674,9.25861,1.00,1.00
2016.04.11 20:00:27.520,9.25657,9.25846,1.00,1.00
2016.04.11 20:00:28.921,9.25646,9.25835,1.00,1.00
2016.04.11 20:00:29.224,9.25614,9.25801,1.00,1.00
2016.04.11 20:00:29.528,9.25598,9.25785,1.00,1.00
2016.04.11 20:00:34.292,9.25585,9.25772,1.00,1.00
2016.04.11 20:00:34.693,9.25582,9.25771,1.00,1.00
2016.04.11 20:00:39.371,9.2557,9.25757,1.00,1.00
2016.04.11 20:00:46.327,9.25584,9.25771,1.00,1.00
2016.04.11 20:00:46.919,9.25567,9.25754,1.00,1.00
2016.04.11 20:00:50.902,9.25602,9.25754,1.00,1.00
2016.04.11 20:00:50.953,9.25622,9.25809,1.00,1.00
2016.04.11 20:00:51.055,9.2564,9.25827,1.00,1.00
2016.04.11 20:00:51.358,9.25683,9.25863,1.00,1.27
2016.04.11 20:00:51.460,9.25669,9.25856,1.00,1.07
2016.04.11 20:00:53.370,9.25669,9.25856,1.00,1.00
2016.04.11 20:00:54.699,9.25665,9.25852,1.00,1.00
2016.04.11 20:00:56.620,9.25702,9.25889,1.00,1.72
2016.04.11 20:00:56.670,9.25702,9.25889,1.00,1.60
2016.04.11 20:00:56.721,9.25713,9.259,1.00,1.67
2016.04.11 20:00:56.995,9.2566,9.25847,1.00,1.00
2016.04.11 20:00:57.046,9.2566,9.25847,1.00,1.60
2016.04.11 20:00:57.097,9.2562,9.25807,1.00,1.00
2016.04.11 20:00:57.199,9.25608,9.25795,1.00,1.00
2016.04.11 20:00:57.506,9.25597,9.25784,1.00,1.00
2016.04.11 20:01:00.212,9.25577,9.25763,1.00,1.00
2016.04.11 20:01:00.718,9.25564,9.25751,1.00,1.00
2016.04.11 20:01:05.124,9.25556,9.25741,1.00,1.00
2016.04.11 20:01:05.319,9.25552,9.25741,1.00,1.00
2016.04.11 20:01:05.869,9.25556,9.25741,1.00,1.00
2016.04.11 20:01:06.869,9.25552,9.25741,1.00,1.00
2016.04.11 20:01:08.059,9.25556,9.25741,1.00,1.00
2016.04.11 20:01:09.079,9.25552,9.25741,1.00,1.00
2016.04.11 20:01:09.638,9.25556,9.25741,1.00,1.00
2016.04.11 20:01:09.790,9.25566,9.25753,1.00,1.00
2016.04.11 20:01:11.794,9.25554,9.25741,1.00,1.00
2016.04.11 20:01:12.095,9.25556,9.25741,1.00,1.00
2016.04.11 20:01:12.275,9.25566,9.25753,1.00,1.00
2016.04.11 20:01:25.164,9.25609,9.25773,1.00,1.00
2016.04.11 20:01:25.215,9.25621,9.25808,1.00,1.00
2016.04.11 20:01:25.620,9.2565,9.25837,1.00,1.00
2016.04.11 20:01:28.930,9.25685,9.25857,1.00,1.00
2016.04.11 20:01:28.981,9.25685,9.25872,1.00,1.00
2016.04.11 20:01:29.033,9.25702,9.25889,1.00,1.00
2016.04.11 20:01:29.337,9.2565,9.25837,1.00,1.00
2016.04.11 20:01:32.743,9.25632,9.25819,1.00,1.00
2016.04.11 20:01:33.047,9.25607,9.25794,1.00,1.00
2016.04.11 20:01:45.256,9.25595,9.25782,1.00,1.00
2016.04.11 20:01:51.233,9.25578,9.25765,1.00,1.00
2016.04.11 20:01:51.784,9.25579,9.25766,1.00,1.00
2016.04.11 20:01:54.703,9.25576,9.25763,1.00,1.00
2016.04.11 20:02:00.208,9.25566,9.25751,1.00,1.00
2016.04.11 20:02:00.309,9.25577,9.25764,1.00,1.00
2016.04.11 20:02:02.128,9.25566,9.25753,1.50,1.00
2016.04.11 20:02:10.341,9.25576,9.25753,1.00,1.00
2016.04.11 20:02:12.965,9.25579,9.25766,1.00,1.00
2016.04.11 20:02:13.303,9.256,9.25787,1.00,1.00
2016.04.11 20:02:14.287,9.25589,9.25776,1.00,1.00
2016.04.11 20:02:14.707,9.25596,9.25783,1.00,1.00
2016.04.11 20:02:34.673,9.25592,9.25781,1.00,1.00
2016.04.11 20:02:51.129,9.25592,9.25781,1.37,1.00
2016.04.11 20:02:51.180,9.25604,9.25791,1.37,1.00
2016.04.11 20:02:51.282,9.25625,9.25812,1.00,1.50
2016.04.11 20:02:52.282,9.25625,9.25812,1.37,1.00
2016.04.11 20:02:54.290,9.25625,9.25812,1.00,1.60
2016.04.11 20:02:54.556,9.25625,9.25804,1.00,2.10
2016.04.11 20:02:54.709,9.25603,9.2579,1.00,1.60
2016.04.11 20:02:54.860,9.25583,9.25745,1.00,1.00
2016.04.11 20:02:55.012,9.25558,9.25745,1.00,1.00
2016.04.11 20:02:59.788,9.25546,9.25732,1.00,1.00
2016.04.11 20:03:16.876,9.25556,9.25732,1.00,1.00
2016.04.11 20:03:34.708,9.25556,9.25738,1.00,1.00
2016.04.11 20:03:39.112,9.25549,9.25738,1.00,1.00
2016.04.11 20:03:40.217,9.25538,9.25725,1.00,1.00
2016.04.11 20:03:40.568,9.25526,9.25713,1.37,1.00
2016.04.11 20:03:54.135,9.25538,9.25725,1.00,1.00
2016.04.11 20:03:54.352,9.2555,9.25737,1.00,1.00
2016.04.11 20:03:54.686,9.25554,9.25741,1.00,1.00
2016.04.11 20:04:14.700,9.25552,9.25739,1.00,1.00
2016.04.11 20:04:29.196,9.25572,9.25759,1.00,2.10
2016.04.11 20:04:30.057,9.25572,9.25759,1.00,1.00
2016.04.11 20:04:30.524,9.25572,9.25759,1.00,1.60
2016.04.11 20:04:30.625,9.25572,9.25759,1.00,1.60
2016.04.11 20:04:30.676,9.25572,9.25759,1.00,1.60
2016.04.11 20:04:33.286,9.25572,9.25759,1.00,1.00
2016.04.11 20:04:33.438,9.25576,9.25759,1.00,1.00
2016.04.11 20:04:33.489,9.25596,9.25783,1.00,1.00
2016.04.11 20:04:33.590,9.25606,9.25795,1.00,1.00
2016.04.11 20:04:34.669,9.25611,9.25798,1.00,1.00
2016.04.11 20:04:36.806,9.25611,9.25793,1.00,2.10
2016.04.11 20:04:36.857,9.25592,9.25781,1.00,1.60
2016.04.11 20:04:36.959,9.25582,9.25769,1.00,1.60
2016.04.11 20:04:37.060,9.25582,9.25745,1.00,2.10
2016.04.11 20:04:37.161,9.25561,9.25738,1.00,2.10
2016.04.11 20:04:37.516,9.25561,9.25748,1.00,1.60
2016.04.11 20:04:37.774,9.25561,9.2574,1.00,2.10
2016.04.11 20:04:38.059,9.25561,9.25748,1.00,1.60
2016.04.11 20:04:38.574,9.25561,9.25748,1.00,1.60
2016.04.11 20:04:38.676,9.25572,9.25759,1.00,1.60
2016.04.11 20:04:39.694,9.25572,9.25759,1.00,1.60
2016.04.11 20:04:39.795,9.25572,9.25751,1.00,2.10
2016.04.11 20:04:40.099,9.25556,9.25743,1.00,1.60
2016.04.11 20:04:40.201,9.25544,9.25731,1.00,1.60
2016.04.11 20:04:40.303,9.25544,9.25731,1.00,1.00
2016.04.11 20:04:40.404,9.25558,9.25745,1.00,1.60
2016.04.11 20:04:40.726,9.25558,9.2574,1.00,2.10
2016.04.11 20:04:41.526,9.25558,9.25745,1.00,1.60
2016.04.11 20:04:42.014,9.25558,9.2574,1.00,2.10
2016.04.11 20:04:42.592,9.25546,9.25733,1.00,1.60
2016.04.11 20:04:43.014,9.25546,9.25733,1.00,1.00
2016.04.11 20:04:43.116,9.25558,9.25745,1.00,1.00
2016.04.11 20:04:43.432,9.2557,9.25757,1.00,1.00
2016.04.11 20:04:43.744,9.2557,9.25757,1.00,1.60
2016.04.11 20:04:43.984,9.2557,9.25757,1.00,1.60
2016.04.11 20:04:44.035,9.2557,9.2575,1.00,2.10
2016.04.11 20:04:44.515,9.2557,9.25751,1.00,2.10
2016.04.11 20:04:45.287,9.2557,9.25757,1.00,1.60
2016.04.11 20:04:45.541,9.2557,9.25757,1.00,1.00
2016.04.11 20:04:45.789,9.2557,9.25757,1.00,1.60
2016.04.11 20:04:46.034,9.25557,9.25744,1.00,1.00
2016.04.11 20:04:46.136,9.25571,9.25758,1.00,1.60
2016.04.11 20:04:46.791,9.25571,9.25758,1.00,1.00
2016.04.11 20:04:47.014,9.25571,9.25758,1.00,1.60
2016.04.11 20:04:48.214,9.25571,9.25758,1.00,1.60
2016.04.11 20:04:48.315,9.25558,9.25745,1.00,1.60
2016.04.11 20:04:48.366,9.25558,9.25745,1.00,1.60
2016.04.11 20:04:48.518,9.25546,9.25733,1.00,1.60
2016.04.11 20:04:48.720,9.25562,9.25747,1.00,2.10
2016.04.11 20:04:49.054,9.25562,9.25742,1.00,2.10
2016.04.11 20:04:49.297,9.25562,9.25749,1.00,1.35
2016.04.11 20:04:49.348,9.25562,9.25749,1.00,1.60
2016.04.11 20:04:49.399,9.25542,9.2573,1.00,1.00
2016.04.11 20:04:49.503,9.25553,9.2574,1.00,1.00
2016.04.11 20:04:49.849,9.25557,9.25743,1.00,2.10
2016.04.11 20:04:50.513,9.25557,9.25744,1.00,1.00
2016.04.11 20:04:51.543,9.25569,9.25758,1.00,1.00
2016.04.11 20:04:51.803,9.25569,9.25758,1.00,1.60
2016.04.11 20:04:52.514,9.25569,9.25758,1.00,1.60
2016.04.11 20:04:52.826,9.2555,9.25737,1.00,1.60
2016.04.11 20:04:53.130,9.25561,9.25747,1.00,2.10
2016.04.11 20:04:53.307,9.25561,9.25748,1.00,1.60
2016.04.11 20:04:53.821,9.25561,9.25748,1.00,1.00
2016.04.11 20:04:54.280,9.25573,9.2576,1.00,1.60
2016.04.11 20:04:54.583,9.25584,9.25771,1.00,1.60
2016.04.11 20:04:55.274,9.25584,9.25771,1.00,1.60
2016.04.11 20:04:55.451,9.25552,9.25736,1.00,1.00
2016.04.11 20:04:55.503,9.25547,9.25736,1.00,1.00
2016.04.11 20:04:55.604,9.25547,9.25736,1.00,1.60
2016.04.11 20:04:55.705,9.25547,9.25736,1.00,1.60
2016.04.11 20:04:56.024,9.25547,9.25736,1.00,1.60
2016.04.11 20:04:56.344,9.25547,9.25736,1.00,1.60
2016.04.11 20:04:56.852,9.25534,9.25723,1.00,1.60
2016.04.11 20:04:57.764,9.25534,9.25723,1.00,1.60
2016.04.11 20:04:57.865,9.25534,9.25723,1.00,1.60
2016.04.11 20:04:57.967,9.25534,9.25723,1.00,1.60
2016.04.11 20:05:00.574,9.25534,9.25723,1.00,1.00
2016.04.11 20:05:01.327,9.25549,9.25738,1.00,1.00
2016.04.11 20:05:01.634,9.25563,9.25752,1.00,1.00
2016.04.11 20:05:01.944,9.2554,9.25727,1.00,1.00
2016.04.11 20:05:14.716,9.25536,9.25719,1.00,1.00
2016.04.11 20:05:18.067,9.25546,9.25719,1.00,1.00
2016.04.11 20:05:34.644,9.25546,9.25722,1.00,1.00
2016.04.11 20:05:41.334,9.25536,9.25722,1.00,1.00
2016.04.11 20:05:54.699,9.25536,9.2572,1.00,1.00
2016.04.11 20:06:14.670,9.25536,9.25723,1.00,1.00
2016.04.11 20:06:29.866,9.25546,9.25723,1.00,1.00
2016.04.11 20:06:34.730,9.25546,9.2572,1.00,1.00
2016.04.11 20:06:39.576,9.25536,9.2572,1.00,1.00
2016.04.11 20:06:53.866,9.25546,9.2572,1.00,1.00
2016.04.11 20:06:54.724,9.25546,9.25728,1.00,1.00
2016.04.11 20:06:55.926,9.25546,9.25717,1.00,1.00
2016.04.11 20:07:14.663,9.25546,9.25722,1.00,1.00
2016.04.11 20:07:54.729,9.25546,9.25719,1.00,1.00
2016.04.11 20:08:18.596,9.25556,9.25719,1.00,1.00
2016.04.11 20:08:18.773,9.25546,9.25719,1.00,1.00
2016.04.11 20:08:54.656,9.25546,9.25716,1.00,1.00
2016.04.11 20:08:54.863,9.25536,9.25716,1.00,1.00
2016.04.11 20:08:55.082,9.25546,9.25716,1.00,1.00
2016.04.11 20:09:03.570,9.25536,9.25716,1.00,1.00
2016.04.11 20:09:14.699,9.25536,9.25722,1.00,1.00
2016.04.11 20:09:25.123,9.25546,9.25722,1.00,1.00
2016.04.11 20:09:25.348,9.25535,9.25722,1.50,1.00
2016.04.11 20:09:27.363,9.25546,9.25722,1.00,1.00
2016.04.11 20:09:27.577,9.25536,9.25722,1.00,1.00
2016.04.11 20:09:28.474,9.25536,9.25707,1.00,1.00
2016.04.11 20:09:28.575,9.25536,9.25722,1.00,1.00
2016.04.11 20:09:28.677,9.25536,9.25707,1.00,1.00
2016.04.11 20:09:29.007,9.25536,9.25718,1.00,1.00
2016.04.11 20:09:29.073,9.25531,9.25718,1.00,1.00
2016.04.11 20:09:34.732,9.25526,9.25713,1.50,1.00
2016.04.11 20:09:36.922,9.2554,9.25727,1.00,1.00
2016.04.11 20:09:37.225,9.25536,9.25716,1.00,1.00
2016.04.11 20:09:38.362,9.25529,9.25716,1.00,1.00
2016.04.11 20:09:39.792,9.25536,9.25716,1.00,1.00
2016.04.11 20:09:48.376,9.25516,9.25696,1.00,1.00
2016.04.11 20:09:48.579,9.25516,9.25698,1.00,1.00
2016.04.11 20:09:48.630,9.25516,9.25685,1.00,1.00
2016.04.11 20:09:48.782,9.25516,9.25688,1.00,1.00
2016.04.11 20:09:48.883,9.25516,9.25675,1.00,1.00
2016.04.11 20:09:53.811,9.25506,9.25675,1.00,1.00
2016.04.11 20:09:54.750,9.25506,9.25681,1.00,1.00
2016.04.11 20:09:59.714,9.25516,9.25703,1.00,1.00
2016.04.11 20:09:59.866,9.25526,9.25703,1.00,1.00
2016.04.11 20:09:59.967,9.25533,9.2572,1.00,1.00
2016.04.11 20:10:14.738,9.25523,9.25712,1.00,1.00
2016.04.11 20:10:22.521,9.25526,9.25712,1.00,1.00
2016.04.11 20:10:22.871,9.25523,9.25712,1.00,1.00
2016.04.11 20:10:28.036,9.25526,9.25712,1.00,1.00
2016.04.11 20:10:28.369,9.25523,9.25712,1.00,1.00
2016.04.11 20:10:30.113,9.25526,9.25712,1.00,1.00
2016.04.11 20:10:30.374,9.25523,9.25712,1.00,1.00
2016.04.11 20:10:31.677,9.25516,9.25699,1.00,1.00
2016.04.11 20:10:31.778,9.25527,9.25714,1.00,1.00
2016.04.11 20:10:34.836,9.25516,9.25703,1.50,1.00
2016.04.11 20:10:36.641,9.25531,9.25718,1.00,1.00
2016.04.11 20:10:37.442,9.25516,9.25703,1.00,1.00
2016.04.11 20:10:39.649,9.2553,9.25719,1.00,1.00
2016.04.11 20:10:41.986,9.25517,9.25704,1.00,1.00
2016.04.11 20:10:44.672,9.25503,9.2569,1.00,1.00
2016.04.11 20:10:44.976,9.25464,9.25651,1.00,1.00
2016.04.11 20:10:45.361,9.25451,9.25638,1.00,1.00
2016.04.11 20:10:48.593,9.25462,9.25649,1.00,1.00
2016.04.11 20:10:50.374,9.25446,9.25633,1.00,1.00
2016.04.11 20:10:50.675,9.25433,9.2562,1.00,1.00
2016.04.11 20:10:51.664,9.25446,9.25635,1.00,1.00
2016.04.11 20:10:51.765,9.25427,9.25612,1.00,1.00
2016.04.11 20:10:51.816,9.25425,9.25612,1.00,1.00
2016.04.11 20:10:53.149,9.25426,9.25612,1.00,1.00
2016.04.11 20:10:54.653,9.25428,9.25615,1.00,1.00
2016.04.11 20:10:54.755,9.25441,9.25628,1.00,1.00
2016.04.11 20:11:14.692,9.25434,9.25621,1.00,1.00
2016.04.11 20:11:20.788,9.25436,9.25621,1.00,1.00
2016.04.11 20:11:21.114,9.25434,9.25621,1.00,1.00
2016.04.11 20:11:22.671,9.25426,9.2561,1.00,1.00
2016.04.11 20:11:27.811,9.25423,9.2561,1.00,1.00
2016.04.11 20:11:28.979,9.25434,9.25621,1.00,1.00
2016.04.11 20:11:43.382,9.25415,9.25602,1.00,1.00
2016.04.11 20:11:43.694,9.25396,9.25568,1.37,1.00
2016.04.11 20:11:44.002,9.25386,9.25554,1.37,1.00
2016.04.11 20:11:44.053,9.25386,9.2557,1.37,1.00
2016.04.11 20:11:44.486,9.25395,9.25582,1.37,1.00
2016.04.11 20:11:44.956,9.25407,9.25594,1.37,1.00
2016.04.11 20:11:54.615,9.25413,9.256,1.12,1.00
2016.04.11 20:12:10.520,9.25427,9.25614,1.00,1.00
2016.04.11 20:12:10.871,9.25414,9.25601,1.00,1.00
2016.04.11 20:12:14.755,9.2541,9.25597,1.00,1.00
2016.04.11 20:12:21.950,9.25393,9.2558,1.00,1.00
2016.04.11 20:12:22.251,9.25406,9.25593,1.00,1.00
2016.04.11 20:12:22.587,9.25402,9.25589,1.00,1.00
2016.04.11 20:12:24.466,9.25416,9.25603,1.00,1.00
2016.04.11 20:12:30.927,9.25427,9.25614,1.00,1.00
2016.04.11 20:12:42.663,9.25414,9.25601,1.00,1.00
2016.04.11 20:12:42.967,9.25402,9.25589,1.00,1.00
2016.04.11 20:12:43.314,9.25415,9.25602,1.00,1.00
2016.04.11 20:12:44.369,9.25404,9.25591,1.00,1.00
2016.04.11 20:12:44.970,9.25392,9.25579,1.00,1.00
2016.04.11 20:12:45.786,9.25392,9.25579,1.37,1.00
2016.04.11 20:12:46.623,9.25392,9.25579,1.00,1.00
2016.04.11 20:12:47.575,9.25392,9.25579,1.37,1.00
2016.04.11 20:12:48.277,9.25392,9.25579,1.00,1.00
2016.04.11 20:12:48.728,9.25408,9.25595,1.00,1.00
2016.04.11 20:12:48.930,9.25393,9.25582,1.00,1.00
2016.04.11 20:12:49.279,9.25393,9.25582,1.37,1.00
2016.04.11 20:12:49.496,9.25404,9.25593,1.37,1.00
2016.04.11 20:13:05.114,9.25404,9.25593,1.00,1.00
2016.04.11 20:13:14.655,9.25398,9.25585,1.00,1.00
2016.04.11 20:13:34.656,9.25399,9.25586,1.00,1.00
2016.04.11 20:13:35.118,9.25399,9.25586,1.37,1.00
2016.04.11 20:13:38.927,9.25399,9.25586,1.00,1.00
2016.04.11 20:14:06.180,9.25411,9.25598,1.00,1.00
2016.04.11 20:14:06.494,9.254,9.25587,1.00,1.00
2016.04.11 20:14:08.943,9.254,9.25587,1.37,1.00
2016.04.11 20:14:14.665,9.25402,9.25589,1.37,1.00
2016.04.11 20:15:00.866,9.25423,9.2561,1.00,1.00
2016.04.11 20:15:01.790,9.25423,9.2561,1.37,1.00
2016.04.11 20:15:02.817,9.25444,9.2561,1.35,1.00
2016.04.11 20:15:02.868,9.25457,9.25644,1.97,1.00
2016.04.11 20:15:02.970,9.25468,9.25655,1.37,1.00
2016.04.11 20:15:34.842,9.25469,9.25656,1.97,1.00
2016.04.11 20:15:37.242,9.25455,9.25642,1.97,1.00
2016.04.11 20:15:54.738,9.25459,9.25646,1.97,1.00
2016.04.11 20:16:02.872,9.25459,9.25646,1.60,1.00
2016.04.11 20:16:03.655,9.25473,9.2566,1.35,1.00
2016.04.11 20:16:14.743,9.25468,9.25657,1.60,1.00
2016.04.11 20:16:22.096,9.25497,9.25675,1.00,1.00
2016.04.11 20:16:22.198,9.25517,9.25704,1.00,1.00
2016.04.11 20:16:34.615,9.25515,9.25702,1.00,1.00
2016.04.11 20:16:34.950,9.25467,9.25777,1.00,1.35
2016.04.11 20:17:49.944,9.25487,9.25779,1.00,1.00
2016.04.11 20:18:51.628,9.25436,9.25804,1.75,1.60
2016.04.11 20:19:01.513,9.25487,9.25779,1.00,1.00
2016.04.11 20:19:11.503,9.25486,9.2578,1.00,1.00
2016.04.11 20:19:22.001,9.25487,9.25779,1.00,1.00
2016.04.11 20:19:57.547,9.25487,9.25779,1.00,1.60
2016.04.11 20:20:00.283,9.25487,9.25779,1.00,1.00
2016.04.11 20:20:34.104,9.25486,9.2578,1.00,1.00
2016.04.11 20:20:37.775,9.25486,9.2578,1.00,1.60
2016.04.11 20:20:41.536,9.25486,9.25774,1.00,2.10
2016.04.11 20:20:41.587,9.25476,9.25758,1.00,1.60
2016.04.11 20:20:41.638,9.25476,9.25758,1.00,1.00
2016.04.11 20:21:03.551,9.25476,9.25756,1.00,1.00
2016.04.11 20:22:03.805,9.25476,9.25758,1.00,1.00
2016.04.11 20:23:57.557,9.25475,9.25759,1.00,1.00
2016.04.11 20:24:07.605,9.25476,9.25758,1.00,1.00
2016.04.11 20:26:22.299,9.25475,9.25759,1.00,1.00
2016.04.11 20:26:32.402,9.25476,9.25758,1.00,1.00
2016.04.11 20:27:12.027,9.25454,9.2573,1.00,1.60
2016.04.11 20:27:12.229,9.25418,9.25693,1.67,1.60
2016.04.11 20:27:12.280,9.25438,9.25713,1.60,1.00
2016.04.11 20:27:12.534,9.2548,9.25768,1.37,1.00
2016.04.11 20:27:12.636,9.2548,9.25756,1.37,1.00
2016.04.11 20:27:14.580,9.2548,9.25756,1.00,1.00
2016.04.11 20:27:15.031,9.25455,9.25735,1.97,1.00
2016.04.11 20:27:15.332,9.25455,9.25735,1.00,1.60
2016.04.11 20:27:15.668,9.25455,9.25735,1.00,1.60
2016.04.11 20:27:16.379,9.25455,9.25706,1.00,1.00
2016.04.11 20:27:21.318,9.25456,9.25706,1.00,1.00
2016.04.11 20:27:21.419,9.25465,9.2577,1.37,1.00
2016.04.11 20:27:21.495,9.25465,9.25775,1.37,1.00
2016.04.11 20:27:21.546,9.25479,9.25766,1.37,1.00
2016.04.11 20:27:22.419,9.25479,9.25757,1.37,1.00
2016.04.11 20:27:23.777,9.25479,9.25757,1.72,1.60
2016.04.11 20:27:24.080,9.25464,9.25731,1.60,1.00
2016.04.11 20:27:25.516,9.25464,9.25731,1.60,1.00
2016.04.11 20:27:25.567,9.25464,9.25731,1.97,1.00
2016.04.11 20:27:25.618,9.25464,9.25765,1.97,1.00
2016.04.11 20:27:25.720,9.25478,9.25791,1.37,1.00
2016.04.11 20:27:25.822,9.2548,9.25767,1.37,1.00
2016.04.11 20:27:26.157,9.2548,9.25756,1.37,1.00
2016.04.11 20:27:27.362,9.25449,9.25728,1.00,2.85
2016.04.11 20:27:27.514,9.25422,9.25702,1.07,1.60
2016.04.11 20:27:27.565,9.25422,9.25702,1.42,1.60
2016.04.11 20:27:28.529,9.2544,9.25717,1.60,1.00
2016.04.11 20:27:28.681,9.25462,9.25764,1.37,1.00
2016.04.11 20:27:28.833,9.25478,9.25766,1.37,1.00
2016.04.11 20:27:29.728,9.25478,9.25756,1.37,1.00
2016.04.11 20:27:30.518,9.25478,9.25756,1.37,1.60
2016.04.11 20:27:30.569,9.25453,9.25732,1.60,1.60
2016.04.11 20:27:30.620,9.25453,9.25732,1.00,1.60
2016.04.11 20:27:30.925,9.25453,9.25732,1.00,1.60
2016.04.11 20:27:31.269,9.25453,9.25732,1.00,1.60
2016.04.11 20:27:32.021,9.25453,9.25706,1.00,1.00
2016.04.11 20:27:37.267,9.25453,9.25706,1.60,1.00
2016.04.11 20:27:37.469,9.25468,9.2578,1.37,1.00
2016.04.11 20:27:37.571,9.25478,9.25767,1.37,1.00
2016.04.11 20:27:38.468,9.25478,9.25756,1.37,1.00
2016.04.11 20:27:38.570,9.25478,9.25756,1.00,1.00
2016.04.11 20:27:39.266,9.25478,9.25756,1.00,1.60
2016.04.11 20:27:39.317,9.25453,9.25732,1.97,1.35
2016.04.11 20:27:39.368,9.25453,9.25732,1.00,1.60
2016.04.11 20:27:39.675,9.25453,9.25732,1.00,1.60
2016.04.11 20:27:40.080,9.25453,9.25732,1.00,1.60
2016.04.11 20:27:40.591,9.25453,9.25706,1.00,1.00
2016.04.11 20:28:12.649,9.25449,9.25706,1.00,1.00
2016.04.11 20:28:23.102,9.2545,9.25706,1.00,1.00
2016.04.11 20:28:24.271,9.2545,9.25706,1.37,1.00
2016.04.11 20:28:24.322,9.25455,9.25736,1.97,1.00
2016.04.11 20:28:24.474,9.25469,9.25782,1.37,1.00
2016.04.11 20:28:24.575,9.25483,9.25771,1.00,1.00
2016.04.11 20:28:25.293,9.25483,9.25756,1.00,1.00
2016.04.11 20:29:25.493,9.25483,9.25771,1.00,1.00
2016.04.11 20:29:51.815,9.25446,9.25762,1.00,1.00
2016.04.11 20:29:51.866,9.2544,9.25762,1.00,1.00
2016.04.11 20:29:51.917,9.25416,9.25722,1.07,1.00
2016.04.11 20:29:52.266,9.25373,9.25689,1.37,1.00
2016.04.11 20:29:53.051,9.25373,9.25689,1.37,1.00
2016.04.11 20:29:53.636,9.25373,9.25682,1.37,1.00
2016.04.11 20:30:00.657,9.25373,9.25689,1.37,1.00
2016.04.11 20:30:32.836,9.25372,9.2569,1.37,1.00
2016.04.11 20:30:42.901,9.25373,9.25689,1.37,1.00
2016.04.11 20:30:53.141,9.25373,9.25689,1.00,1.00
2016.04.11 20:31:22.072,9.25376,9.25689,1.00,1.00
2016.04.11 20:31:31.850,9.25373,9.25689,1.00,1.00
2016.04.11 20:31:31.901,9.25345,9.25703,1.00,1.07
2016.04.11 20:31:37.117,9.25366,9.25703,1.00,1.07
2016.04.11 20:31:37.168,9.25366,9.25703,1.00,1.00
2016.04.11 20:31:38.319,9.25366,9.25653,1.00,1.00
2016.04.11 20:31:38.522,9.25346,9.25636,1.00,1.00
2016.04.11 20:31:38.573,9.25346,9.2562,1.00,1.00
2016.04.11 20:31:39.822,9.25346,9.2563,1.00,1.00
2016.04.11 20:31:39.873,9.25356,9.2563,1.00,1.00
2016.04.11 20:31:40.028,9.25356,9.25669,1.00,1.07
2016.04.11 20:31:40.079,9.25344,9.25669,1.37,1.07
2016.04.11 20:31:40.181,9.25354,9.25703,1.37,1.00
2016.04.11 20:31:42.554,9.25336,9.25636,1.75,1.60
2016.04.11 20:31:42.707,9.25315,9.2558,1.07,1.00
2016.04.11 20:31:42.808,9.25315,9.2558,1.00,1.00
2016.04.11 20:31:42.859,9.25306,9.2558,1.00,1.00
2016.04.11 20:31:46.770,9.25306,9.2558,1.60,1.00
2016.04.11 20:31:46.821,9.2531,9.2561,1.60,1.00
2016.04.11 20:31:46.872,9.2531,9.2561,1.60,1.00
2016.04.11 20:31:47.009,9.25328,9.25624,1.60,1.00
2016.04.11 20:31:47.063,9.25347,9.25624,1.35,1.00
2016.04.11 20:31:47.216,9.2539,9.25684,1.37,1.00
2016.04.11 20:31:47.267,9.25427,9.25693,1.00,1.00
2016.04.11 20:31:47.318,9.25427,9.25721,1.00,1.00
2016.04.11 20:31:48.322,9.25439,9.25754,1.00,1.00
2016.04.11 20:31:48.373,9.25439,9.25761,1.37,1.07
2016.04.11 20:31:48.424,9.2546,9.25798,1.37,1.10
2016.04.11 20:31:48.886,9.25483,9.25824,1.00,1.00
2016.04.11 20:31:49.321,9.25486,9.25824,1.00,1.00
2016.04.11 20:31:49.640,9.25511,9.2585,1.37,1.00
2016.04.11 20:31:50.171,9.25511,9.2585,1.00,1.00
2016.04.11 20:31:50.374,9.25511,9.2585,1.07,1.00
2016.04.11 20:31:50.425,9.25518,9.25874,1.10,1.00
2016.04.11 20:31:50.594,9.25518,9.25874,1.47,1.00
2016.04.11 20:31:51.848,9.25518,9.25874,1.00,1.00
2016.04.11 20:31:58.775,9.25518,9.25786,1.00,2.10
2016.04.11 20:31:58.826,9.25481,9.25776,1.75,1.60
2016.04.11 20:31:58.877,9.25429,9.25723,1.75,1.60
2016.04.11 20:31:58.978,9.25429,9.25723,1.07,1.60
2016.04.11 20:31:59.029,9.25429,9.25723,1.07,1.60
2016.04.11 20:31:59.080,9.25429,9.25723,1.00,1.60
2016.04.11 20:31:59.131,9.25406,9.25693,1.07,1.00
2016.04.11 20:32:00.480,9.25399,9.25693,1.00,1.00
2016.04.11 20:32:01.071,9.25413,9.25722,1.37,1.00
2016.04.11 20:32:01.233,9.25473,9.25821,1.00,1.07
2016.04.11 20:32:01.285,9.25495,9.25824,1.00,1.00
2016.04.11 20:32:02.284,9.25493,9.25839,1.00,1.75
2016.04.11 20:32:02.487,9.25493,9.25839,1.00,1.00
2016.04.11 20:32:02.537,9.25503,9.25844,1.00,1.00
2016.04.11 20:32:02.917,9.25503,9.25854,1.00,1.07
2016.04.11 20:32:03.019,9.25503,9.25854,1.00,1.00
2016.04.11 20:32:03.070,9.2551,9.25825,1.00,1.60
2016.04.11 20:32:03.374,9.25471,9.25766,1.00,1.00
2016.04.11 20:32:03.677,9.25446,9.25741,1.00,1.00
2016.04.11 20:32:04.238,9.25428,9.25723,1.00,1.00
2016.04.11 20:32:38.568,9.25431,9.25755,1.00,1.07
2016.04.11 20:32:38.619,9.25431,9.25755,1.37,1.07
2016.04.11 20:32:38.670,9.25431,9.25755,1.37,1.00
2016.04.11 20:32:38.721,9.25468,9.25804,1.37,1.07
2016.04.11 20:32:38.772,9.25468,9.25804,1.37,1.00
2016.04.11 20:32:38.873,9.25487,9.25842,1.00,1.00
2016.04.11 20:32:39.110,9.25513,9.2586,1.00,1.00
2016.04.11 20:32:39.570,9.25516,9.25865,1.00,1.00
2016.04.11 20:32:39.621,9.25516,9.25865,1.37,1.00
2016.04.11 20:32:39.672,9.25516,9.25872,1.37,1.00
2016.04.11 20:32:39.794,9.25527,9.25884,1.37,1.07
2016.04.11 20:32:40.213,9.25527,9.25894,1.37,1.00
2016.04.11 20:32:40.365,9.25527,9.25884,1.37,1.00
2016.04.11 20:32:40.675,9.25547,9.25914,1.37,1.07
2016.04.11 20:32:40.776,9.25547,9.25914,1.37,1.00
2016.04.11 20:32:41.671,9.25571,9.25935,1.37,1.07
2016.04.11 20:32:42.130,9.25571,9.25935,1.37,1.07
2016.04.11 20:32:42.479,9.25416,9.25715,1.45,1.60
2016.04.11 20:32:42.530,9.25416,9.25715,1.07,1.60
2016.04.11 20:32:43.036,9.25416,9.25715,1.07,1.67
2016.04.11 20:32:43.138,9.25416,9.25686,1.07,1.00
2016.04.11 20:32:43.279,9.25416,9.25705,1.07,1.67
2016.04.11 20:32:43.330,9.25393,9.25705,1.82,1.07
2016.04.11 20:32:43.381,9.25425,9.25724,1.45,1.00
2016.04.11 20:32:43.432,9.25425,9.25749,1.45,1.00
2016.04.11 20:32:43.534,9.25448,9.25797,1.37,1.07
2016.04.11 20:32:43.636,9.25448,9.25797,1.37,1.00
2016.04.11 20:32:44.519,9.25448,9.25797,1.97,1.00
2016.04.11 20:32:44.571,9.25515,9.2582,1.00,1.75
2016.04.11 20:32:44.893,9.25569,9.25854,1.00,1.00
2016.04.11 20:32:45.222,9.25569,9.25864,1.00,1.00
2016.04.11 20:32:45.424,9.25569,9.25874,1.00,1.00
2016.04.11 20:32:45.525,9.25582,9.25884,1.00,1.00
2016.04.11 20:32:45.829,9.25637,9.25974,1.37,1.00
2016.04.11 20:32:46.387,9.25637,9.25984,1.37,1.00
2016.04.11 20:32:47.590,9.25558,9.25968,1.12,1.00
2016.04.11 20:32:47.641,9.25554,9.25968,1.75,1.00
2016.04.11 20:32:48.240,9.25528,9.25967,1.37,1.10
2016.04.11 20:32:49.650,9.25501,9.25933,1.90,1.00
2016.04.11 20:32:54.959,9.25501,9.25933,1.90,1.07
2016.04.11 20:32:55.130,9.25501,9.25933,1.52,1.07
2016.04.11 20:32:55.617,9.25545,9.25933,1.00,1.07
2016.04.11 20:32:57.397,9.25545,9.25914,1.00,1.00
2016.04.11 20:33:00.860,9.25517,9.25914,1.37,1.00
2016.04.11 20:33:04.660,9.25517,9.25915,1.37,1.00
2016.04.11 20:33:07.139,9.25517,9.25914,1.37,1.00
2016.04.11 20:33:07.415,9.25517,9.25923,1.37,1.00
2016.04.11 20:33:16.656,9.25517,9.25904,1.37,1.00
2016.04.11 20:33:17.370,9.25517,9.25923,1.37,1.00
2016.04.11 20:33:18.612,9.25547,9.25924,1.00,1.00
2016.04.11 20:33:18.920,9.25515,9.25935,1.82,1.00
2016.04.11 20:33:19.123,9.25548,9.25945,1.45,1.00
2016.04.11 20:33:19.835,9.25548,9.25944,1.37,1.00
2016.04.11 20:33:20.339,9.25548,9.25944,1.37,1.00
2016.04.11 20:33:21.839,9.25548,9.25924,1.37,1.00
2016.04.11 20:33:23.375,9.25548,9.25924,1.37,1.00
2016.04.11 20:33:25.834,9.25548,9.25924,1.37,1.00
2016.04.11 20:33:27.019,9.25548,9.25924,1.37,1.60
2016.04.11 20:33:27.070,9.25502,9.25836,1.07,1.00
2016.04.11 20:33:27.120,9.25421,9.25772,1.75,1.00
2016.04.11 20:33:27.222,9.25421,9.25772,1.75,1.00
2016.04.11 20:33:27.323,9.25426,9.25772,1.00,1.00
2016.04.11 20:33:27.475,9.25397,9.25743,1.00,1.00
2016.04.11 20:33:28.318,9.25415,9.25743,1.00,1.00
2016.04.11 20:33:28.623,9.25418,9.25765,1.37,1.37
2016.04.11 20:33:28.724,9.25459,9.25816,1.00,1.00
2016.04.11 20:33:29.569,9.2548,9.25854,1.37,1.07
2016.04.11 20:33:29.721,9.2548,9.25864,1.37,1.00
2016.04.11 20:33:30.833,9.25451,9.25864,1.82,1.00
2016.04.11 20:33:32.335,9.2544,9.25864,1.82,1.00
2016.04.11 20:33:39.717,9.2544,9.25871,1.82,1.00
2016.04.11 20:33:54.567,9.2544,9.25871,1.74,1.00
2016.04.11 20:34:23.321,9.25451,9.25874,1.37,1.00
2016.04.11 20:34:23.372,9.25451,9.25884,1.37,1.00
2016.04.11 20:34:23.424,9.25455,9.25884,1.04,1.00
2016.04.11 20:34:33.304,9.25473,9.25883,1.12,1.00
2016.04.11 20:34:39.295,9.25473,9.25815,1.12,1.60
2016.04.11 20:34:39.346,9.25443,9.25815,1.12,1.60
2016.04.11 20:34:39.397,9.25436,9.25795,1.37,1.60
2016.04.11 20:34:39.448,9.25436,9.25795,1.07,1.60
2016.04.11 20:34:39.651,9.25396,9.25781,1.75,1.60
2016.04.11 20:34:39.702,9.25396,9.25781,1.00,1.60
2016.04.11 20:34:39.753,9.25396,9.25741,1.00,1.00
2016.04.11 20:34:39.854,9.25366,9.25745,1.75,1.60
2016.04.11 20:34:39.905,9.25366,9.25745,1.07,1.67
2016.04.11 20:34:40.217,9.25366,9.2575,1.07,1.67
2016.04.11 20:34:40.599,9.25366,9.2575,1.07,1.67
2016.04.11 20:34:40.649,9.25386,9.2575,1.00,1.67
2016.04.11 20:34:40.838,9.25336,9.25747,1.37,1.07
2016.04.11 20:34:40.889,9.25407,9.25774,1.00,1.00
2016.04.11 20:34:40.940,9.25407,9.25821,1.00,1.37
2016.04.11 20:34:40.991,9.25407,9.25821,1.00,1.07
2016.04.11 20:34:41.143,9.25407,9.25821,1.07,1.00
2016.04.11 20:34:41.345,9.25407,9.25821,1.37,1.00
2016.04.11 20:34:41.827,9.25432,9.25824,1.00,1.00
2016.04.11 20:34:41.879,9.25432,9.25824,1.75,1.00
2016.04.11 20:34:41.930,9.25432,9.25846,1.75,1.00
2016.04.11 20:34:41.981,9.25435,9.25846,1.12,1.00
2016.04.11 20:34:42.032,9.25459,9.25875,1.37,1.00
2016.04.11 20:34:42.868,9.25459,9.25875,1.37,1.00
2016.04.11 20:34:43.172,9.2546,9.25887,1.75,1.00
2016.04.11 20:34:43.223,9.25524,9.25924,1.37,1.00
2016.04.11 20:34:43.425,9.25524,9.25924,1.00,1.00
2016.04.11 20:34:44.091,9.25524,9.25924,1.07,1.00
2016.04.11 20:34:44.395,9.25491,9.25915,1.75,1.00
2016.04.11 20:34:44.648,9.25491,9.25915,1.10,1.00
2016.04.11 20:34:45.316,9.25491,9.25904,1.10,1.00
2016.04.11 20:34:46.267,9.25499,9.25904,1.00,1.00
2016.04.11 20:34:46.570,9.25499,9.25904,1.07,1.00
2016.04.11 20:34:55.673,9.25489,9.25895,1.07,1.00
2016.04.11 20:34:59.262,9.25489,9.25894,1.07,1.00
2016.04.11 20:35:07.376,9.25489,9.25904,1.45,1.00
2016.04.11 20:35:11.623,9.25501,9.25904,1.12,1.00
2016.04.11 20:35:11.674,9.25501,9.25934,1.12,1.00
2016.04.11 20:35:11.887,9.25489,9.25953,1.75,1.00
2016.04.11 20:35:11.938,9.25489,9.25953,1.75,1.00
2016.04.11 20:35:11.988,9.25517,9.25994,1.75,1.00
2016.04.11 20:35:12.141,9.25517,9.25994,1.75,1.00
2016.04.11 20:35:12.862,9.25478,9.2597,1.75,1.00
2016.04.11 20:35:14.680,9.25544,9.2597,1.12,1.00
2016.04.11 20:35:15.525,9.25544,9.25969,1.12,1.00
2016.04.11 20:35:15.677,9.25481,9.25969,1.75,1.00
2016.04.11 20:35:15.728,9.25537,9.26014,1.75,1.00
2016.04.11 20:35:15.779,9.25537,9.26014,1.75,1.00
2016.04.11 20:35:21.630,9.25491,9.25975,1.75,1.00
2016.04.11 20:35:21.839,9.25546,9.26023,1.37,1.00
2016.04.11 20:35:22.595,9.25546,9.26023,1.75,1.00
2016.04.11 20:35:28.440,9.25546,9.26023,1.75,1.00
2016.04.11 20:35:28.905,9.25546,9.26023,1.75,1.00
2016.04.11 20:35:29.819,9.25571,9.26048,1.75,1.00
2016.04.11 20:35:29.870,9.25571,9.26048,1.75,1.00
2016.04.11 20:35:33.484,9.25571,9.25741,1.75,1.00
2016.04.11 20:35:33.740,9.254,9.2569,1.75,1.00
2016.04.11 20:35:33.943,9.25366,9.2569,1.05,1.00
2016.04.11 20:35:34.745,9.25366,9.2569,1.12,1.00
2016.04.11 20:35:39.100,9.25366,9.2569,1.12,1.00
2016.04.11 20:35:43.715,9.25366,9.25823,1.12,1.00
2016.04.11 20:35:47.503,9.25366,9.25866,1.12,1.00
2016.04.11 20:35:57.298,9.25366,9.2588,1.12,1.00
2016.04.11 20:36:09.526,9.25356,9.25692,1.75,1.00
2016.04.11 20:36:09.678,9.25356,9.25674,1.37,1.60
2016.04.11 20:36:09.780,9.25356,9.25674,1.00,1.60
2016.04.11 20:36:10.033,9.25356,9.25674,1.00,1.60
2016.04.11 20:36:20.027,9.25356,9.25674,1.00,1.00
2016.04.11 20:36:20.078,9.25346,9.25674,1.00,1.00
2016.04.11 20:36:20.231,9.25346,9.25739,1.12,1.00
2016.04.11 20:36:20.333,9.25296,9.25804,1.75,1.50
2016.04.11 20:36:20.384,9.25413,9.25804,1.12,1.50
2016.04.11 20:36:20.435,9.25413,9.25832,1.12,1.00
2016.04.11 20:36:20.487,9.25431,9.25876,1.12,1.00
2016.04.11 20:36:20.689,9.25358,9.25876,1.12,1.00
2016.04.11 20:36:21.129,9.2535,9.25876,1.12,1.00
2016.04.11 20:36:21.230,9.2535,9.2593,1.12,1.00
2016.04.11 20:36:21.437,9.25363,9.2593,1.75,1.00
2016.04.11 20:36:21.916,9.25373,9.2593,1.75,1.00
2016.04.11 20:36:22.868,9.25373,9.2593,1.75,1.00
2016.04.11 20:36:23.180,9.25439,9.25914,1.75,2.25
2016.04.11 20:36:23.569,9.25439,9.25908,1.75,1.00
2016.04.11 20:36:24.737,9.25366,9.25908,1.12,1.00
2016.04.11 20:36:25.224,9.25376,9.25908,1.75,1.00
2016.04.11 20:36:26.527,9.25366,9.25894,1.12,1.00
2016.04.11 20:36:30.830,9.25366,9.25904,1.12,1.00
2016.04.11 20:36:43.716,9.25366,9.25901,1.12,1.00
2016.04.11 20:37:03.846,9.25366,9.25904,1.12,1.00
2016.04.11 20:37:03.897,9.25366,9.25904,1.12,1.00
2016.04.11 20:37:06.100,9.25366,9.25904,1.12,1.00
2016.04.11 20:37:06.442,9.25366,9.25904,1.12,1.00
2016.04.11 20:37:10.957,9.25366,9.25904,1.12,1.00
2016.04.11 20:37:11.160,9.25366,9.25904,1.12,1.00
2016.04.11 20:37:14.714,9.25366,9.25904,1.12,1.00
2016.04.11 20:37:14.917,9.25366,9.25904,1.12,1.00
2016.04.11 20:37:16.916,9.25366,9.25904,1.12,1.00
2016.04.11 20:37:17.117,9.25366,9.25904,1.12,1.00
2016.04.11 20:37:19.424,9.25366,9.25904,1.12,1.00
2016.04.11 20:37:19.647,9.25366,9.25904,1.12,1.00
2016.04.11 20:37:23.986,9.25366,9.25904,1.12,1.00
2016.04.11 20:37:27.927,9.25326,9.25904,1.75,1.00
2016.04.11 20:37:29.701,9.25336,9.25904,1.75,1.00
2016.04.11 20:37:29.927,9.25326,9.25904,1.75,1.00
2016.04.11 20:37:32.646,9.25336,9.25904,1.75,1.00
2016.04.11 20:37:34.211,9.25326,9.25904,1.75,1.00
2016.04.11 20:37:39.937,9.25336,9.25904,1.75,1.00
2016.04.11 20:37:40.157,9.25326,9.25904,1.75,1.00
2016.04.11 20:37:43.436,9.25336,9.25904,1.75,1.00
2016.04.11 20:37:43.662,9.25326,9.25904,1.75,1.00
2016.04.11 20:37:45.337,9.25326,9.25913,1.75,1.00
2016.04.11 20:37:45.539,9.2536,9.25947,1.75,1.00
2016.04.11 20:37:45.988,9.25325,9.25947,1.75,1.00
2016.04.11 20:37:47.946,9.25336,9.25947,1.75,1.00
2016.04.11 20:37:50.646,9.25336,9.25954,1.75,2.25
2016.04.11 20:37:56.266,9.25336,9.25953,1.75,2.25
2016.04.11 20:37:58.906,9.25419,9.25867,1.12,1.00
2016.04.11 20:37:58.958,9.25426,9.25867,1.37,1.00
2016.04.11 20:37:59.877,9.25366,9.25884,1.12,1.50
2016.04.11 20:37:59.928,9.25366,9.25884,1.12,1.50
2016.04.11 20:37:59.979,9.25366,9.25924,1.12,1.00
2016.04.11 20:38:00.029,9.25366,9.25924,1.12,1.00
2016.04.11 20:38:00.425,9.25369,9.25924,1.75,1.50
2016.04.11 20:38:03.484,9.25366,9.25924,1.12,1.00
2016.04.11 20:38:03.884,9.25366,9.25924,1.12,1.00
2016.04.11 20:38:09.156,9.25366,9.25924,1.12,1.00
2016.04.11 20:38:09.947,9.25366,9.25924,1.12,1.00
2016.04.11 20:38:12.676,9.25366,9.25924,1.12,1.00
2016.04.11 20:38:33.588,9.25366,9.25921,1.12,1.00
2016.04.11 20:38:41.901,9.25366,9.2592,1.12,1.00
2016.04.11 20:38:49.237,9.25366,9.25909,1.12,1.00
2016.04.11 20:38:49.540,9.25366,9.25883,1.12,1.00
2016.04.11 20:38:59.451,9.25366,9.25865,1.12,1.00
2016.04.11 20:39:56.551,9.25316,9.25865,1.75,1.00
2016.04.11 20:40:01.635,9.25326,9.25865,1.75,1.00
2016.04.11 20:40:02.625,9.25326,9.25865,1.75,1.00
2016.04.11 20:40:06.381,9.25326,9.25865,1.75,1.00
2016.04.11 20:40:08.890,9.25326,9.25865,1.75,1.00
2016.04.11 20:40:09.634,9.25326,9.25865,1.75,1.00
2016.04.11 20:40:09.686,9.25326,9.25878,1.75,1.00
2016.04.11 20:40:10.845,9.25406,9.25878,1.75,1.00
2016.04.11 20:40:11.065,9.25458,9.25878,1.12,1.00
2016.04.11 20:40:11.296,9.25447,9.25878,1.12,1.00
2016.04.11 20:40:11.822,9.25447,9.25879,1.12,1.00
2016.04.11 20:40:18.564,9.25356,9.25879,1.75,1.00
2016.04.11 20:40:18.615,9.25356,9.25904,1.75,1.00
2016.04.11 20:40:18.869,9.25351,9.25934,1.12,1.00
2016.04.11 20:40:18.920,9.25351,9.25934,1.12,1.00
2016.04.11 20:40:19.223,9.25366,9.25933,1.12,2.25
2016.04.11 20:40:19.866,9.25419,9.25867,1.12,1.00
2016.04.11 20:40:20.069,9.25415,9.25884,1.75,2.25
2016.04.11 20:40:20.120,9.25415,9.25884,1.37,2.25
2016.04.11 20:40:20.221,9.25415,9.25864,1.37,2.25
2016.04.11 20:40:20.868,9.25366,9.25864,1.12,2.25
2016.04.11 20:40:21.261,9.25366,9.25886,1.12,1.00
2016.04.11 20:40:36.414,9.25366,9.25886,1.12,1.00
2016.04.11 20:40:49.192,9.25366,9.25898,1.12,1.00
2016.04.11 20:40:51.348,9.25406,9.25898,1.75,1.00
2016.04.11 20:40:51.500,9.25406,9.25894,1.75,2.25
2016.04.11 20:40:51.551,9.25406,9.25894,1.75,2.25
2016.04.11 20:40:51.799,9.25406,9.25898,1.75,1.00
2016.04.11 20:40:51.900,9.25406,9.25898,1.75,1.00
2016.04.11 20:40:52.351,9.25366,9.25898,1.12,1.00
2016.04.11 20:40:52.852,9.25366,9.25897,1.12,1.00
2016.04.11 20:40:53.004,9.25366,9.25923,1.12,2.25
2016.04.11 20:40:54.105,9.25468,9.25923,1.12,2.25
2016.04.11 20:40:54.207,9.25468,9.2593,1.12,1.00
2016.04.11 20:40:54.856,9.25468,9.25914,1.12,1.00
2016.04.11 20:40:55.074,9.25463,9.25914,1.12,1.00
2016.04.11 20:40:55.176,9.25354,9.25864,1.12,2.25
2016.04.11 20:40:55.509,9.25354,9.25854,1.12,2.25
2016.04.11 20:41:00.321,9.25354,9.25849,1.12,1.00
2016.04.11 20:41:30.134,9.25354,9.2585,1.12,1.00
2016.04.11 20:41:30.646,9.25354,9.25888,1.12,1.00
2016.04.11 20:41:30.747,9.25354,9.25852,1.12,1.00
2016.04.11 20:41:31.614,9.25416,9.25852,1.75,1.00
2016.04.11 20:41:31.665,9.25416,9.25843,1.75,1.50
2016.04.11 20:41:32.248,9.25407,9.25844,1.12,2.25
2016.04.11 20:41:32.587,9.25354,9.25844,1.12,2.25
2016.04.11 20:41:32.638,9.25354,9.25852,1.12,1.00
2016.04.11 20:41:43.531,9.25465,9.25852,1.12,1.00
2016.04.11 20:41:43.684,9.2545,9.25876,1.12,1.00
2016.04.11 20:41:43.745,9.2545,9.25904,1.12,1.00
2016.04.11 20:41:43.847,9.2545,9.25944,1.12,1.00
2016.04.11 20:41:44.535,9.25356,9.25944,1.75,1.00
2016.04.11 20:41:44.586,9.25354,9.25944,1.12,1.00
2016.04.11 20:41:44.899,9.25354,9.25895,1.12,2.25
2016.04.11 20:41:45.286,9.25354,9.25887,1.12,1.00
2016.04.11 20:41:46.490,9.25354,9.25864,1.12,2.25
2016.04.11 20:41:46.801,9.25354,9.25843,1.12,1.00
2016.04.11 20:41:48.663,9.25354,9.25811,1.12,1.00
2016.04.11 20:41:53.683,9.25354,9.25798,1.12,1.00
2016.04.11 20:41:55.864,9.25354,9.25799,1.12,1.00
2016.04.11 20:42:05.359,9.25446,9.25799,1.12,1.00
2016.04.11 20:42:05.410,9.25446,9.25831,1.12,1.00
2016.04.11 20:42:05.511,9.25446,9.25914,1.12,1.50
2016.04.11 20:42:05.613,9.25446,9.25934,1.12,1.00
2016.04.11 20:42:06.392,9.25354,9.25904,1.12,1.50
2016.04.11 20:42:19.931,9.25354,9.25864,1.12,1.50
2016.04.11 20:42:20.032,9.25354,9.25904,1.12,1.00
2016.04.11 20:42:20.733,9.25354,9.25863,1.12,2.25
2016.04.11 20:42:21.035,9.25354,9.25871,1.12,1.00
2016.04.11 20:42:21.235,9.25354,9.25863,1.12,1.50
2016.04.11 20:42:21.336,9.25354,9.25904,1.12,1.00
2016.04.11 20:42:21.437,9.25354,9.25857,1.12,1.00
2016.04.11 20:42:21.873,9.25419,9.25857,1.12,1.00
2016.04.11 20:42:22.890,9.25354,9.25857,1.12,1.00
2016.04.11 20:42:26.442,9.25354,9.25885,1.12,1.00
2016.04.11 20:42:31.661,9.25354,9.25893,1.12,2.25
2016.04.11 20:42:45.194,9.25354,9.25894,1.12,2.25
2016.04.11 20:42:46.396,9.25354,9.25854,1.12,1.50
2016.04.11 20:42:58.178,9.25356,9.25878,1.75,1.00
2016.04.11 20:42:58.229,9.25356,9.25878,1.75,1.00
2016.04.11 20:42:58.280,9.25356,9.25882,1.75,1.00
2016.04.11 20:42:58.452,9.2547,9.25882,1.12,1.00
2016.04.11 20:42:58.533,9.2547,9.25934,1.12,1.50
2016.04.11 20:42:59.080,9.25419,9.25867,1.12,1.00
2016.04.11 20:42:59.181,9.25419,9.25867,1.12,1.00
2016.04.11 20:43:00.072,9.25354,9.25874,1.12,2.25
2016.04.11 20:43:00.251,9.25354,9.25873,1.12,2.25
2016.04.11 20:43:00.981,9.25354,9.25845,1.12,1.00
2016.04.11 20:43:05.991,9.25354,9.25827,1.12,1.00
2016.04.11 20:43:11.213,9.25354,9.25839,1.12,1.00
2016.04.11 20:43:16.324,9.25354,9.25854,1.12,2.25
2016.04.11 20:43:22.131,9.25482,9.25859,1.12,1.00
2016.04.11 20:43:22.183,9.2544,9.25859,1.12,1.00
2016.04.11 20:43:22.234,9.2544,9.25902,1.12,1.00
2016.04.11 20:43:23.071,9.25354,9.25902,1.12,1.00
2016.04.11 20:43:23.122,9.25354,9.25835,1.12,2.25
2016.04.11 20:43:23.469,9.25354,9.25835,1.12,2.25
2016.04.11 20:43:25.611,9.25416,9.25835,1.37,2.25
2016.04.11 20:43:25.662,9.25416,9.25838,1.37,1.00
2016.04.11 20:43:26.561,9.25416,9.25844,1.37,2.25
2016.04.11 20:43:26.713,9.25354,9.25844,1.12,2.25
2016.04.11 20:43:27.132,9.25402,9.25844,1.12,2.25
2016.04.11 20:43:27.233,9.25402,9.25847,1.12,1.00
2016.04.11 20:43:31.234,9.25396,9.25842,1.75,1.00
2016.04.11 20:43:31.597,9.25354,9.25842,1.12,1.00
2016.04.11 20:43:36.243,9.25354,9.25839,1.12,1.00
2016.04.11 20:43:47.170,9.25411,9.25839,1.12,1.00
2016.04.11 20:43:47.320,9.25411,9.25894,1.12,1.00
2016.04.11 20:43:47.374,9.25411,9.25924,1.12,1.00
2016.04.11 20:43:48.152,9.25406,9.25924,1.75,1.07
2016.04.11 20:43:48.467,9.25406,9.25853,1.75,2.25
2016.04.11 20:43:49.131,9.25354,9.25853,1.12,2.25
2016.04.11 20:43:49.448,9.25354,9.25819,1.12,1.00
2016.04.11 20:43:49.883,9.25406,9.25819,1.75,1.00
2016.04.11 20:43:50.429,9.25406,9.25818,1.75,1.00
2016.04.11 20:43:50.893,9.25354,9.25818,1.12,1.00
2016.04.11 20:43:51.096,9.25406,9.25819,1.75,1.00
2016.04.11 20:43:51.609,9.25406,9.25818,1.75,1.00
2016.04.11 20:43:54.421,9.25405,9.25818,1.07,1.00
2016.04.11 20:43:55.117,9.25416,9.25819,1.07,1.00
2016.04.11 20:43:55.421,9.25354,9.25819,1.12,1.00
2016.04.11 20:43:55.480,9.25354,9.25834,1.12,3.00
2016.04.11 20:43:56.700,9.25354,9.25834,1.12,3.00
2016.04.11 20:43:57.785,9.25354,9.25833,1.12,1.00
2016.04.11 20:44:00.154,9.25354,9.25876,1.12,1.00
2016.04.11 20:44:00.217,9.25354,9.25845,1.12,1.00
2016.04.11 20:44:05.250,9.25354,9.25843,1.12,1.00
2016.04.11 20:44:19.921,9.25444,9.25843,1.12,1.00
2016.04.11 20:44:20.022,9.25444,9.25904,1.12,1.00
2016.04.11 20:44:20.431,9.25468,9.25925,1.12,1.00
2016.04.11 20:44:20.921,9.25354,9.25925,1.12,1.00
2016.04.11 20:44:21.269,9.25354,9.25863,1.12,2.25
2016.04.11 20:44:21.371,9.25416,9.25863,1.75,2.25
2016.04.11 20:44:21.884,9.25416,9.25864,1.75,2.25
2016.04.11 20:44:22.336,9.25354,9.25864,1.12,2.25
2016.04.11 20:44:22.870,9.25416,9.25863,1.75,2.25
2016.04.11 20:44:22.922,9.25416,9.25863,1.75,2.25
2016.04.11 20:44:23.488,9.25416,9.25864,1.75,2.25
2016.04.11 20:44:30.152,9.25406,9.2586,1.75,1.00
2016.04.11 20:44:30.359,9.25406,9.2586,1.37,1.00
2016.04.11 20:44:43.829,9.25406,9.25849,1.37,1.00
2016.04.11 20:45:27.172,9.25401,9.25849,1.75,1.00
2016.04.11 20:46:01.044,9.25396,9.25864,1.75,2.25
2016.04.11 20:46:13.831,9.25406,9.25864,1.00,2.25
2016.04.11 20:46:14.842,9.25395,9.25864,1.00,2.25
2016.04.11 20:46:54.789,9.25396,9.25864,1.00,2.25
2016.04.11 20:48:11.825,9.25396,9.25863,1.00,2.25
2016.04.11 20:48:14.429,9.25405,9.25863,1.00,2.25
2016.04.11 20:48:48.259,9.25405,9.25864,1.00,2.25
2016.04.11 20:48:48.309,9.25396,9.25864,1.00,2.25
2016.04.11 20:48:50.321,9.25305,9.25864,1.75,1.50
2016.04.11 20:48:50.372,9.25305,9.25874,1.75,1.50
2016.04.11 20:48:50.473,9.25305,9.25914,1.75,1.00
2016.04.11 20:48:50.777,9.25316,9.25894,1.75,1.50
2016.04.11 20:48:52.571,9.25305,9.25914,1.75,1.00
2016.04.11 20:48:56.651,9.25305,9.25915,1.75,1.50
2016.04.11 20:48:56.998,9.25305,9.25874,1.75,1.50
2016.04.11 20:48:57.099,9.25305,9.25924,1.75,3.00
2016.04.11 20:49:01.293,9.25401,9.25935,1.07,1.00
2016.04.11 20:49:02.074,9.25401,9.25936,1.07,1.00
2016.04.11 20:49:02.424,9.25401,9.25934,1.07,1.00
2016.04.11 20:49:04.677,9.25406,9.25914,1.00,1.00
2016.04.11 20:49:04.981,9.25406,9.25903,1.00,1.50
2016.04.11 20:49:05.577,9.25301,9.25903,1.75,1.50
2016.04.11 20:49:05.628,9.25306,9.25903,1.75,1.50
2016.04.11 20:49:29.647,9.25356,9.25914,1.75,1.00
2016.04.11 20:49:29.851,9.25356,9.25914,1.75,1.00
2016.04.11 20:49:29.953,9.25356,9.25964,2.25,1.00
2016.04.11 20:49:31.366,9.25376,9.25954,1.75,1.50
2016.04.11 20:49:31.670,9.25329,9.25944,1.75,1.50
2016.04.11 20:49:32.756,9.25329,9.25933,1.75,1.50
2016.04.11 20:49:33.107,9.25316,9.25904,2.25,2.25
2016.04.11 20:49:33.960,9.25316,9.25895,1.75,1.00
2016.04.11 20:49:34.563,9.25609,9.25895,1.00,1.00
2016.04.11 20:49:34.866,9.25609,9.25931,1.00,1.00
2016.04.11 20:49:34.968,9.25609,9.25984,1.00,1.00
2016.04.11 20:49:40.069,9.25436,9.25984,1.75,1.00
2016.04.11 20:49:40.120,9.25436,9.25994,1.75,1.00
2016.04.11 20:49:40.424,9.25356,9.25994,1.95,1.00
2016.04.11 20:49:40.475,9.25356,9.25974,1.75,1.00
2016.04.11 20:49:40.776,9.25326,9.25955,2.25,1.50
2016.04.11 20:49:40.978,9.25434,9.25954,1.00,1.00
2016.04.11 20:49:41.916,9.25434,9.25944,1.00,1.00
2016.04.11 20:49:42.220,9.25483,9.2596,1.00,1.00
2016.04.11 20:49:42.375,9.25384,9.2596,1.30,1.00
2016.04.11 20:49:42.426,9.25384,9.25954,1.30,1.00
2016.04.11 20:49:42.477,9.25384,9.25953,1.29,1.50
2016.04.11 20:49:42.629,9.25384,9.25944,1.29,1.00
2016.04.11 20:49:42.941,9.25384,9.25914,1.07,1.00
2016.04.11 20:49:43.144,9.25306,9.25924,2.47,2.25
2016.04.11 20:49:43.194,9.25306,9.25914,2.47,1.50
2016.04.11 20:49:43.667,9.25306,9.25933,2.47,1.00
2016.04.11 20:49:43.780,9.25306,9.25914,2.47,2.25
2016.04.11 20:49:44.142,9.25306,9.25914,2.47,2.25
2016.04.11 20:49:45.520,9.25306,9.25924,1.97,3.00
2016.04.11 20:49:46.484,9.25306,9.25914,1.97,2.25
2016.04.11 20:49:47.837,9.25306,9.25934,2.47,1.50
2016.04.11 20:49:47.888,9.25609,9.25933,1.00,1.00
2016.04.11 20:49:48.040,9.25609,9.25954,1.00,1.00
2016.04.11 20:49:48.340,9.25609,9.25964,1.00,1.00
2016.04.11 20:49:50.862,9.25534,9.25965,1.00,1.00
2016.04.11 20:49:51.064,9.25482,9.25965,1.00,1.00
2016.04.11 20:49:51.368,9.25482,9.25954,1.00,1.00
2016.04.11 20:49:52.365,9.25336,9.25954,1.75,1.50
2016.04.11 20:49:52.642,9.25326,9.25944,1.75,1.00
2016.04.11 20:49:52.967,9.25384,9.25924,1.37,1.00
2016.04.11 20:49:53.069,9.25384,9.25924,1.07,1.00
2016.04.11 20:49:54.019,9.25306,9.25904,1.94,2.25
2016.04.11 20:49:54.197,9.25306,9.25924,2.00,1.00
2016.04.11 20:49:54.248,9.25306,9.25924,2.00,1.00
2016.04.11 20:49:55.322,9.25306,9.25933,1.94,1.00
2016.04.11 20:49:55.423,9.25306,9.25914,1.94,1.50
2016.04.11 20:49:56.019,9.25306,9.25913,1.94,2.25
2016.04.11 20:49:56.412,9.25306,9.25924,1.94,1.00
2016.04.11 20:49:57.228,9.25306,9.25914,1.94,2.25
2016.04.11 20:49:57.528,9.25306,9.25923,1.94,1.50
2016.04.11 20:49:57.832,9.25306,9.25904,1.94,2.25
2016.04.11 20:49:58.503,9.25306,9.25913,1.94,1.00
2016.04.11 20:49:59.896,9.25583,9.25913,1.00,1.00
2016.04.11 20:49:59.997,9.25583,9.25934,1.00,1.00
2016.04.11 20:50:00.048,9.25583,9.25994,1.00,1.00
2016.04.11 20:50:00.367,9.25583,9.26004,1.00,1.00
2016.04.11 20:50:00.580,9.25534,9.26004,1.00,1.00
2016.04.11 20:50:01.867,9.25508,9.26004,1.00,1.00
2016.04.11 20:50:01.918,9.25508,9.25984,1.00,1.00
2016.04.11 20:50:02.394,9.25356,9.25974,1.75,1.00
2016.04.11 20:50:02.445,9.25356,9.25963,1.75,1.00
2016.04.11 20:50:02.749,9.25316,9.25944,2.25,1.00
2016.04.11 20:50:03.849,9.25316,9.25934,2.25,1.00
2016.04.11 20:50:04.915,9.25316,9.25924,2.25,1.00
2016.04.11 20:50:05.029,9.25316,9.25931,1.75,1.00
2016.04.11 20:50:05.506,9.25316,9.25931,1.75,1.00
2016.04.11 20:50:05.765,9.25583,9.25931,1.00,1.00
2016.04.11 20:50:05.931,9.25583,9.25964,1.00,1.00
2016.04.11 20:50:06.156,9.25583,9.25995,1.00,1.00
2016.04.11 20:50:06.614,9.25533,9.25994,1.00,1.00
2016.04.11 20:50:07.584,9.25533,9.25975,1.00,1.00
2016.04.11 20:50:08.097,9.25533,9.2581,1.00,1.52
2016.04.11 20:50:08.400,9.25386,9.25784,1.64,1.50
2016.04.11 20:50:08.452,9.25386,9.25874,1.64,1.00
2016.04.11 20:50:08.511,9.25386,9.25913,1.64,1.00
2016.04.11 20:50:08.613,9.25316,9.25925,2.25,1.50
2016.04.11 20:50:08.721,9.25316,9.25904,2.25,1.50
2016.04.11 20:50:08.822,9.25316,9.25914,1.75,1.00
2016.04.11 20:50:09.457,9.25416,9.25884,1.00,1.00
2016.04.11 20:50:10.328,9.25296,9.25884,1.75,1.00
2016.04.11 20:50:10.430,9.25296,9.25884,1.75,1.00
2016.04.11 20:50:10.763,9.25296,9.25874,1.75,2.25
2016.04.11 20:50:10.959,9.25386,9.25884,1.07,1.00
2016.04.11 20:50:11.010,9.25386,9.25884,1.00,1.00
2016.04.11 20:50:11.317,9.25396,9.25884,1.00,1.00
2016.04.11 20:50:15.077,9.25376,9.25884,1.07,1.00
2016.04.11 20:50:15.379,9.25376,9.25875,1.07,1.00
2016.04.11 20:50:15.725,9.25396,9.25854,1.00,1.50
2016.04.11 20:50:16.058,9.25406,9.25854,1.00,1.50
2016.04.11 20:50:16.576,9.25286,9.25854,1.75,1.50
2016.04.11 20:50:16.728,9.25286,9.25854,1.75,1.50
2016.04.11 20:50:17.270,9.25286,9.25855,1.75,1.50
2016.04.11 20:50:27.177,9.25356,9.25884,1.07,1.00
2016.04.11 20:50:28.137,9.25306,9.25884,1.75,1.00
2016.04.11 20:50:28.458,9.25306,9.25864,1.75,1.50
2016.04.11 20:50:30.943,9.25295,9.25884,1.75,1.00
2016.04.11 20:50:30.994,9.25295,9.25892,1.75,1.00
2016.04.11 20:50:33.798,9.25315,9.25854,1.37,1.50
2016.04.11 20:51:23.275,9.25316,9.25854,1.37,1.50
2016.04.11 20:51:45.716,9.25376,9.25904,1.07,1.37
2016.04.11 20:51:46.564,9.25316,9.25904,1.37,1.00
2016.04.11 20:51:46.666,9.25316,9.25904,1.75,1.00
2016.04.11 20:51:47.154,9.25316,9.25893,1.75,1.50
2016.04.11 20:51:47.703,9.25316,9.25894,1.75,2.25
2016.04.11 20:51:49.723,9.25316,9.25854,1.75,1.50
2016.04.11 20:51:50.615,9.25365,9.25884,1.37,1.00
2016.04.11 20:51:50.666,9.25365,9.25894,1.07,1.00
2016.04.11 20:51:50.717,9.25365,9.25904,1.07,1.37
2016.04.11 20:51:51.565,9.25376,9.25904,1.07,1.00
2016.04.11 20:51:51.616,9.25316,9.25873,1.75,1.50
2016.04.11 20:51:54.372,9.25366,9.25873,1.07,1.50
2016.04.11 20:51:54.524,9.25366,9.25894,1.07,1.00
2016.04.11 20:51:55.366,9.25306,9.25904,1.75,1.00
2016.04.11 20:51:55.676,9.25306,9.25854,1.75,2.25
2016.04.11 20:51:59.471,9.25366,9.25891,1.07,1.00
2016.04.11 20:52:04.445,9.25366,9.25894,1.07,1.00
2016.04.11 20:52:09.556,9.25365,9.25904,1.07,1.37
2016.04.11 20:52:23.553,9.25365,9.25904,1.37,1.37
2016.04.11 20:52:59.336,9.25356,9.25904,1.37,1.50
2016.04.11 20:53:18.543,9.25355,9.25904,1.37,1.50
2016.04.11 20:53:53.863,9.25355,9.25904,1.37,1.37
2016.04.11 20:53:54.872,9.25346,9.25903,1.75,1.50
2016.04.11 20:53:55.401,9.25346,9.25905,1.75,1.37
2016.04.11 20:54:13.771,9.25356,9.25914,1.37,1.37
2016.04.11 20:54:22.221,9.25346,9.25914,1.37,1.37
2016.04.11 20:54:50.843,9.25356,9.25914,1.00,1.37
2016.04.11 20:54:54.965,9.25356,9.25924,1.00,1.00
2016.04.11 20:55:05.703,9.25376,9.25924,1.00,1.00
2016.04.11 20:55:28.419,9.25376,9.25925,1.00,1.00
2016.04.11 20:55:30.378,9.25376,9.25925,1.00,1.37
2016.04.11 20:56:01.408,9.25376,9.25924,1.00,1.00
2016.04.11 20:56:31.569,9.25376,9.25924,1.00,1.87
2016.04.11 20:56:40.914,9.25365,9.25914,1.00,1.37
2016.04.11 20:56:51.341,9.25365,9.25924,1.00,1.50
2016.04.11 20:56:54.692,9.25365,9.25915,1.00,1.00
2016.04.11 20:56:59.601,9.25365,9.25924,1.00,1.00
2016.04.11 20:57:09.618,9.25365,9.25914,1.00,1.00
2016.04.11 20:57:10.721,9.25365,9.25924,1.00,1.00
2016.04.11 20:57:20.753,9.25365,9.25914,1.00,1.00
2016.04.11 20:57:21.566,9.25365,9.25914,1.00,1.37
2016.04.11 20:57:22.779,9.25356,9.25914,1.00,1.37
2016.04.11 20:57:24.123,9.25366,9.25914,1.00,1.37
2016.04.11 20:57:57.567,9.25316,9.25914,1.50,1.00
2016.04.11 20:57:57.668,9.25316,9.25934,1.50,1.00
2016.04.11 20:57:57.720,9.25336,9.25954,1.00,1.50
2016.04.11 20:57:58.067,9.25376,9.25954,1.00,1.00
2016.04.11 20:57:58.169,9.25376,9.25964,1.00,1.00
2016.04.11 20:57:58.220,9.25356,9.25964,1.00,1.00
2016.04.11 20:57:59.170,9.25356,9.25954,1.00,1.00
2016.04.11 20:57:59.322,9.25346,9.25954,1.00,1.00
2016.04.11 20:57:59.672,9.25346,9.25964,1.00,1.00
2016.04.11 20:58:00.475,9.25356,9.25964,1.00,1.00
2016.04.11 20:58:00.815,9.25356,9.25954,1.00,1.00
2016.04.11 20:58:01.676,9.25366,9.25954,1.00,1.00
2016.04.11 20:58:05.279,9.25376,9.25954,1.00,1.00
2016.04.11 20:58:06.481,9.25366,9.25954,1.00,1.00
2016.04.11 20:58:10.098,9.25366,9.25964,1.00,1.00
2016.04.11 20:58:11.587,9.25376,9.25964,1.00,1.00
2016.04.11 20:58:16.017,9.25426,9.25964,1.00,1.00
2016.04.11 20:58:16.321,9.25426,9.25894,1.00,1.75
2016.04.11 20:58:20.102,9.25426,9.25789,1.00,1.00
2016.04.11 20:58:21.421,9.25426,9.25583,1.00,1.00
2016.04.11 20:59:00.191,9.25426,9.25753,1.00,1.37
2016.04.11 20:59:00.619,9.25436,9.25753,1.00,1.37
2016.04.11 20:59:12.416,9.25436,9.25753,0.75,0.75
2016.04.11 20:59:30.801,9.25436,9.25844,0.75,0.75
2016.04.11 20:59:30.902,9.25436,9.25864,0.75,1.50
2016.04.11 20:59:42.240,9.25436,9.25728,0.75,0.37
2016.04.11 20:59:44.356,9.25426,9.25728,0.75,0.37
2016.04.11 20:59:58.674,9.25426,9.25842,0.75,0.37
