2010.02.16 15:00:00.021,9.8902,9.8925,1.60,1.00
2010.02.16 15:00:01.596,9.8901,9.8924,1.60,1.00
2010.02.16 15:00:02.340,9.89,9.8924,2.40,1.60
2010.02.16 15:00:02.529,9.88985,9.8922,1.00,1.00
2010.02.16 15:00:03.922,9.88985,9.8921,1.00,1.00
2010.02.16 15:00:04.272,9.8899,9.8922,1.60,1.00
2010.02.16 15:00:09.153,9.8899,9.8921,1.60,1.00
2010.02.16 15:00:11.411,9.8898,9.892,1.60,1.00
2010.02.16 15:00:11.635,9.8898,9.8919,1.60,1.00
2010.02.16 15:00:12.075,9.8898,9.8921,1.60,1.00
2010.02.16 15:00:13.860,9.8898,9.8918,1.60,1.00
2010.02.16 15:00:14.214,9.8902,9.8918,2.40,1.00
2010.02.16 15:00:14.613,9.8901,9.8918,2.40,1.00
2010.02.16 15:00:24.654,9.8901,9.8917,2.40,1.00
2010.02.16 15:00:28.099,9.8902,9.8919,2.40,1.00
2010.02.16 15:00:28.461,9.8905,9.8923,2.40,1.00
2010.02.16 15:00:32.547,9.8901,9.8924,1.60,1.00
2010.02.16 15:00:36.335,9.8901,9.8923,1.60,1.00
2010.02.16 15:00:37.086,9.89,9.8923,1.60,1.00
2010.02.16 15:00:41.835,9.89,9.8922,1.60,1.00
2010.02.16 15:00:43.922,9.89,9.8923,1.60,1.00
2010.02.16 15:00:48.832,9.89,9.8922,1.60,1.00
2010.02.16 15:00:49.848,9.8899,9.8922,1.60,1.00
2010.02.16 15:00:54.586,9.8899,9.8921,1.60,1.00
2010.02.16 15:00:55.017,9.89,9.892,1.00,1.00
2010.02.16 15:00:55.487,9.89,9.8919,1.00,1.00
2010.02.16 15:01:02.252,9.89,9.8917,1.00,1.00
2010.02.16 15:01:02.423,9.89,9.8917,2.80,1.00
2010.02.16 15:01:02.609,9.89,9.8917,2.40,1.00
2010.02.16 15:01:07.157,9.8898,9.8921,1.60,1.00
2010.02.16 15:01:12.869,9.8898,9.892,1.60,1.00
2010.02.16 15:01:14.506,9.8897,9.8917,2.40,1.60
2010.02.16 15:01:14.866,9.8897,9.8917,2.40,1.00
2010.02.16 15:01:15.208,9.8898,9.8916,2.40,1.00
2010.02.16 15:01:15.831,9.8897,9.8916,2.40,1.00
2010.02.16 15:01:16.169,9.8898,9.8915,2.40,1.00
2010.02.16 15:01:16.634,9.8898,9.8914,2.40,1.00
2010.02.16 15:01:17.347,9.8897,9.8913,2.40,1.60
2010.02.16 15:01:17.399,9.8895,9.8913,3.20,1.60
2010.02.16 15:01:17.746,9.889,9.8913,8.80,1.60
2010.02.16 15:01:19.043,9.8892,9.8915,1.60,1.00
2010.02.16 15:01:19.400,9.8899,9.89195,1.60,1.00
2010.02.16 15:01:21.181,9.8899,9.8923,1.60,1.00
2010.02.16 15:01:21.427,9.8897,9.8923,4.00,1.60
2010.02.16 15:01:21.664,9.8898,9.8922,1.00,1.00
2010.02.16 15:01:21.906,9.8899,9.8922,1.60,1.00
2010.02.16 15:01:24.875,9.8901,9.8924,1.60,1.00
2010.02.16 15:01:29.509,9.8901,9.8923,1.60,1.00
2010.02.16 15:01:32.636,9.89,9.8923,2.00,1.00
2010.02.16 15:01:37.474,9.8901,9.8924,1.60,1.00
2010.02.16 15:01:39.156,9.89,9.8923,2.00,1.00
2010.02.16 15:01:43.597,9.89,9.8922,2.00,1.00
2010.02.16 15:01:49.542,9.89,9.8922,2.00,1.00
2010.02.16 15:01:55.550,9.89,9.8921,2.00,1.00
2010.02.16 15:02:01.598,9.8901,9.8921,1.00,1.00
2010.02.16 15:02:07.884,9.8901,9.8924,1.60,1.00
2010.02.16 15:02:10.297,9.89,9.8924,4.80,1.00
2010.02.16 15:02:10.734,9.89,9.8923,4.40,1.00
2010.02.16 15:02:10.965,9.89,9.8923,2.00,1.00
2010.02.16 15:02:13.576,9.89,9.8923,1.00,1.00
2010.02.16 15:02:13.905,9.89,9.8921,1.00,1.00
2010.02.16 15:02:14.233,9.8897,9.892,4.00,1.00
2010.02.16 15:02:14.550,9.8897,9.892,1.60,1.00
2010.02.16 15:02:17.989,9.8895,9.8913,6.40,1.60
2010.02.16 15:02:18.475,9.8895,9.89125,6.40,1.60
2010.02.16 15:02:19.056,9.8895,9.8913,6.40,1.60
2010.02.16 15:02:19.362,9.88945,9.8915,7.20,2.40
2010.02.16 15:02:19.665,9.8896,9.8919,1.60,1.00
2010.02.16 15:02:19.972,9.8899,9.8923,1.60,1.00
2010.02.16 15:02:20.266,9.8899,9.8923,1.60,1.70
2010.02.16 15:02:20.888,9.8899,9.8923,1.60,1.00
2010.02.16 15:02:21.986,9.8899,9.8921,1.60,1.00
2010.02.16 15:02:22.056,9.8897,9.892,2.40,1.60
2010.02.16 15:02:22.307,9.8894,9.892,1.60,1.60
2010.02.16 15:02:23.746,9.8894,9.8918,1.60,1.00
2010.02.16 15:02:24.506,9.8894,9.8917,1.60,1.00
2010.02.16 15:02:26.482,9.8894,9.8916,1.60,1.00
2010.02.16 15:02:30.653,9.89,9.8923,1.60,2.40
2010.02.16 15:02:30.983,9.89,9.8924,1.60,1.00
2010.02.16 15:02:36.808,9.89,9.8922,1.60,1.00
2010.02.16 15:02:37.010,9.8898,9.8922,2.40,1.00
2010.02.16 15:02:37.532,9.8897,9.8922,1.60,1.00
2010.02.16 15:02:38.926,9.8897,9.892,1.60,1.00
2010.02.16 15:02:41.587,9.8897,9.892,1.60,1.00
2010.02.16 15:02:47.738,9.8897,9.8919,1.60,1.00
2010.02.16 15:02:53.616,9.8898,9.8919,1.00,1.00
2010.02.16 15:02:59.001,9.8897,9.892,1.60,1.00
2010.02.16 15:03:07.644,9.8897,9.892,1.60,1.00
2010.02.16 15:03:09.473,9.8897,9.8923,1.60,1.60
2010.02.16 15:03:09.733,9.89,9.8924,1.60,1.00
2010.02.16 15:03:16.978,9.8897,9.8922,1.60,1.00
2010.02.16 15:03:17.621,9.8897,9.892,1.60,1.00
2010.02.16 15:03:20.563,9.8897,9.892,1.60,1.00
2010.02.16 15:03:21.843,9.8897,9.892,1.60,1.00
2010.02.16 15:03:24.434,9.8895,9.8913,1.00,1.60
2010.02.16 15:03:25.685,9.8895,9.8913,1.00,1.60
2010.02.16 15:03:26.061,9.8895,9.8908,1.00,1.60
2010.02.16 15:03:26.422,9.8878,9.8895,2.40,1.60
2010.02.16 15:03:26.784,9.8874,9.8893,1.00,2.40
2010.02.16 15:03:28.229,9.8875,9.8892,1.00,2.40
2010.02.16 15:03:28.585,9.8875,9.8891,1.00,2.40
2010.02.16 15:03:28.957,9.88745,9.8891,1.00,2.40
2010.02.16 15:03:32.911,9.8875,9.89,1.00,2.40
2010.02.16 15:03:33.584,9.8875,9.8903,1.00,2.40
2010.02.16 15:03:34.226,9.8877,9.89055,2.40,2.40
2010.02.16 15:03:34.747,9.8877,9.8907,2.40,2.40
2010.02.16 15:03:35.341,9.8885,9.8908,2.40,1.00
2010.02.16 15:03:36.318,9.8885,9.88995,2.40,1.60
2010.02.16 15:03:36.659,9.8872,9.8892,5.20,1.60
2010.02.16 15:03:37.311,9.8886,9.89045,2.40,1.00
2010.02.16 15:03:37.654,9.8885,9.88995,4.00,1.60
2010.02.16 15:03:37.997,9.8885,9.8908,1.60,1.00
2010.02.16 15:03:38.403,9.8885,9.8906,2.40,1.00
2010.02.16 15:03:38.771,9.8882,9.89045,4.00,1.00
2010.02.16 15:03:40.403,9.8875,9.89,1.00,1.60
2010.02.16 15:03:40.710,9.8874,9.89,1.60,1.60
2010.02.16 15:03:41.017,9.8875,9.8901,1.60,1.60
2010.02.16 15:03:43.713,9.8875,9.89,1.60,1.00
2010.02.16 15:03:44.680,9.8875,9.8899,1.60,1.00
2010.02.16 15:03:51.593,9.8875,9.8898,1.60,1.00
2010.02.16 15:04:03.737,9.8875,9.8897,1.60,1.00
2010.02.16 15:04:07.478,9.8874,9.8899,1.60,1.00
2010.02.16 15:04:10.624,9.8874,9.89,1.60,1.60
2010.02.16 15:04:10.749,9.88825,9.8903,1.60,2.40
2010.02.16 15:04:10.880,9.8883,9.89065,2.40,1.60
2010.02.16 15:04:11.010,9.8887,9.89095,1.60,1.00
2010.02.16 15:04:11.200,9.8887,9.8912,1.60,1.60
2010.02.16 15:04:11.388,9.8887,9.89125,1.60,1.00
2010.02.16 15:04:18.167,9.8894,9.8915,1.60,2.40
2010.02.16 15:04:18.778,9.8894,9.8919,1.60,1.00
2010.02.16 15:04:20.266,9.8894,9.8917,1.60,1.00
2010.02.16 15:04:20.750,9.8893,9.891,2.40,1.60
2010.02.16 15:04:21.019,9.8897,9.8922,1.60,1.00
2010.02.16 15:04:22.227,9.8897,9.8917,1.60,1.00
2010.02.16 15:04:22.579,9.8895,9.8915,1.20,1.60
2010.02.16 15:04:22.955,9.8895,9.8915,1.00,1.60
2010.02.16 15:04:23.306,9.8895,9.8914,1.00,1.00
2010.02.16 15:04:24.714,9.8895,9.8912,1.00,1.00
2010.02.16 15:04:25.739,9.8897,9.892,1.60,1.00
2010.02.16 15:04:27.344,9.8895,9.8918,2.40,1.00
2010.02.16 15:04:27.486,9.8895,9.8918,1.00,1.00
2010.02.16 15:04:28.393,9.8895,9.8918,1.00,1.60
2010.02.16 15:04:28.914,9.8895,9.8915,1.00,1.00
2010.02.16 15:04:35.722,9.8895,9.8915,1.20,1.00
2010.02.16 15:04:36.117,9.8897,9.892,1.60,1.00
2010.02.16 15:04:38.882,9.8898,9.8921,1.60,1.00
2010.02.16 15:04:39.370,9.8898,9.8922,1.60,1.00
2010.02.16 15:04:39.738,9.8899,9.8922,1.60,1.00
2010.02.16 15:04:43.600,9.8899,9.8921,1.60,1.00
2010.02.16 15:04:50.073,9.8899,9.8921,1.60,1.00
2010.02.16 15:04:50.351,9.8899,9.8921,1.60,1.00
2010.02.16 15:04:50.775,9.8898,9.8921,1.60,1.00
2010.02.16 15:04:54.736,9.8898,9.8921,1.60,1.00
2010.02.16 15:05:00.575,9.8898,9.892,1.60,1.00
2010.02.16 15:05:06.653,9.8899,9.892,1.00,1.00
2010.02.16 15:05:12.875,9.8899,9.8919,1.00,1.00
2010.02.16 15:05:18.948,9.89,9.8919,1.00,1.60
2010.02.16 15:05:20.009,9.8898,9.892,1.00,1.60
2010.02.16 15:05:30.521,9.8899,9.892,1.00,1.60
2010.02.16 15:05:31.069,9.8899,9.892,1.00,1.60
2010.02.16 15:05:36.579,9.8899,9.892,1.00,1.60
2010.02.16 15:05:42.987,9.89,9.892,1.00,1.60
2010.02.16 15:05:49.073,9.89,9.8919,1.00,1.00
2010.02.16 15:05:52.820,9.89,9.892,1.00,1.60
2010.02.16 15:05:53.204,9.89,9.8923,1.00,1.60
2010.02.16 15:05:53.418,9.8901,9.8923,2.40,1.60
2010.02.16 15:05:53.624,9.89025,9.8925,1.00,1.60
2010.02.16 15:05:54.395,9.8903,9.8926,3.20,1.60
2010.02.16 15:05:55.427,9.8903,9.8925,3.20,1.60
2010.02.16 15:05:55.589,9.8903,9.8925,2.40,1.60
2010.02.16 15:06:00.093,9.8904,9.8925,1.00,1.60
2010.02.16 15:06:04.865,9.8904,9.8926,1.00,1.60
2010.02.16 15:06:06.909,9.8904,9.8925,1.00,1.60
2010.02.16 15:06:07.102,9.8903,9.8925,2.40,1.60
2010.02.16 15:06:11.517,9.8904,9.8925,1.00,1.60
2010.02.16 15:06:11.862,9.8904,9.8925,1.00,1.60
2010.02.16 15:06:23.681,9.8905,9.8925,1.00,1.60
2010.02.16 15:06:29.468,9.8905,9.8925,1.00,1.60
2010.02.16 15:06:35.621,9.8906,9.8925,1.00,1.60
2010.02.16 15:06:39.213,9.8906,9.8925,1.00,1.00
2010.02.16 15:06:39.591,9.8904,9.8926,1.00,1.60
2010.02.16 15:06:44.673,9.8903,9.8925,2.40,1.60
2010.02.16 15:06:48.641,9.8904,9.8925,1.00,1.60
2010.02.16 15:07:00.637,9.8905,9.8925,1.00,1.60
2010.02.16 15:07:06.900,9.8905,9.8925,1.00,1.60
2010.02.16 15:07:09.104,9.8905,9.8927,1.00,1.60
2010.02.16 15:07:11.210,9.8906,9.8928,1.00,1.60
2010.02.16 15:07:21.798,9.8907,9.8928,1.00,1.60
2010.02.16 15:07:25.527,9.8905,9.8927,2.40,1.60
2010.02.16 15:07:29.826,9.8906,9.8927,1.00,1.60
2010.02.16 15:07:41.441,9.8915,9.894,2.40,1.60
2010.02.16 15:08:00.382,9.8912,9.8938,2.40,1.60
2010.02.16 15:08:02.658,9.8926,9.8952,2.40,1.60
2010.02.16 15:08:06.604,9.8929,9.895,1.00,1.60
2010.02.16 15:08:06.952,9.8929,9.895,1.00,1.60
2010.02.16 15:08:09.538,9.8929,9.8951,1.00,1.60
2010.02.16 15:08:14.236,9.8928,9.895,2.40,1.60
2010.02.16 15:08:14.541,9.8929,9.8951,1.00,1.60
2010.02.16 15:08:17.767,9.8928,9.8951,2.40,1.60
2010.02.16 15:08:18.234,9.893,9.89425,5.60,1.60
2010.02.16 15:08:20.652,9.8914,9.8929,1.00,1.60
2010.02.16 15:08:29.666,9.89105,9.8928,1.00,1.60
2010.02.16 15:09:25.710,9.8913,9.8935,2.40,1.60
2010.02.16 15:09:28.861,9.8913,9.8935,2.40,1.60
2010.02.16 15:09:29.215,9.89185,9.8942,1.60,2.40
2010.02.16 15:09:29.620,9.8919,9.8942,2.40,2.40
2010.02.16 15:09:29.989,9.892,9.8942,2.40,1.60
2010.02.16 15:09:32.694,9.8919,9.8942,2.40,1.60
2010.02.16 15:09:43.696,9.8919,9.8936,2.40,1.60
2010.02.16 15:09:44.302,9.8915,9.8936,1.00,1.60
2010.02.16 15:10:01.360,9.8915,9.8941,1.00,1.60
2010.02.16 15:10:01.997,9.8926,9.8941,1.00,1.60
2010.02.16 15:10:12.470,9.8919,9.8941,1.00,1.60
2010.02.16 15:10:33.504,9.8915,9.8941,1.00,1.60
2010.02.16 15:10:43.540,9.89145,9.8941,2.40,4.00
2010.02.16 15:10:50.886,9.89145,9.8938,1.00,1.60
2010.02.16 15:10:57.040,9.89145,9.8938,2.40,1.60
2010.02.16 15:10:57.403,9.89145,9.8941,2.40,4.00
2010.02.16 15:11:08.803,9.89145,9.8941,1.00,4.00
2010.02.16 15:11:26.760,9.8914,9.894,1.00,1.60
2010.02.16 15:11:37.313,9.8914,9.8941,1.00,4.00
2010.02.16 15:11:48.049,9.89085,9.8932,2.40,1.60
2010.02.16 15:11:48.192,9.89075,9.8932,1.60,1.60
2010.02.16 15:11:50.632,9.89075,9.8932,1.60,1.60
2010.02.16 15:11:50.788,9.89075,9.8932,1.60,1.00
2010.02.16 15:11:50.946,9.8907,9.893,1.00,1.00
2010.02.16 15:11:51.473,9.8904,9.893,1.60,1.00
2010.02.16 15:11:52.207,9.8904,9.893,1.60,1.60
2010.02.16 15:11:52.846,9.8904,9.8929,1.60,1.00
2010.02.16 15:11:54.644,9.8907,9.8932,1.00,1.60
2010.02.16 15:11:55.002,9.8924,9.894,1.60,1.20
2010.02.16 15:11:55.370,9.8923,9.8948,1.60,1.00
2010.02.16 15:11:55.771,9.8923,9.8945,1.60,1.00
2010.02.16 15:11:55.915,9.8917,9.8941,1.00,4.00
2010.02.16 15:11:57.140,9.8919,9.89385,1.00,1.60
2010.02.16 15:11:57.470,9.8906,9.8932,1.00,1.60
2010.02.16 15:11:58.460,9.8904,9.8932,1.60,1.60
2010.02.16 15:11:59.293,9.89135,9.8934,1.60,2.40
2010.02.16 15:11:59.638,9.89135,9.8939,1.60,1.00
2010.02.16 15:11:59.993,9.89135,9.89395,1.60,1.00
2010.02.16 15:12:08.434,9.89135,9.894,1.60,1.00
2010.02.16 15:12:09.015,9.89115,9.8939,1.60,2.40
2010.02.16 15:12:09.368,9.89135,9.8941,1.60,2.30
2010.02.16 15:12:11.876,9.8907,9.8933,1.60,1.60
2010.02.16 15:12:14.185,9.89065,9.8932,1.60,1.60
2010.02.16 15:12:17.518,9.89065,9.8932,1.60,1.60
2010.02.16 15:12:22.633,9.8925,9.8932,1.60,1.00
2010.02.16 15:12:22.724,9.8925,9.8934,1.60,2.40
2010.02.16 15:12:22.813,9.8925,9.8954,1.60,1.00
2010.02.16 15:12:22.902,9.8924,9.8952,2.40,1.60
2010.02.16 15:12:22.991,9.89215,9.8952,2.40,1.60
2010.02.16 15:12:23.343,9.892,9.8952,1.60,1.60
2010.02.16 15:12:24.621,9.8924,9.8948,1.60,1.00
2010.02.16 15:12:33.905,9.8924,9.8947,1.60,1.00
2010.02.16 15:12:34.448,9.89205,9.8945,1.00,1.60
2010.02.16 15:12:34.673,9.8919,9.8945,1.60,1.60
2010.02.16 15:12:36.669,9.8919,9.8942,1.60,1.00
2010.02.16 15:12:38.475,9.8919,9.8941,1.60,1.00
2010.02.16 15:12:38.786,9.8918,9.8941,1.60,1.00
2010.02.16 15:12:42.034,9.8918,9.894,1.60,1.00
2010.02.16 15:12:42.385,9.8901,9.8929,1.00,1.60
2010.02.16 15:12:42.799,9.8898,9.8927,2.40,1.60
2010.02.16 15:12:42.854,9.8897,9.89265,1.60,1.00
2010.02.16 15:12:42.910,9.89005,9.8926,1.00,1.00
2010.02.16 15:12:43.010,9.8899,9.8926,1.60,1.00
2010.02.16 15:12:43.437,9.8901,9.8927,1.60,1.60
2010.02.16 15:12:43.729,9.8906,9.8932,1.60,1.60
2010.02.16 15:12:44.020,9.8907,9.8933,1.60,1.60
2010.02.16 15:12:45.196,9.8907,9.89295,1.60,1.60
2010.02.16 15:12:45.547,9.8895,9.8923,1.60,1.60
2010.02.16 15:12:47.581,9.8897,9.8922,1.60,1.00
2010.02.16 15:12:48.901,9.8898,9.8923,1.00,1.60
2010.02.16 15:12:49.258,9.8907,9.8929,1.60,1.00
2010.02.16 15:12:49.860,9.8907,9.893,1.60,1.00
2010.02.16 15:12:50.540,9.8906,9.8931,1.60,1.00
2010.02.16 15:12:51.310,9.8907,9.89315,1.60,1.00
2010.02.16 15:12:51.547,9.8895,9.8923,1.60,1.60
2010.02.16 15:12:53.621,9.8897,9.8921,1.60,1.00
2010.02.16 15:12:54.731,9.8897,9.892,1.60,1.00
2010.02.16 15:12:55.648,9.8897,9.892,1.60,1.00
2010.02.16 15:13:01.584,9.8897,9.8919,1.60,1.00
2010.02.16 15:13:07.813,9.8898,9.8919,1.00,1.00
2010.02.16 15:13:07.919,9.8898,9.8919,1.00,1.00
2010.02.16 15:13:13.554,9.8898,9.8918,1.00,1.00
2010.02.16 15:13:19.602,9.8899,9.8918,1.00,1.00
2010.02.16 15:13:21.843,9.8897,9.892,1.60,1.00
2010.02.16 15:13:25.489,9.8897,9.8919,1.60,1.00
2010.02.16 15:13:29.632,9.8899,9.8919,1.60,1.00
2010.02.16 15:13:29.999,9.8899,9.8922,1.60,1.00
2010.02.16 15:13:30.364,9.8898,9.892,2.40,1.00
2010.02.16 15:13:31.060,9.8897,9.892,1.60,1.00
2010.02.16 15:13:31.402,9.8896,9.8919,1.60,1.00
2010.02.16 15:13:36.108,9.8896,9.8919,1.60,1.00
2010.02.16 15:13:40.965,9.8889,9.8905,1.00,1.60
2010.02.16 15:13:41.409,9.888,9.8905,1.00,1.60
2010.02.16 15:13:41.648,9.8877,9.8905,1.60,1.60
2010.02.16 15:13:43.763,9.8875,9.8895,3.20,1.60
2010.02.16 15:13:44.430,9.8872,9.8893,1.00,2.40
2010.02.16 15:13:44.797,9.88705,9.8891,1.00,2.40
2010.02.16 15:14:27.923,9.88705,9.889,1.00,2.40
2010.02.16 15:14:28.051,9.88695,9.889,1.00,2.40
2010.02.16 15:14:45.578,9.8869,9.889,1.00,2.40
2010.02.16 15:14:49.073,9.88685,9.889,1.00,2.40
2010.02.16 15:15:28.076,9.88685,9.8892,1.00,1.60
2010.02.16 15:15:37.227,9.8868,9.8892,1.00,1.60
2010.02.16 15:15:58.923,9.88675,9.8892,1.00,1.60
2010.02.16 15:16:50.472,9.8869,9.8895,1.60,1.60
2010.02.16 15:17:00.515,9.8869,9.8894,1.60,1.00
2010.02.16 15:17:10.376,9.88675,9.889,1.00,1.60
2010.02.16 15:17:20.807,9.8869,9.8895,1.60,1.60
2010.02.16 15:17:21.133,9.8872,9.8895,2.40,1.60
2010.02.16 15:17:25.602,9.8872,9.8895,2.40,1.60
2010.02.16 15:17:37.520,9.8873,9.8895,1.00,1.60
2010.02.16 15:17:49.755,9.8874,9.8895,1.00,1.60
2010.02.16 15:18:04.735,9.8875,9.8896,2.40,1.00
2010.02.16 15:18:05.204,9.8875,9.8897,2.40,1.60
2010.02.16 15:18:05.615,9.8875,9.8897,2.40,1.60
2010.02.16 15:18:08.719,9.8876,9.8897,1.00,1.60
2010.02.16 15:18:20.584,9.8877,9.8897,1.00,1.60
2010.02.16 15:18:26.107,9.8875,9.8897,2.40,1.60
2010.02.16 15:18:26.682,9.8872,9.8894,2.40,1.60
2010.02.16 15:18:31.052,9.8872,9.8894,2.40,1.60
2010.02.16 15:18:36.268,9.8872,9.8894,2.40,1.60
2010.02.16 15:18:36.625,9.8871,9.8893,2.40,1.60
2010.02.16 15:18:40.794,9.8872,9.8893,1.00,1.60
2010.02.16 15:18:41.409,9.8871,9.8893,1.00,1.60
2010.02.16 15:18:45.785,9.8873,9.8893,1.00,1.60
2010.02.16 15:18:45.998,9.8873,9.8895,1.00,1.60
2010.02.16 15:18:46.216,9.8873,9.8895,2.40,1.60
2010.02.16 15:18:47.849,9.8873,9.8893,2.40,1.60
2010.02.16 15:18:48.058,9.8871,9.8893,1.00,1.60
2010.02.16 15:18:59.191,9.8872,9.8893,1.00,1.60
2010.02.16 15:19:04.546,9.8872,9.8893,1.00,1.60
2010.02.16 15:19:07.467,9.8871,9.8893,1.00,1.60
2010.02.16 15:19:07.788,9.88735,9.8893,1.00,1.60
2010.02.16 15:19:11.072,9.8872,9.8894,1.00,1.60
2010.02.16 15:19:12.095,9.887,9.8889,1.00,1.60
2010.02.16 15:19:12.329,9.88705,9.8889,1.60,1.60
2010.02.16 15:19:12.912,9.887,9.8889,1.00,1.60
2010.02.16 15:19:28.504,9.887,9.8889,1.00,1.60
2010.02.16 15:19:32.376,9.887,9.8888,1.00,1.60
2010.02.16 15:19:32.817,9.887,9.8889,1.00,1.60
2010.02.16 15:19:34.379,9.88695,9.8889,1.00,1.60
2010.02.16 15:19:34.937,9.8871,9.8893,2.40,1.60
2010.02.16 15:19:35.246,9.8869,9.8884,1.00,1.60
2010.02.16 15:19:35.941,9.88685,9.8884,1.00,1.60
2010.02.16 15:19:36.663,9.88685,9.8884,2.40,1.60
2010.02.16 15:19:37.537,9.88685,9.8884,1.00,1.60
2010.02.16 15:19:59.618,9.88685,9.88815,1.00,1.60
2010.02.16 15:19:59.840,9.8856,9.88815,2.40,1.60
2010.02.16 15:20:08.190,9.8858,9.88805,2.40,1.60
2010.02.16 15:20:12.751,9.8858,9.88825,2.40,1.60
2010.02.16 15:20:14.134,9.8858,9.8884,2.40,3.20
2010.02.16 15:20:14.515,9.8858,9.88805,2.40,1.60
2010.02.16 15:20:15.223,9.8858,9.88815,2.40,1.60
2010.02.16 15:20:15.649,9.8858,9.88825,2.40,1.60
2010.02.16 15:20:16.300,9.8858,9.88805,2.40,1.60
2010.02.16 15:20:16.700,9.8857,9.88805,2.40,1.60
2010.02.16 15:20:17.036,9.8857,9.8881,2.40,1.60
2010.02.16 15:20:17.369,9.8857,9.88805,2.40,1.60
2010.02.16 15:20:17.668,9.8857,9.8881,2.40,1.60
2010.02.16 15:20:18.101,9.8857,9.88805,2.40,1.60
2010.02.16 15:20:18.398,9.8857,9.8881,2.40,1.60
2010.02.16 15:20:18.997,9.8857,9.88815,2.40,1.60
2010.02.16 15:20:19.338,9.8857,9.88805,2.40,1.60
2010.02.16 15:20:20.016,9.8857,9.88815,2.40,1.60
2010.02.16 15:20:20.652,9.8857,9.88805,2.40,1.60
2010.02.16 15:20:20.917,9.8857,9.88815,2.40,1.60
2010.02.16 15:20:21.167,9.8857,9.88805,2.40,1.60
2010.02.16 15:20:22.537,9.8858,9.88805,2.40,1.60
2010.02.16 15:20:23.725,9.8858,9.88815,2.40,1.60
2010.02.16 15:20:24.327,9.8857,9.88815,2.40,1.60
2010.02.16 15:20:24.662,9.8857,9.88805,2.40,1.60
2010.02.16 15:20:24.986,9.8857,9.88815,2.40,1.60
2010.02.16 15:20:25.314,9.8857,9.88805,2.40,1.60
2010.02.16 15:20:48.015,9.8857,9.8882,2.40,1.60
2010.02.16 15:20:48.200,9.886,9.8882,2.40,1.60
2010.02.16 15:21:19.889,9.8846,9.8872,3.20,1.60
2010.02.16 15:21:20.726,9.8846,9.8872,2.40,1.60
2010.02.16 15:21:22.581,9.8857,9.88775,2.40,2.40
2010.02.16 15:21:23.276,9.8857,9.88815,2.40,1.00
2010.02.16 15:21:57.876,9.885,9.8873,2.40,1.60
2010.02.16 15:22:12.075,9.885,9.8875,2.40,1.60
2010.02.16 15:22:12.210,9.8851,9.8875,1.00,1.60
2010.02.16 15:22:12.347,9.8853,9.8875,2.40,1.60
2010.02.16 15:22:13.074,9.8852,9.8875,2.40,1.60
2010.02.16 15:22:16.595,9.8852,9.8875,2.40,1.60
2010.02.16 15:22:20.114,9.8854,9.8875,1.00,1.60
2010.02.16 15:22:28.495,9.8855,9.8875,1.00,1.60
2010.02.16 15:22:41.300,9.8856,9.8875,1.00,1.60
2010.02.16 15:23:40.511,9.8853,9.8875,1.00,1.60
2010.02.16 15:23:40.861,9.8856,9.8875,1.00,1.60
2010.02.16 15:23:43.189,9.8854,9.8875,1.00,1.60
2010.02.16 15:23:43.471,9.8854,9.8875,1.00,1.60
2010.02.16 15:23:43.606,9.8854,9.8876,1.00,1.60
2010.02.16 15:23:43.738,9.8854,9.8876,1.00,1.60
2010.02.16 15:23:44.511,9.8853,9.8875,3.20,1.60
2010.02.16 15:23:44.753,9.8854,9.8876,1.00,1.60
2010.02.16 15:23:45.555,9.8853,9.8876,2.40,1.60
2010.02.16 15:23:45.969,9.8853,9.8875,2.40,1.60
2010.02.16 15:23:49.511,9.8854,9.8875,1.00,1.60
2010.02.16 15:23:52.195,9.8856,9.8878,1.00,1.60
2010.02.16 15:23:53.895,9.8858,9.8878,1.00,1.60
2010.02.16 15:23:56.400,9.8855,9.8878,2.40,1.60
2010.02.16 15:23:56.718,9.885,9.8873,2.40,1.60
2010.02.16 15:23:57.345,9.885,9.8879,2.40,2.40
2010.02.16 15:23:58.565,9.885,9.8873,2.40,1.60
2010.02.16 15:23:59.130,9.8851,9.8873,2.40,1.60
2010.02.16 15:23:59.512,9.885,9.8873,2.40,1.60
2010.02.16 15:24:15.585,9.885,9.8873,2.40,1.60
2010.02.16 15:24:27.586,9.8851,9.8873,1.00,1.60
2010.02.16 15:24:38.709,9.8851,9.8873,2.40,1.60
2010.02.16 15:24:54.967,9.8851,9.8873,2.40,1.60
2010.02.16 15:25:07.041,9.8854,9.8876,2.40,1.60
2010.02.16 15:25:07.664,9.8853,9.8875,2.40,1.60
2010.02.16 15:25:11.533,9.8853,9.8875,2.40,1.60
2010.02.16 15:25:23.622,9.88535,9.8875,1.00,1.60
2010.02.16 15:25:35.764,9.8855,9.8875,1.00,1.60
2010.02.16 15:26:03.293,9.8853,9.8875,2.40,1.60
2010.02.16 15:26:03.495,9.88495,9.8866,1.00,1.60
2010.02.16 15:26:03.691,9.8846,9.8866,1.00,1.60
2010.02.16 15:26:03.890,9.8845,9.8866,1.00,1.60
2010.02.16 15:26:04.092,9.8845,9.8865,1.00,1.60
2010.02.16 15:26:06.684,9.8842,9.88645,2.40,1.60
2010.02.16 15:26:07.337,9.8835,9.8854,1.00,1.60
2010.02.16 15:26:07.525,9.884,9.88695,2.40,1.00
2010.02.16 15:26:13.950,9.88445,9.88675,1.60,1.00
2010.02.16 15:26:14.120,9.8849,9.887,1.60,2.40
2010.02.16 15:26:14.549,9.8852,9.8875,2.40,1.60
2010.02.16 15:26:18.530,9.8852,9.8875,2.40,1.60
2010.02.16 15:26:19.815,9.8852,9.8872,2.40,1.60
2010.02.16 15:26:20.023,9.8845,9.8872,1.00,5.60
2010.02.16 15:26:20.226,9.88445,9.887,1.00,2.40
2010.02.16 15:26:20.613,9.88445,9.887,1.00,4.00
2010.02.16 15:26:21.149,9.8844,9.8869,1.00,4.00
2010.02.16 15:26:21.503,9.8843,9.8867,1.00,1.60
2010.02.16 15:26:22.195,9.8843,9.8866,1.00,1.60
2010.02.16 15:26:26.667,9.8849,9.8872,2.40,1.60
2010.02.16 15:26:30.771,9.8849,9.8872,2.40,1.60
2010.02.16 15:26:42.503,9.885,9.8872,1.00,1.60
2010.02.16 15:26:51.211,9.8852,9.8879,1.60,3.20
2010.02.16 15:26:51.565,9.886,9.8881,2.40,1.00
2010.02.16 15:26:52.534,9.886,9.88815,2.40,1.00
2010.02.16 15:27:11.064,9.886,9.88825,2.40,1.00
2010.02.16 15:27:52.397,9.8855,9.88825,1.00,1.00
2010.02.16 15:28:03.065,9.8855,9.88825,1.00,2.30
2010.02.16 15:28:11.599,9.8853,9.88825,1.60,2.30
2010.02.16 15:28:11.938,9.8853,9.88795,2.40,2.10
2010.02.16 15:28:12.268,9.885,9.88785,1.00,1.60
2010.02.16 15:28:13.060,9.885,9.8877,1.00,2.40
2010.02.16 15:28:15.159,9.885,9.8876,1.00,2.40
2010.02.16 15:28:15.414,9.885,9.88775,1.00,1.60
2010.02.16 15:28:15.622,9.885,9.8877,1.00,2.40
2010.02.16 15:28:16.940,9.885,9.8878,1.00,2.40
2010.02.16 15:28:17.303,9.885,9.8877,1.00,2.40
2010.02.16 15:28:18.101,9.88505,9.8878,1.00,2.40
2010.02.16 15:28:20.114,9.88445,9.887,1.00,4.00
2010.02.16 15:28:21.181,9.88445,9.885,1.00,1.60
2010.02.16 15:28:21.383,9.88355,9.885,2.40,1.60
2010.02.16 15:28:21.589,9.8823,9.885,1.00,1.60
2010.02.16 15:28:22.280,9.8827,9.8851,2.40,1.60
2010.02.16 15:28:22.889,9.8829,9.885,2.40,1.60
2010.02.16 15:28:23.082,9.8828,9.885,2.40,1.60
2010.02.16 15:28:23.331,9.8823,9.8843,1.00,1.60
2010.02.16 15:28:23.569,9.8824,9.8843,1.00,1.60
2010.02.16 15:28:23.807,9.8824,9.8844,1.00,1.60
2010.02.16 15:28:24.049,9.8823,9.8844,1.00,1.60
2010.02.16 15:28:24.501,9.8823,9.8843,1.00,1.60
2010.02.16 15:28:24.654,9.8821,9.8841,1.00,1.60
2010.02.16 15:28:27.088,9.88295,9.8848,1.60,1.00
2010.02.16 15:28:27.320,9.8829,9.8855,2.40,1.00
2010.02.16 15:28:27.547,9.88295,9.8855,1.60,1.00
2010.02.16 15:28:27.777,9.8829,9.8855,2.40,1.00
2010.02.16 15:28:28.006,9.8832,9.8855,2.40,1.00
2010.02.16 15:28:29.620,9.8834,9.8855,2.40,1.00
2010.02.16 15:28:30.685,9.8836,9.8855,1.00,1.00
2010.02.16 15:28:37.151,9.8846,9.887,2.40,1.00
2010.02.16 15:28:37.417,9.8846,9.88705,2.40,1.00
2010.02.16 15:28:37.681,9.8846,9.8872,2.40,1.60
2010.02.16 15:28:43.305,9.8848,9.8868,2.40,1.60
2010.02.16 15:28:43.672,9.8846,9.8868,2.40,1.60
2010.02.16 15:28:44.036,9.8846,9.8869,2.40,1.60
2010.02.16 15:28:47.444,9.8848,9.8871,2.40,1.60
2010.02.16 15:28:48.586,9.8848,9.8871,2.40,1.60
2010.02.16 15:28:51.551,9.8849,9.8871,1.00,1.60
2010.02.16 15:29:03.582,9.885,9.8871,1.00,1.60
2010.02.16 15:29:10.198,9.88465,9.8868,1.00,1.60
2010.02.16 15:29:14.116,9.88465,9.8869,1.00,1.60
2010.02.16 15:29:18.353,9.88485,9.8869,1.60,1.60
2010.02.16 15:29:18.587,9.88485,9.8871,1.60,1.60
2010.02.16 15:29:18.816,9.8852,9.8871,1.00,1.60
2010.02.16 15:29:20.288,9.8858,9.8878,2.40,1.00
2010.02.16 15:29:20.497,9.8858,9.889,2.40,2.40
2010.02.16 15:29:20.704,9.886,9.8892,2.40,2.40
2010.02.16 15:29:22.505,9.8861,9.8891,2.40,2.40
2010.02.16 15:29:23.246,9.88605,9.889,1.00,2.40
2010.02.16 15:29:24.036,9.8861,9.8891,3.20,2.40
2010.02.16 15:29:26.509,9.88615,9.889,1.00,2.40
2010.02.16 15:29:26.876,9.8862,9.8891,1.00,2.40
2010.02.16 15:29:42.932,9.88615,9.8882,1.00,1.00
2010.02.16 15:29:44.060,9.88615,9.8883,1.00,2.80
2010.02.16 15:29:48.230,9.88615,9.8882,1.00,1.00
2010.02.16 15:29:49.138,9.88615,9.8883,1.00,2.40
2010.02.16 15:29:51.053,9.88615,9.8882,1.00,1.00
2010.02.16 15:29:51.586,9.8872,9.8882,1.60,1.00
2010.02.16 15:29:51.917,9.8872,9.88995,1.60,1.00
2010.02.16 15:30:06.820,9.88805,9.88975,1.60,1.00
2010.02.16 15:30:07.390,9.88805,9.8907,1.60,1.00
2010.02.16 15:30:07.745,9.88805,9.891,1.60,3.10
2010.02.16 15:30:12.003,9.88805,9.8908,1.60,1.60
2010.02.16 15:30:16.351,9.88775,9.88995,2.40,1.60
2010.02.16 15:30:16.543,9.8873,9.88995,1.00,1.60
2010.02.16 15:30:20.492,9.888,9.89025,2.40,1.60
2010.02.16 15:30:31.425,9.888,9.89045,2.40,2.30
2010.02.16 15:30:31.696,9.888,9.8902,2.40,1.00
2010.02.16 15:30:31.988,9.8886,9.8902,2.40,1.00
2010.02.16 15:30:33.141,9.8873,9.8898,2.40,1.60
2010.02.16 15:30:56.833,9.887,9.8893,2.40,1.60
2010.02.16 15:31:13.086,9.887,9.8893,2.40,1.60
2010.02.16 15:31:25.034,9.8871,9.8893,1.00,1.60
2010.02.16 15:31:29.973,9.8868,9.8893,1.00,1.60
2010.02.16 15:31:30.084,9.8868,9.8888,1.00,1.60
2010.02.16 15:31:30.192,9.8865,9.8885,2.40,1.60
2010.02.16 15:31:30.603,9.8863,9.8885,2.40,1.60
2010.02.16 15:31:31.529,9.8863,9.8885,1.00,1.60
2010.02.16 15:31:35.933,9.8864,9.8885,1.00,1.60
2010.02.16 15:31:36.456,9.8863,9.8885,1.00,1.60
2010.02.16 15:31:36.815,9.8863,9.8885,2.40,1.60
2010.02.16 15:31:40.539,9.8864,9.8885,1.00,1.60
2010.02.16 15:31:42.314,9.8863,9.8885,2.40,1.60
2010.02.16 15:31:46.527,9.8864,9.8885,1.00,1.60
2010.02.16 15:31:47.649,9.8863,9.8885,2.40,1.60
2010.02.16 15:31:49.743,9.8896,9.8905,2.40,2.10
2010.02.16 15:31:50.236,9.88835,9.8907,1.60,1.00
2010.02.16 15:31:50.603,9.8879,9.8898,1.00,2.40
2010.02.16 15:31:51.274,9.8885,9.8896,3.20,2.40
2010.02.16 15:31:51.522,9.88825,9.8898,1.00,1.60
2010.02.16 15:31:56.586,9.88805,9.8903,1.00,1.60
2010.02.16 15:32:03.703,9.888,9.8903,3.20,1.60
2010.02.16 15:32:05.012,9.8881,9.8903,2.40,1.60
2010.02.16 15:32:05.791,9.888,9.8903,2.40,1.60
2010.02.16 15:32:09.253,9.88835,9.8908,1.00,1.60
2010.02.16 15:32:09.882,9.8885,9.8908,2.40,1.60
2010.02.16 15:32:11.647,9.8886,9.8908,1.00,1.60
2010.02.16 15:32:13.124,9.8886,9.8908,2.40,1.60
2010.02.16 15:32:14.915,9.8886,9.8908,1.00,1.60
2010.02.16 15:32:15.095,9.8887,9.8908,1.00,1.60
2010.02.16 15:32:15.669,9.88925,9.8914,1.00,1.00
2010.02.16 15:32:15.849,9.88915,9.8914,1.00,1.00
2010.02.16 15:32:17.337,9.8904,9.89215,2.40,4.00
2010.02.16 15:32:17.712,9.8904,9.89265,2.40,1.00
2010.02.16 15:32:20.907,9.8906,9.89235,2.40,1.60
2010.02.16 15:32:21.276,9.8906,9.8921,2.40,1.00
2010.02.16 15:32:21.608,9.8902,9.89175,2.40,1.00
2010.02.16 15:32:22.669,9.8902,9.89055,2.40,1.60
2010.02.16 15:32:23.536,9.8897,9.89055,2.40,1.60
2010.02.16 15:32:23.970,9.8897,9.89045,2.40,1.60
2010.02.16 15:32:26.020,9.8897,9.89095,4.00,1.00
2010.02.16 15:32:26.386,9.8898,9.8916,2.40,1.00
2010.02.16 15:32:34.406,9.8903,9.893,2.40,2.30
2010.02.16 15:32:35.176,9.8904,9.8932,1.60,1.60
2010.02.16 15:32:35.659,9.8904,9.893,1.00,1.60
2010.02.16 15:32:36.408,9.8904,9.893,1.60,1.60
2010.02.16 15:32:37.199,9.8904,9.89295,1.60,1.60
2010.02.16 15:32:39.986,9.8904,9.893,1.60,1.60
2010.02.16 15:32:40.333,9.8904,9.89295,1.60,1.60
2010.02.16 15:32:43.583,9.8904,9.89285,1.60,1.60
2010.02.16 15:32:51.715,9.8904,9.89275,1.60,1.60
2010.02.16 15:32:59.823,9.8903,9.89275,2.40,1.60
2010.02.16 15:33:00.381,9.8904,9.89275,1.60,1.60
2010.02.16 15:33:02.476,9.8909,9.89275,1.60,1.60
2010.02.16 15:33:03.251,9.89,9.8918,1.00,1.60
2010.02.16 15:33:04.055,9.8892,9.8915,1.60,2.40
2010.02.16 15:33:05.186,9.8894,9.892,1.60,1.60
2010.02.16 15:33:05.707,9.8892,9.8915,2.40,1.60
2010.02.16 15:33:06.549,9.88935,9.8915,1.60,1.60
2010.02.16 15:33:07.348,9.89005,9.8915,1.60,1.60
2010.02.16 15:33:07.979,9.8897,9.892,2.40,1.60
2010.02.16 15:33:09.898,9.8893,9.8915,2.40,1.60
2010.02.16 15:33:12.447,9.8892,9.8915,2.40,1.60
2010.02.16 15:33:14.214,9.8891,9.8915,3.20,1.60
2010.02.16 15:33:14.953,9.889,9.8914,2.40,1.60
2010.02.16 15:33:19.791,9.8897,9.8919,2.40,1.60
2010.02.16 15:33:19.986,9.8897,9.8915,2.40,1.60
2010.02.16 15:33:20.173,9.8892,9.8915,2.40,1.60
2010.02.16 15:33:20.877,9.8897,9.892,2.40,1.60
2010.02.16 15:33:21.618,9.8897,9.8919,2.40,5.20
2010.02.16 15:33:21.986,9.8888,9.8907,1.00,2.40
2010.02.16 15:33:23.667,9.8888,9.889,1.00,1.60
2010.02.16 15:33:24.015,9.88635,9.889,4.00,1.60
2010.02.16 15:33:24.674,9.88605,9.8883,1.60,1.60
2010.02.16 15:33:24.980,9.88665,9.889,1.60,3.20
2010.02.16 15:33:25.420,9.8873,9.8895,2.40,1.60
2010.02.16 15:33:27.058,9.8873,9.8895,7.60,1.60
2010.02.16 15:33:27.521,9.8885,9.8901,2.40,1.00
2010.02.16 15:33:27.886,9.8885,9.89075,2.40,1.00
2010.02.16 15:33:29.851,9.8884,9.8908,2.40,1.00
2010.02.16 15:33:30.443,9.8884,9.89085,2.40,1.60
2010.02.16 15:33:30.672,9.8885,9.89075,2.40,1.60
2010.02.16 15:33:31.323,9.8879,9.8898,1.00,1.60
2010.02.16 15:33:31.677,9.8875,9.8898,1.00,1.60
2010.02.16 15:33:32.673,9.88735,9.8896,1.00,1.60
2010.02.16 15:33:33.153,9.88735,9.8895,1.00,1.60
2010.02.16 15:33:33.525,9.8873,9.8895,2.40,1.60
2010.02.16 15:33:34.294,9.88705,9.8886,2.40,1.60
2010.02.16 15:33:34.676,9.887,9.8876,4.00,1.60
2010.02.16 15:33:35.039,9.88515,9.8876,1.00,1.60
2010.02.16 15:33:35.973,9.8861,9.889,2.40,1.60
2010.02.16 15:33:36.775,9.8872,9.88955,2.40,1.00
2010.02.16 15:33:38.908,9.8882,9.89065,2.40,1.60
2010.02.16 15:33:40.673,9.8884,9.89075,2.40,1.60
2010.02.16 15:33:41.606,9.8884,9.89065,2.40,1.60
2010.02.16 15:33:42.266,9.8885,9.89065,2.40,1.60
2010.02.16 15:33:43.523,9.8887,9.89085,2.40,1.60
2010.02.16 15:33:47.030,9.8887,9.89075,2.40,1.60
2010.02.16 15:33:47.744,9.8884,9.89055,2.40,1.00
2010.02.16 15:33:53.259,9.8884,9.89075,2.40,1.60
2010.02.16 15:33:55.345,9.8884,9.89085,2.40,1.60
2010.02.16 15:33:56.369,9.8884,9.89075,2.40,1.60
2010.02.16 15:33:56.839,9.8886,9.89075,1.60,1.60
2010.02.16 15:33:57.078,9.889,9.8912,2.40,1.60
2010.02.16 15:33:57.689,9.8889,9.8912,2.40,1.60
2010.02.16 15:34:12.160,9.88945,9.8912,2.40,1.60
2010.02.16 15:34:12.612,9.8897,9.89185,2.40,1.00
2010.02.16 15:34:12.978,9.8897,9.8919,2.40,1.60
2010.02.16 15:34:14.523,9.8897,9.8907,2.40,1.00
2010.02.16 15:34:15.392,9.8897,9.8921,2.40,1.60
2010.02.16 15:34:16.730,9.8897,9.8919,2.40,1.60
2010.02.16 15:34:26.647,9.8889,9.8912,2.40,1.60
2010.02.16 15:34:27.009,9.889,9.8913,2.40,1.60
2010.02.16 15:34:28.465,9.889,9.8912,2.40,1.60
2010.02.16 15:34:28.817,9.889,9.8913,2.40,1.60
2010.02.16 15:34:32.989,9.8897,9.892,2.40,1.60
2010.02.16 15:34:33.839,9.8898,9.892,2.40,1.60
2010.02.16 15:34:39.243,9.8898,9.89175,2.40,1.60
2010.02.16 15:34:39.604,9.8891,9.8913,2.40,1.60
2010.02.16 15:34:58.794,9.8898,9.892,2.40,2.40
2010.02.16 15:34:59.130,9.8898,9.892,2.40,1.60
2010.02.16 15:35:00.063,9.8897,9.892,2.40,1.60
2010.02.16 15:35:03.505,9.8897,9.892,2.40,1.60
2010.02.16 15:35:15.758,9.8898,9.892,1.00,1.60
2010.02.16 15:35:27.906,9.8899,9.892,1.00,1.60
2010.02.16 15:35:49.319,9.89095,9.892,1.60,1.60
2010.02.16 15:35:49.679,9.8911,9.8939,2.40,1.00
2010.02.16 15:35:50.262,9.8906,9.8932,2.40,1.60
2010.02.16 15:35:51.224,9.8908,9.8925,2.40,1.60
2010.02.16 15:35:51.959,9.8903,9.8925,2.40,1.60
2010.02.16 15:36:03.584,9.8886,9.8912,2.40,1.60
2010.02.16 15:36:08.121,9.8888,9.8911,2.40,1.60
2010.02.16 15:36:10.076,9.8888,9.8916,2.40,1.60
2010.02.16 15:36:10.785,9.88965,9.8916,1.60,1.60
2010.02.16 15:36:11.521,9.89,9.89245,2.40,1.00
2010.02.16 15:36:12.463,9.88875,9.8915,1.00,1.60
2010.02.16 15:36:12.827,9.88945,9.8915,1.60,1.60
2010.02.16 15:36:13.250,9.88875,9.8915,1.00,1.60
2010.02.16 15:36:14.376,9.88925,9.8918,1.60,2.40
2010.02.16 15:36:14.714,9.8895,9.892,2.40,1.00
2010.02.16 15:36:17.069,9.8895,9.892,2.40,1.00
2010.02.16 15:36:17.917,9.8896,9.892,1.00,1.00
2010.02.16 15:36:18.943,9.8896,9.8919,1.00,1.00
2010.02.16 15:36:22.819,9.8888,9.8915,2.40,1.60
2010.02.16 15:36:32.487,9.8888,9.8907,2.40,1.60
2010.02.16 15:36:33.191,9.88815,9.8907,1.00,1.60
2010.02.16 15:36:34.743,9.88815,9.8903,1.00,1.00
2010.02.16 15:36:35.224,9.8889,9.8903,1.00,1.00
2010.02.16 15:36:35.405,9.88905,9.8908,1.60,2.40
2010.02.16 15:36:35.922,9.8895,9.8912,2.40,1.00
2010.02.16 15:36:36.286,9.8895,9.892,2.40,1.00
2010.02.16 15:36:37.255,9.88895,9.8915,1.60,1.60
2010.02.16 15:36:37.524,9.8888,9.8915,2.40,1.60
2010.02.16 15:36:43.712,9.8888,9.8913,2.40,1.60
2010.02.16 15:36:43.891,9.8885,9.8913,2.40,1.60
2010.02.16 15:36:44.264,9.8886,9.8913,2.40,1.60
2010.02.16 15:36:45.410,9.8885,9.8913,2.40,1.60
2010.02.16 15:36:54.504,9.8885,9.891,2.40,1.60
2010.02.16 15:36:55.185,9.8881,9.8905,1.00,1.60
2010.02.16 15:36:55.542,9.8891,9.8917,2.40,1.60
2010.02.16 15:36:55.900,9.8891,9.892,2.40,1.00
2010.02.16 15:36:56.905,9.8893,9.8917,2.40,1.00
2010.02.16 15:36:58.827,9.8893,9.8917,2.40,1.00
2010.02.16 15:37:00.994,9.8894,9.8917,1.00,1.00
2010.02.16 15:37:03.192,9.8896,9.892,1.00,1.00
2010.02.16 15:37:05.316,9.8896,9.892,2.40,1.00
2010.02.16 15:37:06.233,9.89,9.8925,2.40,1.00
2010.02.16 15:37:07.801,9.8901,9.8925,1.00,1.00
2010.02.16 15:37:09.102,9.89,9.8923,2.40,1.00
2010.02.16 15:37:09.538,9.8896,9.8921,1.00,1.00
2010.02.16 15:37:09.916,9.8894,9.8921,1.00,1.00
2010.02.16 15:37:10.622,9.8893,9.8918,2.40,1.00
2010.02.16 15:37:10.846,9.8891,9.8918,2.40,1.00
2010.02.16 15:37:11.623,9.8891,9.8915,2.40,1.00
2010.02.16 15:37:12.670,9.8894,9.8918,1.00,1.00
2010.02.16 15:37:13.364,9.8898,9.8923,2.40,1.00
2010.02.16 15:37:14.781,9.8898,9.8922,2.40,1.00
2010.02.16 15:37:15.471,9.89,9.8925,2.40,1.00
2010.02.16 15:37:15.615,9.89,9.8925,3.20,1.00
2010.02.16 15:37:17.047,9.8901,9.8925,1.00,1.00
2010.02.16 15:37:17.318,9.89,9.8922,1.00,1.00
2010.02.16 15:37:17.581,9.88965,9.8922,1.00,1.00
2010.02.16 15:37:18.312,9.8896,9.892,2.40,1.00
2010.02.16 15:37:20.295,9.8896,9.892,1.00,1.00
2010.02.16 15:37:20.986,9.8894,9.8918,1.00,1.00
2010.02.16 15:37:21.289,9.8895,9.8918,1.00,1.00
2010.02.16 15:37:23.049,9.8895,9.8915,1.00,1.00
2010.02.16 15:37:25.685,9.8895,9.8914,1.00,1.00
2010.02.16 15:37:27.242,9.8895,9.8917,1.00,1.00
2010.02.16 15:37:27.590,9.8893,9.8917,2.40,1.00
2010.02.16 15:37:31.522,9.8894,9.8917,1.00,1.00
2010.02.16 15:37:35.642,9.8893,9.8917,1.00,1.00
2010.02.16 15:37:36.845,9.8893,9.8917,2.40,1.00
2010.02.16 15:37:40.888,9.8893,9.8917,1.00,1.00
2010.02.16 15:37:45.690,9.8893,9.8916,1.00,1.00
2010.02.16 15:37:50.955,9.8893,9.8917,2.40,1.00
2010.02.16 15:37:52.045,9.8893,9.8917,1.00,1.00
2010.02.16 15:37:56.528,9.8893,9.8916,1.00,1.00
2010.02.16 15:38:02.751,9.8894,9.8916,1.00,1.00
2010.02.16 15:38:03.793,9.8894,9.89095,1.00,1.60
2010.02.16 15:38:04.040,9.8889,9.8908,1.60,2.40
2010.02.16 15:38:04.495,9.8886,9.8908,1.00,2.40
2010.02.16 15:38:15.621,9.88765,9.89,1.00,2.40
2010.02.16 15:38:17.802,9.88765,9.89,1.00,2.40
2010.02.16 15:38:18.754,9.88765,9.8898,1.00,2.40
2010.02.16 15:38:19.113,9.887,9.8898,1.00,2.40
2010.02.16 15:38:19.518,9.887,9.8895,1.00,1.00
2010.02.16 15:38:20.812,9.887,9.8894,1.00,1.00
2010.02.16 15:38:23.858,9.8873,9.8897,2.40,1.00
2010.02.16 15:38:26.099,9.8873,9.8897,2.40,1.00
2010.02.16 15:38:27.670,9.8875,9.8899,2.40,1.00
2010.02.16 15:38:30.440,9.8876,9.89,1.00,1.00
2010.02.16 15:38:34.950,9.8876,9.8899,1.00,1.00
2010.02.16 15:38:40.763,9.8877,9.8899,1.00,1.00
2010.02.16 15:38:46.604,9.8877,9.8898,1.00,1.00
2010.02.16 15:38:47.103,9.8875,9.8897,2.40,1.00
2010.02.16 15:38:47.394,9.8873,9.8897,2.40,1.00
2010.02.16 15:38:48.932,9.8873,9.8895,2.40,1.00
2010.02.16 15:38:49.206,9.8868,9.8895,2.40,1.00
2010.02.16 15:38:50.473,9.8867,9.8892,2.40,1.00
2010.02.16 15:38:51.226,9.8866,9.8891,2.40,1.00
2010.02.16 15:38:54.152,9.8866,9.889,2.40,1.00
2010.02.16 15:38:57.581,9.8866,9.889,1.00,1.00
2010.02.16 15:38:58.956,9.8868,9.8892,2.40,1.00
2010.02.16 15:38:59.730,9.8868,9.8892,1.00,1.00
2010.02.16 15:39:00.453,9.8868,9.8892,2.40,1.00
2010.02.16 15:39:01.807,9.8873,9.8899,2.40,1.00
2010.02.16 15:39:10.916,9.8871,9.8897,1.00,1.00
2010.02.16 15:39:13.047,9.8871,9.8895,1.00,1.00
2010.02.16 15:39:14.394,9.887,9.8894,2.40,1.00
2010.02.16 15:39:16.754,9.8873,9.8897,1.00,1.00
2010.02.16 15:39:21.781,9.8873,9.8896,1.00,1.00
2010.02.16 15:39:24.560,9.8872,9.8896,2.40,1.00
2010.02.16 15:39:26.035,9.8873,9.8897,1.00,1.00
2010.02.16 15:39:30.454,9.8873,9.8896,1.00,1.00
2010.02.16 15:39:30.664,9.8873,9.8896,1.00,1.00
2010.02.16 15:39:32.898,9.8873,9.8897,1.00,1.00
2010.02.16 15:39:33.320,9.8873,9.8897,2.40,1.00
2010.02.16 15:39:33.681,9.8873,9.8897,1.00,1.00
2010.02.16 15:39:38.121,9.8873,9.8896,1.00,1.00
2010.02.16 15:39:43.511,9.8874,9.8896,1.00,1.00
2010.02.16 15:39:49.634,9.8874,9.8895,1.00,1.00
2010.02.16 15:39:55.532,9.8875,9.8895,1.00,1.00
2010.02.16 15:39:57.830,9.8871,9.8895,1.00,1.00
2010.02.16 15:40:01.602,9.8871,9.8894,1.00,1.00
2010.02.16 15:40:07.825,9.8872,9.8894,1.00,1.00
2010.02.16 15:40:13.899,9.8872,9.8893,1.00,1.00
2010.02.16 15:40:19.546,9.8873,9.8893,1.00,1.00
2010.02.16 15:40:22.870,9.8873,9.8897,1.00,1.00
2010.02.16 15:40:25.370,9.8872,9.8894,2.40,1.00
2010.02.16 15:40:25.735,9.887,9.8894,2.40,1.00
2010.02.16 15:40:26.498,9.887,9.8894,1.00,1.00
2010.02.16 15:40:27.754,9.8869,9.8892,2.40,1.00
2010.02.16 15:40:28.182,9.8866,9.8892,2.40,1.00
2010.02.16 15:40:29.282,9.8866,9.8891,2.40,1.00
2010.02.16 15:40:30.769,9.8866,9.889,2.40,1.00
2010.02.16 15:40:33.210,9.8866,9.889,1.00,1.00
2010.02.16 15:40:37.732,9.8866,9.8889,1.00,1.00
2010.02.16 15:40:39.404,9.8865,9.8889,2.40,1.00
2010.02.16 15:40:43.741,9.8865,9.8889,1.00,1.00
2010.02.16 15:40:46.366,9.8866,9.889,1.00,1.00
2010.02.16 15:40:51.506,9.8865,9.8889,1.00,1.00
2010.02.16 15:40:52.609,9.8871,9.88925,1.00,1.60
2010.02.16 15:40:52.971,9.8875,9.89,7.20,1.00
2010.02.16 15:40:53.715,9.887,9.8897,1.00,2.40
2010.02.16 15:40:54.783,9.887,9.8897,1.00,2.40
2010.02.16 15:40:55.642,9.887,9.8895,1.00,1.00
2010.02.16 15:40:59.623,9.8868,9.8893,1.00,1.00
2010.02.16 15:41:01.114,9.8868,9.8892,1.00,1.00
2010.02.16 15:41:04.142,9.8868,9.8891,1.00,1.00
2010.02.16 15:41:04.411,9.88605,9.88855,1.00,1.60
2010.02.16 15:41:06.449,9.88605,9.88865,1.00,1.60
2010.02.16 15:41:06.704,9.886,9.88865,2.40,1.60
2010.02.16 15:41:08.344,9.8863,9.88865,5.20,1.60
2010.02.16 15:41:08.735,9.8873,9.88925,4.00,2.40
2010.02.16 15:41:09.165,9.8875,9.88945,2.40,1.60
2010.02.16 15:41:10.425,9.8877,9.8895,2.40,1.00
2010.02.16 15:41:11.492,9.8879,9.88955,1.00,1.60
2010.02.16 15:41:11.982,9.8866,9.889,1.00,2.40
2010.02.16 15:41:12.346,9.88665,9.889,1.00,2.40
2010.02.16 15:41:21.573,9.88675,9.8895,1.00,1.00
2010.02.16 15:41:23.689,9.8868,9.8895,1.00,1.00
2010.02.16 15:41:25.579,9.887,9.8897,1.00,2.40
2010.02.16 15:41:25.936,9.8875,9.89,2.40,1.00
2010.02.16 15:41:28.104,9.8875,9.89,2.40,1.00
2010.02.16 15:41:28.771,9.8877,9.89,1.00,1.00
2010.02.16 15:41:30.760,9.8878,9.89,1.00,1.00
2010.02.16 15:41:31.889,9.8879,9.89,1.00,1.00
2010.02.16 15:41:32.303,9.888,9.8906,2.40,1.00
2010.02.16 15:41:33.001,9.8882,9.8909,2.40,1.00
2010.02.16 15:41:33.353,9.88845,9.8912,1.60,2.40
2010.02.16 15:41:33.999,9.8883,9.8911,2.40,1.00
2010.02.16 15:41:36.183,9.8886,9.8912,1.00,1.00
2010.02.16 15:41:36.643,9.8885,9.891,2.40,1.00
2010.02.16 15:41:37.019,9.8885,9.891,1.00,2.40
2010.02.16 15:41:37.727,9.88865,9.8914,1.00,1.00
2010.02.16 15:41:38.032,9.8888,9.8914,2.40,1.00
2010.02.16 15:41:38.960,9.889,9.8914,1.00,1.00
2010.02.16 15:41:39.587,9.8888,9.8914,2.40,1.00
2010.02.16 15:41:39.842,9.8888,9.89125,2.40,1.60
2010.02.16 15:41:40.208,9.8888,9.8914,2.40,1.00
2010.02.16 15:41:40.916,9.889,9.8911,1.00,1.00
2010.02.16 15:41:41.650,9.889,9.891,1.00,1.00
2010.02.16 15:41:45.577,9.889,9.8909,1.00,1.00
2010.02.16 15:41:46.598,9.889,9.891,1.00,1.00
2010.02.16 15:41:47.098,9.889,9.8909,1.00,1.00
2010.02.16 15:41:48.236,9.8885,9.891,1.00,2.40
2010.02.16 15:41:48.926,9.8885,9.8912,2.40,1.00
2010.02.16 15:41:49.999,9.8888,9.8912,1.00,1.00
2010.02.16 15:41:50.368,9.8885,9.8909,2.40,1.00
2010.02.16 15:41:50.861,9.8885,9.8908,1.00,2.40
2010.02.16 15:41:51.895,9.8885,9.8905,1.00,1.00
2010.02.16 15:41:54.344,9.8888,9.89095,2.40,1.60
2010.02.16 15:41:54.700,9.8888,9.8914,2.40,1.00
2010.02.16 15:41:55.778,9.8888,9.8914,2.40,1.00
2010.02.16 15:41:56.134,9.8888,9.8912,1.00,1.00
2010.02.16 15:41:58.767,9.8887,9.8911,1.00,1.00
2010.02.16 15:42:00.411,9.8888,9.8912,1.00,1.00
2010.02.16 15:42:07.431,9.889,9.8917,2.40,1.00
2010.02.16 15:42:08.119,9.8892,9.8917,1.00,1.00
2010.02.16 15:42:08.485,9.8893,9.8917,1.00,1.00
2010.02.16 15:42:09.523,9.8892,9.8916,1.00,1.00
2010.02.16 15:42:10.259,9.8893,9.8917,1.00,1.00
2010.02.16 15:42:15.496,9.8893,9.8916,1.00,1.00
2010.02.16 15:42:21.697,9.8894,9.8916,1.00,1.00
2010.02.16 15:42:22.763,9.88955,9.8922,1.60,1.00
2010.02.16 15:42:22.843,9.89,9.8912,2.40,1.00
2010.02.16 15:42:23.383,9.8897,9.8914,1.00,4.00
2010.02.16 15:42:23.959,9.88955,9.8904,1.60,2.40
2010.02.16 15:42:24.250,9.8894,9.8903,1.00,2.40
2010.02.16 15:42:27.643,9.8895,9.8924,2.40,1.00
2010.02.16 15:42:27.958,9.8895,9.8923,2.40,1.00
2010.02.16 15:42:31.542,9.8896,9.8921,1.00,1.00
2010.02.16 15:42:32.602,9.8898,9.8921,1.00,1.00
2010.02.16 15:42:34.810,9.89,9.8926,2.40,1.00
2010.02.16 15:42:35.827,9.8902,9.8926,1.00,1.00
2010.02.16 15:42:40.181,9.88975,9.8924,2.40,1.00
2010.02.16 15:42:40.975,9.8897,9.8924,1.00,1.00
2010.02.16 15:42:41.521,9.8897,9.8921,1.00,1.00
2010.02.16 15:42:44.921,9.8898,9.8921,1.00,1.00
2010.02.16 15:42:50.636,9.8898,9.892,1.00,1.00
2010.02.16 15:42:56.606,9.8899,9.892,1.00,1.00
2010.02.16 15:43:00.802,9.89,9.8926,2.40,1.00
2010.02.16 15:43:02.897,9.8902,9.8926,1.00,1.00
2010.02.16 15:43:05.505,9.8903,9.8926,1.00,1.00
2010.02.16 15:43:07.597,9.8905,9.8929,1.00,1.00
2010.02.16 15:43:09.836,9.8913,9.8929,1.60,1.00
2010.02.16 15:43:10.087,9.89135,9.8932,2.40,2.40
2010.02.16 15:43:10.726,9.8916,9.89375,2.40,1.00
2010.02.16 15:43:11.890,9.8917,9.8943,2.40,1.00
2010.02.16 15:43:12.958,9.8918,9.8943,1.00,1.00
2010.02.16 15:43:14.926,9.8922,9.8943,2.40,1.00
2010.02.16 15:43:15.081,9.8922,9.8949,2.40,1.00
2010.02.16 15:43:16.539,9.8924,9.8949,1.00,1.00
2010.02.16 15:43:17.847,9.8925,9.8949,1.00,1.00
2010.02.16 15:43:18.218,9.8932,9.8961,2.40,1.00
2010.02.16 15:43:19.240,9.8933,9.8959,2.40,1.00
2010.02.16 15:43:20.482,9.8934,9.8959,1.00,1.00
2010.02.16 15:43:21.189,9.8934,9.89555,1.00,1.60
2010.02.16 15:43:21.548,9.893,9.89555,1.00,1.60
2010.02.16 15:43:22.748,9.893,9.8954,1.00,1.00
2010.02.16 15:43:24.255,9.8933,9.8957,1.00,1.00
2010.02.16 15:43:26.236,9.8935,9.896,1.00,3.20
2010.02.16 15:43:26.826,9.8935,9.8965,2.40,2.40
2010.02.16 15:43:27.059,9.89335,9.8958,1.60,2.40
2010.02.16 15:43:27.812,9.893,9.8958,1.00,2.40
2010.02.16 15:43:28.649,9.8938,9.89605,2.40,2.40
2010.02.16 15:43:29.026,9.8938,9.8967,2.40,1.00
2010.02.16 15:43:29.763,9.894,9.8964,2.40,1.00
2010.02.16 15:43:30.045,9.894,9.8964,1.00,1.00
2010.02.16 15:43:34.679,9.8941,9.8964,1.00,1.00
2010.02.16 15:43:35.377,9.8938,9.8962,1.00,1.00
2010.02.16 15:43:37.948,9.894,9.8964,1.00,1.00
2010.02.16 15:43:41.042,9.8943,9.8967,1.00,1.00
2010.02.16 15:43:44.471,9.8945,9.8969,1.00,1.00
2010.02.16 15:43:45.713,9.8946,9.8972,1.00,1.00
2010.02.16 15:43:46.924,9.8948,9.8972,1.00,1.00
2010.02.16 15:43:49.609,9.8948,9.8971,1.00,1.00
2010.02.16 15:43:55.551,9.8949,9.8971,1.00,1.00
2010.02.16 15:44:01.573,9.8949,9.897,1.00,1.00
2010.02.16 15:44:02.149,9.8949,9.89635,1.00,1.60
2010.02.16 15:44:02.516,9.8945,9.89635,1.00,1.60
2010.02.16 15:44:04.624,9.8945,9.8962,1.00,1.00
2010.02.16 15:44:06.591,9.8945,9.8961,1.00,1.00
2010.02.16 15:44:11.698,9.8945,9.8959,1.00,1.00
2010.02.16 15:44:12.142,9.8933,9.8959,1.00,1.00
2010.02.16 15:44:12.513,9.8946,9.8966,2.40,1.60
2010.02.16 15:44:13.055,9.8946,9.89625,2.40,1.60
2010.02.16 15:44:13.419,9.8946,9.8976,2.40,1.00
2010.02.16 15:44:15.216,9.8949,9.8974,1.00,1.00
2010.02.16 15:44:15.582,9.89415,9.89645,1.00,1.60
2010.02.16 15:44:15.676,9.8935,9.89645,1.00,1.60
2010.02.16 15:44:17.478,9.8935,9.896,1.00,1.00
2010.02.16 15:44:18.678,9.8935,9.8959,1.00,1.00
2010.02.16 15:44:19.868,9.8936,9.8959,1.00,1.00
2010.02.16 15:44:24.391,9.8933,9.8957,1.00,1.00
2010.02.16 15:44:26.884,9.8938,9.895,2.40,1.00
2010.02.16 15:44:27.898,9.8939,9.895,1.00,1.00
2010.02.16 15:44:28.639,9.894,9.895,1.00,1.00
2010.02.16 15:44:30.631,9.8941,9.895,1.00,1.00
2010.02.16 15:44:30.994,9.8941,9.8966,1.00,1.00
2010.02.16 15:44:36.597,9.8941,9.8963,1.00,1.00
2010.02.16 15:44:42.302,9.8938,9.8962,2.40,1.00
2010.02.16 15:44:42.566,9.8938,9.89615,2.40,1.60
2010.02.16 15:44:42.825,9.8935,9.89615,1.00,1.60
2010.02.16 15:44:43.661,9.8935,9.8959,1.00,1.00
2010.02.16 15:44:46.766,9.8936,9.8959,1.00,1.00
2010.02.16 15:44:51.720,9.894,9.8964,1.60,1.00
2010.02.16 15:44:52.334,9.894,9.8955,1.60,1.00
2010.02.16 15:44:52.635,9.894,9.8955,1.60,1.00
2010.02.16 15:44:54.073,9.8938,9.89505,2.40,1.60
2010.02.16 15:44:54.435,9.8932,9.8955,1.60,3.20
2010.02.16 15:44:55.186,9.8932,9.8958,1.60,1.60
2010.02.16 15:44:56.234,9.8932,9.8957,1.60,1.00
2010.02.16 15:44:56.926,9.8933,9.8957,1.00,1.00
2010.02.16 15:44:58.535,9.8933,9.8956,1.00,1.00
2010.02.16 15:45:04.825,9.8934,9.8956,1.00,1.00
2010.02.16 15:45:06.959,9.8928,9.8953,1.00,1.60
2010.02.16 15:45:07.248,9.893,9.8953,1.00,1.60
2010.02.16 15:45:08.795,9.893,9.8952,1.00,1.00
2010.02.16 15:45:09.851,9.8937,9.896,1.60,1.60
2010.02.16 15:45:10.190,9.8937,9.896,1.60,1.00
2010.02.16 15:45:11.871,9.8938,9.896,1.00,1.00
2010.02.16 15:45:17.781,9.8938,9.8958,1.00,1.60
2010.02.16 15:45:18.144,9.8933,9.8958,1.00,1.60
2010.02.16 15:45:19.126,9.8933,9.8957,1.00,1.00
2010.02.16 15:45:21.574,9.8933,9.8956,1.00,1.00
2010.02.16 15:45:27.631,9.8934,9.8956,1.00,1.00
2010.02.16 15:45:32.934,9.8935,9.8959,1.60,1.00
2010.02.16 15:45:36.833,9.8936,9.896,1.00,1.00
2010.02.16 15:45:39.743,9.8945,9.896,3.20,1.00
2010.02.16 15:45:40.249,9.8945,9.8963,3.20,2.40
2010.02.16 15:45:40.612,9.8945,9.89655,3.20,1.00
2010.02.16 15:45:43.393,9.8947,9.8972,1.60,1.00
2010.02.16 15:45:45.603,9.8947,9.8972,4.80,1.00
2010.02.16 15:45:45.862,9.8948,9.8972,1.00,1.00
2010.02.16 15:45:47.606,9.8948,9.8971,1.00,1.00
2010.02.16 15:45:48.565,9.8947,9.8971,2.40,1.00
2010.02.16 15:45:49.984,9.8952,9.8971,2.40,1.00
2010.02.16 15:45:52.750,9.8954,9.8971,2.40,1.00
2010.02.16 15:45:54.386,9.8954,9.8971,2.00,1.00
2010.02.16 15:45:55.209,9.8954,9.8965,2.00,1.60
2010.02.16 15:45:56.235,9.8954,9.8965,1.80,1.60
2010.02.16 15:45:59.019,9.8954,9.8965,1.70,1.60
2010.02.16 15:46:06.442,9.8954,9.8971,1.00,1.00
2010.02.16 15:46:10.667,9.8954,9.8972,1.00,1.00
2010.02.16 15:46:15.033,9.8954,9.8971,1.00,1.00
2010.02.16 15:46:26.993,9.8954,9.897,1.00,1.00
2010.02.16 15:46:30.366,9.8954,9.8962,1.00,2.40
2010.02.16 15:46:30.885,9.8945,9.89645,1.00,2.40
2010.02.16 15:46:31.262,9.8949,9.89685,1.60,1.60
2010.02.16 15:46:36.784,9.8949,9.89695,1.60,1.60
2010.02.16 15:46:39.930,9.8949,9.89685,1.60,1.60
2010.02.16 15:46:42.198,9.8952,9.8972,1.60,1.00
2010.02.16 15:46:46.582,9.8952,9.8971,1.60,1.00
2010.02.16 15:46:52.606,9.8953,9.8972,1.60,1.00
2010.02.16 15:46:55.151,9.8953,9.89725,1.60,1.60
2010.02.16 15:46:55.786,9.8957,9.8977,1.60,1.00
2010.02.16 15:46:56.159,9.8957,9.8975,1.60,1.00
2010.02.16 15:46:58.399,9.8958,9.8975,1.60,1.00
2010.02.16 15:46:59.507,9.896,9.898,1.60,1.00
2010.02.16 15:47:01.267,9.8963,9.898,1.60,1.00
2010.02.16 15:47:02.274,9.8965,9.8985,1.60,1.00
2010.02.16 15:47:07.097,9.8965,9.8984,1.60,1.00
2010.02.16 15:47:13.692,9.89555,9.89765,2.40,1.60
2010.02.16 15:47:14.093,9.8954,9.89765,1.60,1.60
2010.02.16 15:47:14.884,9.89545,9.8977,1.00,2.40
2010.02.16 15:47:15.254,9.8955,9.8977,1.00,2.40
2010.02.16 15:47:15.672,9.8955,9.8977,1.40,2.40
2010.02.16 15:47:16.042,9.8954,9.8977,2.40,2.40
2010.02.16 15:47:21.540,9.8954,9.89705,1.60,1.60
2010.02.16 15:47:22.353,9.8953,9.89725,1.60,1.60
2010.02.16 15:47:22.713,9.8953,9.89715,1.60,1.60
2010.02.16 15:47:25.040,9.8962,9.8981,1.60,1.00
2010.02.16 15:47:26.244,9.8962,9.8981,1.60,1.00
2010.02.16 15:47:26.649,9.8962,9.89755,1.60,1.60
2010.02.16 15:47:27.020,9.8953,9.89755,1.60,1.60
2010.02.16 15:47:35.914,9.8953,9.8976,1.60,2.40
2010.02.16 15:47:36.584,9.8953,9.89755,1.60,1.60
2010.02.16 15:47:37.766,9.8953,9.8975,1.60,1.00
2010.02.16 15:47:39.314,9.8962,9.8979,1.60,1.00
2010.02.16 15:47:41.067,9.8962,9.8981,1.60,1.00
2010.02.16 15:47:45.407,9.89525,9.89675,2.40,1.60
2010.02.16 15:47:45.915,9.8944,9.89675,1.60,1.60
2010.02.16 15:47:47.685,9.8944,9.8965,1.60,1.00
2010.02.16 15:47:48.779,9.8944,9.8963,1.60,1.00
2010.02.16 15:47:55.764,9.8944,9.8962,1.60,1.00
2010.02.16 15:47:59.069,9.8944,9.8967,1.60,2.40
2010.02.16 15:47:59.435,9.8947,9.8967,1.60,1.00
2010.02.16 15:48:03.722,9.8947,9.8966,1.60,1.00
2010.02.16 15:48:05.852,9.8943,9.8966,1.00,1.00
2010.02.16 15:48:08.616,9.8943,9.8964,2.40,1.00
2010.02.16 15:48:08.978,9.8943,9.897,2.40,1.00
2010.02.16 15:48:10.011,9.8942,9.8972,4.00,4.70
2010.02.16 15:48:18.341,9.8942,9.8972,2.40,4.70
2010.02.16 15:48:18.940,9.89395,9.8964,1.00,2.40
2010.02.16 15:48:20.386,9.89395,9.8963,1.00,2.40
2010.02.16 15:48:23.725,9.89475,9.8963,2.40,2.40
2010.02.16 15:48:24.400,9.8952,9.8977,1.60,1.00
2010.02.16 15:48:37.614,9.895,9.8973,2.40,1.60
2010.02.16 15:48:38.342,9.8957,9.89675,1.60,2.40
2010.02.16 15:48:38.714,9.8957,9.89755,1.60,1.60
2010.02.16 15:48:39.479,9.8957,9.8982,1.60,1.00
2010.02.16 15:48:40.610,9.8956,9.8981,1.60,1.00
2010.02.16 15:48:41.593,9.8956,9.8981,1.60,1.00
2010.02.16 15:48:43.236,9.8957,9.8981,1.00,1.00
2010.02.16 15:48:44.807,9.8958,9.8981,1.00,1.00
2010.02.16 15:48:50.516,9.8958,9.898,1.00,1.00
2010.02.16 15:48:57.005,9.8959,9.898,1.00,1.00
2010.02.16 15:49:01.650,9.8961,9.898,1.60,1.00
2010.02.16 15:49:01.949,9.8961,9.8986,1.60,1.00
2010.02.16 15:49:03.055,9.8962,9.8986,1.00,1.00
2010.02.16 15:49:05.565,9.8963,9.8986,1.00,1.00
2010.02.16 15:49:11.990,9.8963,9.8985,1.00,1.00
2010.02.16 15:49:18.038,9.8964,9.8974,1.00,4.00
2010.02.16 15:49:18.413,9.895,9.8967,1.00,2.40
2010.02.16 15:49:25.549,9.8947,9.8965,1.00,2.40
2010.02.16 15:49:25.911,9.89455,9.8962,1.00,2.40
2010.02.16 15:49:26.682,9.8939,9.8962,1.00,4.00
2010.02.16 15:49:29.340,9.893,9.8953,1.00,1.60
2010.02.16 15:49:31.207,9.8929,9.8955,1.60,1.60
2010.02.16 15:49:34.345,9.8928,9.8954,1.60,1.60
2010.02.16 15:49:34.803,9.8948,9.8957,1.60,1.00
2010.02.16 15:49:35.175,9.8948,9.89785,1.60,1.00
2010.02.16 15:49:35.531,9.8947,9.8978,1.60,1.00
2010.02.16 15:49:36.249,9.8951,9.8964,1.60,2.40
2010.02.16 15:49:37.059,9.89355,9.8964,1.00,4.00
2010.02.16 15:49:37.771,9.89355,9.896,1.00,2.40
2010.02.16 15:49:40.521,9.8937,9.8962,1.00,1.60
2010.02.16 15:49:44.492,9.8939,9.8963,1.60,2.40
2010.02.16 15:49:44.866,9.89365,9.8962,1.00,1.60
2010.02.16 15:49:46.420,9.8937,9.8963,1.60,4.00
2010.02.16 15:49:46.952,9.8937,9.8963,1.60,1.60
2010.02.16 15:49:47.742,9.8936,9.8962,2.40,1.60
2010.02.16 15:49:48.102,9.8935,9.8962,1.00,1.60
2010.02.16 15:49:49.923,9.8945,9.8965,3.20,2.40
2010.02.16 15:49:50.279,9.8949,9.897,1.60,1.00
2010.02.16 15:49:54.121,9.8951,9.897,1.60,1.00
2010.02.16 15:49:55.161,9.8953,9.897,1.00,1.00
2010.02.16 15:49:55.878,9.895,9.8967,2.40,1.60
2010.02.16 15:49:56.228,9.8941,9.8967,1.60,1.60
2010.02.16 15:50:04.517,9.8941,9.8963,1.60,3.10
2010.02.16 15:50:04.875,9.8934,9.8962,1.60,1.60
2010.02.16 15:50:08.634,9.8933,9.8953,2.40,1.60
2010.02.16 15:50:09.014,9.8925,9.8953,1.60,1.60
2010.02.16 15:50:11.301,9.8931,9.8956,1.60,1.00
2010.02.16 15:50:12.660,9.8931,9.8956,1.60,1.00
2010.02.16 15:50:13.665,9.8932,9.8956,1.00,1.00
2010.02.16 15:50:16.067,9.8933,9.8956,1.00,1.00
2010.02.16 15:50:17.379,9.8933,9.8957,1.00,1.00
2010.02.16 15:50:20.779,9.8932,9.8956,1.00,1.00
2010.02.16 15:50:24.537,9.8933,9.8956,1.00,1.00
2010.02.16 15:50:26.784,9.89265,9.8951,1.00,1.60
2010.02.16 15:50:27.412,9.89265,9.8952,1.00,1.60
2010.02.16 15:50:27.676,9.8928,9.8952,1.00,1.60
2010.02.16 15:50:28.039,9.893,9.8956,1.60,1.60
2010.02.16 15:50:29.086,9.8932,9.8956,1.60,1.60
2010.02.16 15:50:29.451,9.8936,9.8961,1.60,1.00
2010.02.16 15:50:32.135,9.8937,9.8961,1.00,1.00
2010.02.16 15:50:33.032,9.8935,9.8959,1.00,1.00
2010.02.16 15:50:33.310,9.8936,9.896,1.00,1.00
2010.02.16 15:50:38.067,9.8936,9.8959,1.00,1.00
2010.02.16 15:50:43.612,9.89365,9.8959,1.00,1.00
2010.02.16 15:50:46.996,9.8935,9.8959,1.60,1.00
2010.02.16 15:50:47.346,9.8935,9.8959,1.00,1.00
2010.02.16 15:50:54.290,9.8936,9.896,1.00,1.00
2010.02.16 15:50:59.089,9.8936,9.8959,1.00,1.00
2010.02.16 15:50:59.920,9.8935,9.89575,1.60,1.00
2010.02.16 15:51:00.624,9.8928,9.8954,2.40,1.60
2010.02.16 15:51:00.975,9.8928,9.8954,1.60,1.60
2010.02.16 15:51:02.186,9.8922,9.8947,1.00,1.60
2010.02.16 15:51:04.548,9.8922,9.8947,1.00,1.60
2010.02.16 15:51:05.710,9.8922,9.8946,1.00,1.00
2010.02.16 15:51:06.862,9.8922,9.8945,1.00,1.00
2010.02.16 15:51:07.165,9.8922,9.8945,1.00,1.00
2010.02.16 15:51:12.396,9.8927,9.8945,1.00,1.00
2010.02.16 15:51:12.852,9.8934,9.89515,1.60,4.00
2010.02.16 15:51:13.082,9.8935,9.896,1.60,1.00
2010.02.16 15:51:15.594,9.8936,9.896,1.00,1.00
2010.02.16 15:51:17.647,9.8936,9.8959,1.00,1.00
2010.02.16 15:51:18.712,9.8944,9.8959,1.60,1.00
2010.02.16 15:51:19.079,9.8944,9.8971,1.60,1.00
2010.02.16 15:51:20.116,9.8944,9.8969,1.60,1.00
2010.02.16 15:51:21.134,9.8944,9.8956,1.00,1.60
2010.02.16 15:51:21.545,9.8932,9.8956,1.00,1.60
2010.02.16 15:51:22.290,9.89325,9.8956,1.00,1.60
2010.02.16 15:51:25.933,9.89345,9.8956,1.00,1.60
2010.02.16 15:51:26.316,9.89305,9.8954,1.00,1.60
2010.02.16 15:51:27.825,9.8928,9.8954,2.40,1.60
2010.02.16 15:51:35.241,9.8928,9.8954,2.40,2.40
2010.02.16 15:51:35.936,9.8922,9.8947,1.00,1.60
2010.02.16 15:51:37.564,9.89305,9.8947,2.40,1.60
2010.02.16 15:51:37.949,9.8934,9.8955,1.60,1.60
2010.02.16 15:51:38.711,9.8934,9.8959,1.60,1.00
2010.02.16 15:51:40.323,9.8934,9.8959,1.60,1.00
2010.02.16 15:51:40.629,9.8935,9.8959,1.00,1.00
2010.02.16 15:51:41.610,9.8936,9.8959,1.00,1.00
2010.02.16 15:51:42.290,9.8936,9.8954,1.00,1.60
2010.02.16 15:51:42.679,9.8928,9.8954,1.60,1.60
2010.02.16 15:51:47.320,9.8927,9.8953,1.60,1.60
2010.02.16 15:51:48.181,9.8928,9.8954,1.60,1.60
2010.02.16 15:51:49.752,9.8927,9.8953,1.60,1.60
2010.02.16 15:51:52.265,9.8929,9.8954,2.40,1.60
2010.02.16 15:51:52.903,9.893,9.8956,1.60,1.60
2010.02.16 15:51:53.261,9.8921,9.8948,1.00,1.60
2010.02.16 15:51:55.891,9.8921,9.8946,1.00,1.60
2010.02.16 15:51:56.561,9.8921,9.8945,1.00,1.00
2010.02.16 15:51:57.601,9.8922,9.8945,1.00,1.00
2010.02.16 15:51:58.889,9.89275,9.895,1.60,1.60
2010.02.16 15:51:59.239,9.8934,9.8962,1.60,1.60
2010.02.16 15:51:59.542,9.8934,9.8962,1.60,1.60
2010.02.16 15:52:03.540,9.8934,9.896,1.60,1.60
2010.02.16 15:52:05.848,9.8933,9.8958,1.00,1.60
2010.02.16 15:52:07.506,9.8933,9.8957,1.00,1.00
2010.02.16 15:52:10.896,9.8933,9.8956,1.00,1.00
2010.02.16 15:52:12.858,9.8937,9.8962,1.60,1.00
2010.02.16 15:52:14.842,9.8938,9.8962,1.00,1.00
2010.02.16 15:52:16.547,9.894,9.8964,1.00,1.00
2010.02.16 15:52:20.551,9.8941,9.8964,1.00,1.00
2010.02.16 15:52:22.440,9.8943,9.8965,1.00,1.60
2010.02.16 15:52:23.102,9.8943,9.8967,1.00,1.00
2010.02.16 15:52:26.550,9.8943,9.8966,1.00,1.00
2010.02.16 15:52:26.857,9.8943,9.8963,1.00,1.60
2010.02.16 15:52:31.844,9.8935,9.8953,1.00,1.60
2010.02.16 15:52:33.810,9.89345,9.8951,1.00,1.60
2010.02.16 15:52:48.248,9.89255,9.8951,1.00,1.60
2010.02.16 15:52:50.148,9.894,9.89575,1.60,1.60
2010.02.16 15:52:50.901,9.894,9.8967,1.60,1.00
2010.02.16 15:52:53.953,9.8943,9.8967,1.00,1.00
2010.02.16 15:52:54.576,9.8943,9.8966,1.00,1.00
2010.02.16 15:53:00.612,9.8944,9.8966,1.00,1.00
2010.02.16 15:53:02.995,9.8952,9.897,1.60,2.40
2010.02.16 15:53:03.257,9.8951,9.8975,1.60,1.00
2010.02.16 15:53:05.519,9.8952,9.8975,1.00,1.00
2010.02.16 15:53:07.895,9.8953,9.8975,1.00,1.00
2010.02.16 15:53:09.314,9.8951,9.8974,1.60,1.00
2010.02.16 15:53:09.595,9.89495,9.8964,1.00,1.60
2010.02.16 15:53:10.135,9.8943,9.8965,1.00,1.60
2010.02.16 15:53:13.285,9.89425,9.8963,1.00,1.60
2010.02.16 15:53:23.840,9.8942,9.8956,1.00,2.40
2010.02.16 15:53:24.510,9.8942,9.8952,1.00,2.40
2010.02.16 15:53:25.506,9.8942,9.8948,1.00,1.60
2010.02.16 15:53:25.751,9.8928,9.8943,1.00,2.40
2010.02.16 15:53:31.942,9.89295,9.8949,1.00,1.60
2010.02.16 15:53:54.689,9.8945,9.89685,1.60,2.40
2010.02.16 15:53:55.052,9.8945,9.8973,1.60,1.00
2010.02.16 15:53:55.404,9.8944,9.8973,1.60,1.00
2010.02.16 15:53:57.658,9.8946,9.8971,1.60,1.00
2010.02.16 15:53:58.587,9.8947,9.8971,1.00,1.00
2010.02.16 15:53:59.722,9.8948,9.8971,1.00,1.00
2010.02.16 15:54:01.940,9.8946,9.8968,1.60,2.40
2010.02.16 15:54:02.645,9.8946,9.8972,1.60,1.60
2010.02.16 15:54:03.006,9.8947,9.8972,1.60,1.00
2010.02.16 15:54:04.084,9.8948,9.8972,1.00,1.00
2010.02.16 15:54:05.691,9.8952,9.8977,1.60,1.00
2010.02.16 15:54:06.130,9.8952,9.8976,1.60,1.00
2010.02.16 15:54:06.655,9.8951,9.8976,1.60,1.00
2010.02.16 15:54:07.518,9.8952,9.8976,1.00,1.00
2010.02.16 15:54:10.770,9.8953,9.8976,1.00,1.00
2010.02.16 15:54:16.784,9.8953,9.8975,1.00,1.00
2010.02.16 15:54:19.408,9.895,9.8964,2.40,1.60
2010.02.16 15:54:19.765,9.8947,9.8964,1.00,4.00
2010.02.16 15:54:20.473,9.8942,9.896,1.00,2.40
2010.02.16 15:54:20.845,9.8942,9.8959,1.00,2.40
2010.02.16 15:54:36.128,9.895,9.8959,1.60,2.40
2010.02.16 15:54:36.452,9.8949,9.8965,1.60,1.00
2010.02.16 15:54:39.736,9.8951,9.8965,1.60,1.00
2010.02.16 15:54:40.807,9.8953,9.8965,1.00,1.00
2010.02.16 15:54:54.547,9.8954,9.8965,1.00,1.00
2010.02.16 15:55:04.559,9.8952,9.8963,1.60,2.40
2010.02.16 15:55:04.802,9.89475,9.8959,1.00,2.40
2010.02.16 15:55:05.388,9.89485,9.8959,1.00,2.40
2010.02.16 15:55:05.760,9.89485,9.8963,1.00,2.40
2010.02.16 15:55:06.783,9.89485,9.8964,1.00,2.40
2010.02.16 15:55:07.835,9.8948,9.8964,1.00,2.40
2010.02.16 15:55:08.162,9.89475,9.8965,1.00,2.40
2010.02.16 15:55:08.887,9.8947,9.8966,1.00,2.40
2010.02.16 15:55:11.646,9.89465,9.8962,1.00,2.40
2010.02.16 15:55:12.372,9.8946,9.8963,1.00,2.40
2010.02.16 15:55:12.666,9.89455,9.8964,1.00,2.40
2010.02.16 15:55:14.624,9.8945,9.8964,1.00,2.40
2010.02.16 15:55:14.985,9.89445,9.8965,1.00,2.40
2010.02.16 15:55:15.698,9.8944,9.8965,1.00,2.40
2010.02.16 15:55:15.852,9.8944,9.8966,1.00,2.40
2010.02.16 15:55:16.781,9.89345,9.8958,1.00,1.60
2010.02.16 15:55:17.169,9.8934,9.8957,1.00,2.40
2010.02.16 15:55:17.893,9.8934,9.8958,1.00,4.00
2010.02.16 15:55:18.681,9.89325,9.8957,1.00,2.40
2010.02.16 15:55:19.051,9.89325,9.8958,1.00,4.00
2010.02.16 15:55:19.720,9.8942,9.89605,1.60,2.40
2010.02.16 15:55:20.084,9.8942,9.8969,1.60,1.00
2010.02.16 15:55:22.905,9.8944,9.8969,1.60,1.00
2010.02.16 15:55:23.598,9.8946,9.8969,1.00,1.00
2010.02.16 15:55:24.779,9.8946,9.897,1.00,1.70
2010.02.16 15:55:25.068,9.8946,9.897,1.00,1.00
2010.02.16 15:55:28.729,9.8945,9.8969,1.00,1.00
2010.02.16 15:55:30.293,9.8945,9.8965,1.00,1.60
2010.02.16 15:55:31.386,9.8946,9.8966,1.00,1.60
2010.02.16 15:55:33.700,9.8937,9.8955,1.00,1.60
2010.02.16 15:55:36.180,9.8933,9.895,1.00,1.60
2010.02.16 15:55:36.966,9.89295,9.8947,1.00,1.60
2010.02.16 15:55:38.782,9.89295,9.8953,1.00,2.40
2010.02.16 15:55:39.469,9.8935,9.8961,1.00,2.40
2010.02.16 15:55:39.839,9.8938,9.8961,1.00,2.40
2010.02.16 15:55:40.549,9.8938,9.8962,1.00,2.40
2010.02.16 15:55:42.071,9.89385,9.8958,1.00,1.60
2010.02.16 15:55:42.693,9.89385,9.8957,1.00,1.60
2010.02.16 15:55:47.663,9.89385,9.8956,1.00,1.60
2010.02.16 15:55:48.311,9.8939,9.8957,1.00,1.60
2010.02.16 15:55:49.385,9.89385,9.8957,1.00,1.60
2010.02.16 15:55:51.060,9.8941,9.8958,1.60,2.40
2010.02.16 15:55:51.216,9.8945,9.8967,2.40,1.60
2010.02.16 15:55:51.796,9.8944,9.8967,3.20,1.60
2010.02.16 15:55:53.963,9.8945,9.8967,2.40,1.60
2010.02.16 15:55:54.612,9.8947,9.8967,1.00,1.60
2010.02.16 15:55:57.167,9.8948,9.8968,1.00,1.60
2010.02.16 15:55:57.886,9.8947,9.8967,1.00,1.60
2010.02.16 15:55:59.364,9.8947,9.8971,1.00,1.00
2010.02.16 15:56:00.000,9.8945,9.8969,2.40,1.00
2010.02.16 15:56:00.051,9.8942,9.8961,1.00,2.40
2010.02.16 15:56:00.375,9.89415,9.8959,1.00,2.40
2010.02.16 15:56:00.603,9.89415,9.8957,1.00,1.60
2010.02.16 15:56:05.208,9.89415,9.8956,1.00,1.60
2010.02.16 15:56:05.502,9.8926,9.8956,2.40,1.60
2010.02.16 15:56:06.925,9.8937,9.8956,1.00,1.60
2010.02.16 15:56:07.473,9.8943,9.8969,2.40,1.60
2010.02.16 15:56:10.751,9.8946,9.8967,1.00,1.60
2010.02.16 15:56:12.147,9.8948,9.8967,1.00,1.60
2010.02.16 15:56:15.738,9.8948,9.8967,1.00,1.00
2010.02.16 15:56:16.996,9.8948,9.8967,1.00,1.60
2010.02.16 15:56:17.646,9.895,9.8972,2.40,1.60
2010.02.16 15:56:18.532,9.8952,9.8972,1.00,1.60
2010.02.16 15:56:21.594,9.8953,9.8972,1.00,1.60
2010.02.16 15:56:24.333,9.8952,9.8972,1.00,1.60
2010.02.16 15:56:32.384,9.8954,9.8974,1.00,1.60
2010.02.16 15:56:37.049,9.8955,9.8974,1.00,1.60
2010.02.16 15:56:44.410,9.8952,9.8974,2.40,1.60
2010.02.16 15:56:44.800,9.895,9.8964,4.80,2.40
2010.02.16 15:56:45.167,9.8948,9.8964,1.00,2.40
2010.02.16 15:56:46.087,9.89465,9.8962,1.00,2.40
2010.02.16 15:56:46.719,9.8947,9.8963,1.00,2.40
2010.02.16 15:56:46.955,9.8947,9.8961,1.00,2.40
2010.02.16 15:56:47.314,9.8947,9.8962,1.00,2.40
2010.02.16 15:56:53.015,9.8947,9.8957,1.00,2.40
2010.02.16 15:56:53.373,9.8947,9.8954,1.00,2.40
2010.02.16 15:56:53.852,9.89465,9.8954,1.00,2.40
2010.02.16 15:56:54.216,9.89465,9.8953,1.00,2.40
2010.02.16 15:56:58.652,9.89465,9.89555,1.00,2.40
2010.02.16 15:56:59.717,9.8946,9.8965,1.00,2.40
2010.02.16 15:57:02.015,9.89545,9.8965,1.60,2.40
2010.02.16 15:57:02.264,9.8959,9.8985,1.60,2.40
2010.02.16 15:57:02.513,9.8959,9.8986,1.60,1.00
2010.02.16 15:57:06.588,9.8961,9.8984,1.00,1.00
2010.02.16 15:57:08.071,9.8962,9.8984,1.00,1.00
2010.02.16 15:57:08.385,9.8962,9.8983,1.60,2.40
2010.02.16 15:57:10.065,9.8963,9.8983,1.00,2.40
2010.02.16 15:57:12.183,9.8965,9.8983,1.00,2.40
2010.02.16 15:57:12.529,9.8965,9.8985,1.00,2.40
2010.02.16 15:57:16.499,9.8966,9.8985,1.00,2.40
2010.02.16 15:57:17.680,9.8966,9.8986,1.00,2.40
2010.02.16 15:57:18.537,9.8965,9.8986,1.00,2.40
2010.02.16 15:57:18.698,9.8966,9.8985,1.00,2.40
2010.02.16 15:57:18.853,9.8966,9.8986,1.00,2.40
2010.02.16 15:57:24.977,9.897,9.8986,1.60,2.40
2010.02.16 15:57:25.498,9.897,9.899,1.60,5.20
2010.02.16 15:57:25.865,9.8965,9.8974,1.00,5.60
2010.02.16 15:57:39.922,9.8969,9.8985,1.60,2.40
2010.02.16 15:57:42.004,9.8969,9.899,1.60,2.40
2010.02.16 15:57:44.610,9.8971,9.899,1.00,2.40
2010.02.16 15:57:52.958,9.8973,9.899,1.00,2.40
2010.02.16 15:57:53.144,9.8973,9.89925,1.00,2.40
2010.02.16 15:57:53.494,9.8973,9.8993,1.00,2.40
2010.02.16 15:58:01.289,9.8966,9.8972,1.00,2.40
2010.02.16 15:58:02.514,9.8965,9.8968,1.00,2.40
2010.02.16 15:58:06.146,9.89645,9.8968,1.00,2.40
2010.02.16 15:58:11.579,9.8924,9.8971,1.00,5.20
2010.02.16 15:58:11.662,9.8924,9.8962,1.00,1.00
2010.02.16 15:58:11.752,9.8924,9.8958,1.00,2.40
2010.02.16 15:58:11.843,9.8924,9.89575,1.00,1.60
2010.02.16 15:58:12.475,9.8924,9.8958,1.00,2.40
2010.02.16 15:58:13.183,9.8936,9.897,4.00,2.40
2010.02.16 15:58:13.545,9.89595,9.89745,1.00,1.60
2010.02.16 15:58:14.282,9.8967,9.8998,1.60,2.40
2010.02.16 15:58:14.619,9.8972,9.8997,1.60,2.40
2010.02.16 15:58:16.621,9.8972,9.8997,1.60,1.00
2010.02.16 15:58:18.802,9.8973,9.8996,1.00,1.00
2010.02.16 15:58:22.632,9.8973,9.89915,1.00,1.60
2010.02.16 15:58:22.973,9.8949,9.8975,2.40,1.60
2010.02.16 15:58:23.677,9.89395,9.8973,1.60,2.40
2010.02.16 15:58:25.795,9.895,9.8973,2.40,1.60
2010.02.16 15:58:26.138,9.8952,9.8978,1.60,1.60
2010.02.16 15:58:27.511,9.896,9.89825,1.60,2.40
2010.02.16 15:58:27.827,9.8965,9.8992,1.60,1.00
2010.02.16 15:58:28.473,9.8965,9.89905,1.60,1.60
2010.02.16 15:58:28.828,9.8965,9.8986,1.00,1.60
2010.02.16 15:58:30.617,9.8965,9.8986,1.00,1.60
2010.02.16 15:58:32.028,9.8967,9.8992,1.60,1.00
2010.02.16 15:58:32.992,9.8967,9.8992,1.60,1.00
2010.02.16 15:58:33.743,9.8968,9.8992,1.00,1.00
2010.02.16 15:58:35.621,9.8968,9.8991,1.00,1.00
2010.02.16 15:58:40.288,9.8967,9.8991,1.00,1.00
2010.02.16 15:58:44.628,9.8967,9.899,1.00,1.00
2010.02.16 15:58:45.588,9.8969,9.8993,1.00,1.00
2010.02.16 15:58:49.605,9.897,9.8993,1.00,1.00
2010.02.16 15:58:55.495,9.897,9.8992,1.00,1.00
2010.02.16 15:58:56.587,9.8968,9.899,1.60,1.00
2010.02.16 15:59:01.322,9.8969,9.8992,1.60,1.00
2010.02.16 15:59:01.542,9.8972,9.8995,1.60,1.00
2010.02.16 15:59:08.884,9.8972,9.8994,1.60,1.00
2010.02.16 15:59:11.248,9.8972,9.8995,1.60,1.00
2010.02.16 15:59:17.601,9.8972,9.8994,1.60,1.00
2010.02.16 15:59:23.769,9.8972,9.8994,1.60,1.00
2010.02.16 15:59:29.677,9.8977,9.9,1.60,2.40
2010.02.16 15:59:30.267,9.8977,9.8998,1.60,2.40
2010.02.16 15:59:33.207,9.8979,9.90005,1.60,2.40
2010.02.16 15:59:33.552,9.898,9.9003,1.60,1.00
2010.02.16 15:59:34.707,9.898,9.9002,1.60,1.00
2010.02.16 15:59:36.143,9.898,9.89965,1.60,1.60
2010.02.16 15:59:36.475,9.89705,9.8993,1.00,1.60
2010.02.16 15:59:38.794,9.89705,9.899,1.00,2.40
2010.02.16 15:59:39.603,9.8965,9.8988,1.00,1.60
2010.02.16 15:59:39.967,9.8967,9.899,1.60,1.00
2010.02.16 15:59:41.247,9.8968,9.899,1.60,1.00
2010.02.16 15:59:43.303,9.897,9.8992,1.60,1.00
2010.02.16 15:59:44.090,9.897,9.8993,1.60,1.00
2010.02.16 15:59:46.281,9.8968,9.8991,2.40,1.60
2010.02.16 15:59:46.924,9.897,9.8993,5.60,1.00
2010.02.16 15:59:47.295,9.897,9.8993,1.60,1.00
2010.02.16 15:59:48.229,9.8975,9.8996,1.60,2.40
2010.02.16 15:59:51.732,9.8975,9.8997,1.60,1.00
2010.02.16 15:59:52.133,9.8975,9.8998,1.60,1.00
2010.02.16 15:59:56.663,9.8977,9.9,1.60,1.00
2010.02.16 15:59:57.227,9.8975,9.8997,2.40,1.00
2010.02.16 15:59:57.601,9.8975,9.8997,6.40,1.00
2010.02.16 15:59:58.311,9.8976,9.9001,1.00,1.60
2010.02.16 15:59:58.698,9.8982,9.9003,1.60,2.40
2010.02.16 15:59:59.735,9.89775,9.8995,1.00,2.40
