2014.02.05 11:00:00.026,8.83557,8.83858,1.98,1.00
2014.02.05 11:00:00.633,8.83557,8.83852,1.98,1.50
2014.02.05 11:00:01.791,8.83557,8.83853,1.98,1.50
2014.02.05 11:00:02.273,8.83557,8.83858,1.98,1.00
2014.02.05 11:00:03.367,8.83556,8.83842,2.48,1.50
2014.02.05 11:00:03.881,8.83556,8.83843,2.48,1.50
2014.02.05 11:00:04.191,8.83556,8.83853,2.48,1.50
2014.02.05 11:00:05.230,8.83556,8.83842,2.48,1.50
2014.02.05 11:00:06.146,8.83556,8.83843,2.48,1.50
2014.02.05 11:00:07.286,8.83556,8.83842,2.48,1.50
2014.02.05 11:00:07.873,8.83556,8.83843,2.48,1.50
2014.02.05 11:00:08.835,8.83556,8.83842,2.48,1.50
2014.02.05 11:00:09.356,8.83556,8.83843,2.48,1.50
2014.02.05 11:00:10.005,8.83556,8.83842,2.48,1.50
2014.02.05 11:00:11.682,8.83556,8.83843,2.48,1.50
2014.02.05 11:00:12.196,8.83556,8.83842,2.48,1.50
2014.02.05 11:00:12.827,8.83556,8.83843,2.48,1.50
2014.02.05 11:00:13.590,8.83568,8.83842,1.60,1.50
2014.02.05 11:00:13.849,8.83569,8.83858,1.60,1.00
2014.02.05 11:00:18.385,8.83597,8.83858,1.00,1.00
2014.02.05 11:00:19.098,8.83583,8.83858,1.00,1.00
2014.02.05 11:00:21.756,8.83596,8.83858,1.00,1.00
2014.02.05 11:00:23.562,8.83573,8.83858,1.60,1.00
2014.02.05 11:00:25.417,8.83563,8.83852,3.60,1.50
2014.02.05 11:00:26.335,8.83563,8.83853,3.60,1.50
2014.02.05 11:00:26.658,8.83585,8.83852,1.00,1.50
2014.02.05 11:00:27.165,8.83585,8.83858,1.00,1.00
2014.02.05 11:00:27.216,8.83576,8.83858,1.60,1.00
2014.02.05 11:00:41.877,8.83595,8.83858,1.00,1.00
2014.02.05 11:00:43.398,8.83555,8.83838,5.48,1.00
2014.02.05 11:00:43.704,8.83559,8.83858,1.60,1.00
2014.02.05 11:00:44.497,8.83559,8.83852,1.60,1.50
2014.02.05 11:00:45.536,8.83561,8.83858,3.60,1.00
2014.02.05 11:00:51.891,8.83571,8.83857,1.60,1.00
2014.02.05 11:00:54.685,8.8364,8.83858,1.00,1.00
2014.02.05 11:00:57.993,8.8364,8.83838,1.00,1.00
2014.02.05 11:01:00.395,8.83641,8.83838,1.00,1.00
2014.02.05 11:01:00.445,8.83641,8.83858,1.00,1.00
2014.02.05 11:01:00.598,8.83641,8.83852,1.00,1.50
2014.02.05 11:01:01.464,8.83641,8.83853,1.00,1.50
2014.02.05 11:01:01.583,8.83641,8.83858,1.00,1.00
2014.02.05 11:01:05.070,8.83629,8.83858,1.00,1.00
2014.02.05 11:01:06.613,8.83624,8.83858,1.00,1.00
2014.02.05 11:01:07.806,8.83629,8.83858,1.00,1.00
2014.02.05 11:01:15.157,8.83616,8.83853,1.00,1.00
2014.02.05 11:01:16.414,8.83616,8.83852,1.00,1.50
2014.02.05 11:01:17.125,8.83616,8.83851,1.00,1.00
2014.02.05 11:01:26.195,8.83616,8.83839,1.00,1.00
2014.02.05 11:01:26.402,8.83616,8.83852,1.00,1.50
2014.02.05 11:01:26.453,8.83616,8.83842,1.00,1.50
2014.02.05 11:01:26.605,8.83549,8.83842,2.48,1.50
2014.02.05 11:01:26.656,8.83538,8.83842,1.88,1.50
2014.02.05 11:01:26.757,8.83527,8.83832,1.98,1.50
2014.02.05 11:01:57.019,8.83504,8.83832,2.48,1.50
2014.02.05 11:02:00.245,8.83595,8.83767,1.00,1.00
2014.02.05 11:02:05.381,8.83607,8.83779,1.00,1.00
2014.02.05 11:02:05.694,8.83532,8.83829,1.60,1.00
2014.02.05 11:02:28.910,8.83486,8.83829,1.98,1.00
2014.02.05 11:02:28.961,8.83484,8.83829,2.48,1.00
2014.02.05 11:02:32.294,8.8348,8.838,1.38,2.10
2014.02.05 11:02:32.597,8.83477,8.83623,1.50,1.50
2014.02.05 11:02:32.850,8.83427,8.83623,1.35,1.50
2014.02.05 11:02:33.615,8.83409,8.83623,2.48,1.50
2014.02.05 11:02:34.097,8.834,8.83623,2.48,1.50
2014.02.05 11:02:34.683,8.83418,8.83623,1.00,1.50
2014.02.05 11:02:35.295,8.83434,8.8359,1.00,1.00
2014.02.05 11:02:53.235,8.83434,8.83586,1.00,1.00
2014.02.05 11:02:53.446,8.83434,8.8359,1.00,1.00
2014.02.05 11:02:54.545,8.83439,8.8359,1.00,1.00
2014.02.05 11:03:03.224,8.83434,8.83589,1.00,1.00
2014.02.05 11:03:03.764,8.83434,8.8359,1.00,1.00
2014.02.05 11:03:35.418,8.83432,8.83602,1.00,1.00
2014.02.05 11:03:43.152,8.8342,8.8359,1.60,1.00
2014.02.05 11:03:43.407,8.83432,8.83602,1.00,1.00
2014.02.05 11:04:02.206,8.83421,8.83591,1.60,1.00
2014.02.05 11:04:02.358,8.83431,8.83601,1.00,1.00
2014.02.05 11:04:18.822,8.83431,8.83496,1.00,1.00
2014.02.05 11:04:18.873,8.83387,8.83447,1.00,1.00
2014.02.05 11:04:18.925,8.83318,8.83445,1.88,1.00
2014.02.05 11:04:18.975,8.83317,8.83435,2.63,1.00
2014.02.05 11:04:19.026,8.83317,8.83435,2.25,1.00
2014.02.05 11:04:19.077,8.83318,8.83426,1.50,1.00
2014.02.05 11:04:19.179,8.83325,8.83436,1.00,1.00
2014.02.05 11:04:19.280,8.83325,8.83454,1.00,1.00
2014.02.05 11:04:19.382,8.83325,8.83475,1.00,1.00
2014.02.05 11:04:19.433,8.83325,8.83495,1.00,1.00
2014.02.05 11:04:20.466,8.83333,8.83505,1.00,1.00
2014.02.05 11:04:21.450,8.83344,8.83514,1.00,1.00
2014.02.05 11:04:27.609,8.83395,8.83514,1.00,1.00
2014.02.05 11:04:27.761,8.83395,8.83548,2.85,1.00
2014.02.05 11:04:27.863,8.83395,8.83548,1.60,1.00
2014.02.05 11:04:27.965,8.83396,8.83568,1.60,1.00
2014.02.05 11:04:28.116,8.83402,8.83568,2.10,1.00
2014.02.05 11:04:28.218,8.8342,8.83573,1.00,1.00
2014.02.05 11:04:29.136,8.8342,8.83582,1.35,1.00
2014.02.05 11:04:29.656,8.83446,8.83582,1.00,1.00
2014.02.05 11:04:31.990,8.83446,8.83583,1.00,1.00
2014.02.05 11:04:49.352,8.83446,8.83587,1.00,1.00
2014.02.05 11:04:49.556,8.83446,8.83592,1.00,1.00
2014.02.05 11:04:49.607,8.83446,8.83596,1.00,1.00
2014.02.05 11:04:53.927,8.83446,8.83586,1.00,1.00
2014.02.05 11:04:54.985,8.83446,8.83575,1.00,1.00
2014.02.05 11:04:55.339,8.8347,8.83575,1.00,1.00
2014.02.05 11:04:55.440,8.8347,8.83604,1.00,1.00
2014.02.05 11:04:55.543,8.8347,8.8363,1.00,1.00
2014.02.05 11:04:55.593,8.8347,8.8363,1.60,1.00
2014.02.05 11:04:55.927,8.83485,8.83632,1.00,1.00
2014.02.05 11:04:56.600,8.83485,8.83655,1.00,1.00
2014.02.05 11:04:56.651,8.83485,8.83622,1.00,1.50
2014.02.05 11:04:56.752,8.83476,8.83622,1.00,1.50
2014.02.05 11:04:56.854,8.83443,8.83615,1.00,1.00
2014.02.05 11:04:56.955,8.83428,8.83598,1.00,1.00
2014.02.05 11:04:57.492,8.83451,8.83598,1.00,1.00
2014.02.05 11:04:57.601,8.83428,8.83598,1.00,1.00
2014.02.05 11:04:57.702,8.83447,8.83598,1.00,1.00
2014.02.05 11:04:58.939,8.83447,8.83587,1.00,1.00
2014.02.05 11:05:14.097,8.83447,8.836,1.00,1.00
2014.02.05 11:05:23.326,8.83447,8.8359,1.00,1.00
2014.02.05 11:05:42.212,8.83447,8.83577,1.00,1.00
2014.02.05 11:05:43.475,8.83447,8.83589,1.00,1.00
2014.02.05 11:05:55.211,8.83447,8.83578,1.00,1.00
2014.02.05 11:05:57.846,8.83418,8.83578,1.00,1.00
2014.02.05 11:05:58.627,8.83461,8.83578,2.10,1.00
2014.02.05 11:05:58.728,8.83461,8.83612,2.10,1.00
2014.02.05 11:05:58.830,8.83467,8.83628,2.10,1.00
2014.02.05 11:05:58.932,8.83467,8.83638,2.10,1.00
2014.02.05 11:05:59.913,8.83478,8.8365,1.60,1.00
2014.02.05 11:06:00.530,8.83521,8.8365,1.00,1.00
2014.02.05 11:06:03.139,8.83521,8.83644,1.00,1.00
2014.02.05 11:06:03.191,8.83478,8.83644,1.00,1.00
2014.02.05 11:06:03.242,8.83478,8.83623,1.00,1.50
2014.02.05 11:06:03.293,8.83441,8.83611,1.00,1.00
2014.02.05 11:06:04.351,8.83431,8.83603,1.00,1.00
2014.02.05 11:06:04.843,8.83451,8.83603,1.00,1.00
2014.02.05 11:06:07.277,8.83451,8.83594,1.00,1.00
2014.02.05 11:06:14.210,8.83451,8.83583,1.00,1.00
2014.02.05 11:06:34.283,8.83451,8.83585,1.00,1.00
2014.02.05 11:06:43.479,8.83451,8.83576,1.00,1.00
2014.02.05 11:06:44.328,8.83451,8.83584,1.00,1.00
2014.02.05 11:06:47.370,8.83462,8.83605,2.10,1.00
2014.02.05 11:06:47.421,8.83462,8.83609,2.10,1.00
2014.02.05 11:06:47.603,8.83477,8.83629,1.60,1.00
2014.02.05 11:06:47.704,8.83477,8.83647,1.60,1.00
2014.02.05 11:06:49.117,8.83509,8.83647,1.00,1.00
2014.02.05 11:06:58.599,8.83509,8.83615,1.00,1.00
2014.02.05 11:06:58.700,8.83448,8.83615,1.00,1.00
2014.02.05 11:06:58.802,8.83448,8.83604,1.00,1.00
2014.02.05 11:06:58.903,8.83434,8.83604,1.00,1.00
2014.02.05 11:07:00.330,8.83424,8.83594,1.00,1.00
2014.02.05 11:07:00.674,8.83434,8.8359,1.00,1.00
2014.02.05 11:07:10.160,8.83464,8.8359,2.10,1.00
2014.02.05 11:07:10.262,8.83464,8.83623,2.10,1.00
2014.02.05 11:07:10.313,8.83464,8.83635,2.10,1.00
2014.02.05 11:07:10.364,8.8347,8.83635,2.10,1.00
2014.02.05 11:07:10.414,8.83477,8.83647,1.60,1.00
2014.02.05 11:07:11.801,8.8351,8.83647,1.00,1.00
2014.02.05 11:07:20.211,8.8351,8.83653,1.00,1.00
2014.02.05 11:07:30.358,8.8351,8.83613,1.00,1.00
2014.02.05 11:07:30.797,8.8351,8.83646,1.00,1.00
2014.02.05 11:07:30.949,8.83476,8.83622,1.00,1.50
2014.02.05 11:07:31.000,8.83456,8.83616,1.00,1.00
2014.02.05 11:07:31.051,8.83444,8.83616,1.00,1.00
2014.02.05 11:07:31.152,8.83436,8.83606,1.00,1.00
2014.02.05 11:07:31.457,8.83427,8.83597,1.00,1.00
2014.02.05 11:07:32.307,8.83417,8.83589,1.00,1.00
2014.02.05 11:07:32.674,8.83435,8.83589,1.00,1.50
2014.02.05 11:07:35.112,8.83454,8.83589,1.00,1.00
2014.02.05 11:07:35.264,8.83454,8.83599,1.00,1.00
2014.02.05 11:07:56.020,8.83454,8.83601,1.00,1.00
2014.02.05 11:08:08.698,8.83454,8.83586,1.00,1.00
2014.02.05 11:08:08.850,8.83435,8.83586,1.00,1.00
2014.02.05 11:08:09.856,8.83435,8.83575,1.00,1.00
2014.02.05 11:08:10.271,8.83435,8.83564,1.00,1.00
2014.02.05 11:08:10.407,8.83435,8.83576,1.00,1.00
2014.02.05 11:08:12.609,8.83432,8.83576,1.60,1.00
2014.02.05 11:08:12.711,8.83455,8.83587,1.00,1.00
2014.02.05 11:08:13.911,8.83455,8.836,1.00,1.00
2014.02.05 11:08:30.759,8.83455,8.83591,1.00,1.00
2014.02.05 11:08:30.992,8.83435,8.83589,1.00,1.00
2014.02.05 11:08:31.093,8.83435,8.83581,1.00,1.00
2014.02.05 11:08:31.418,8.83435,8.83572,1.00,1.00
2014.02.05 11:08:34.953,8.83432,8.83572,1.60,1.00
2014.02.05 11:08:35.004,8.83432,8.83581,1.60,1.00
2014.02.05 11:08:35.055,8.83454,8.83581,1.00,1.00
2014.02.05 11:08:35.106,8.83454,8.83593,1.00,1.00
2014.02.05 11:08:35.157,8.83435,8.83593,1.60,1.00
2014.02.05 11:08:35.208,8.83435,8.83603,1.60,1.50
2014.02.05 11:08:35.259,8.8346,8.83603,1.00,1.50
2014.02.05 11:08:35.641,8.8346,8.83595,1.00,1.00
2014.02.05 11:08:38.877,8.8346,8.83603,1.60,1.50
2014.02.05 11:08:38.978,8.83455,8.83614,1.60,1.00
2014.02.05 11:08:39.080,8.83455,8.83625,2.10,1.00
2014.02.05 11:08:39.131,8.83484,8.83625,1.00,1.00
2014.02.05 11:08:40.987,8.83484,8.83623,1.00,1.00
2014.02.05 11:08:41.678,8.83484,8.83613,1.00,1.00
2014.02.05 11:08:42.306,8.83484,8.83625,1.00,1.00
2014.02.05 11:08:42.458,8.83479,8.83633,1.60,1.00
2014.02.05 11:08:42.667,8.83505,8.83633,1.00,1.00
2014.02.05 11:08:42.859,8.83486,8.83632,1.60,1.00
2014.02.05 11:08:42.960,8.83509,8.83632,1.00,1.00
2014.02.05 11:08:43.955,8.83509,8.83633,1.00,1.00
2014.02.05 11:08:44.649,8.83477,8.83649,1.00,1.00
2014.02.05 11:08:44.699,8.83467,8.83637,1.00,1.00
2014.02.05 11:08:45.003,8.83437,8.83607,1.00,1.00
2014.02.05 11:08:45.316,8.83424,8.83594,1.00,1.00
2014.02.05 11:08:46.358,8.83434,8.8359,1.00,1.00
2014.02.05 11:08:48.557,8.83474,8.8359,1.00,1.00
2014.02.05 11:08:48.710,8.83474,8.83627,1.60,1.00
2014.02.05 11:08:48.812,8.83476,8.83632,1.60,1.00
2014.02.05 11:08:48.863,8.83476,8.83632,1.60,1.00
2014.02.05 11:08:49.346,8.83476,8.83648,1.60,1.00
2014.02.05 11:08:50.118,8.83486,8.83653,1.60,1.00
2014.02.05 11:08:50.451,8.83509,8.83653,1.00,1.00
2014.02.05 11:08:50.996,8.83509,8.83652,1.00,1.00
2014.02.05 11:08:51.986,8.83509,8.83653,1.00,1.00
2014.02.05 11:09:01.337,8.83509,8.83656,1.00,1.00
2014.02.05 11:09:01.388,8.83528,8.83656,2.10,1.00
2014.02.05 11:09:01.540,8.83528,8.83676,2.10,1.00
2014.02.05 11:09:01.641,8.83527,8.8368,2.10,1.00
2014.02.05 11:09:01.692,8.83529,8.83699,1.60,1.00
2014.02.05 11:09:01.793,8.83555,8.83725,1.00,1.00
2014.02.05 11:09:01.895,8.83563,8.83735,1.00,1.00
2014.02.05 11:09:02.752,8.83555,8.83725,1.00,1.00
2014.02.05 11:09:02.962,8.83563,8.83735,1.00,1.00
2014.02.05 11:09:03.013,8.83579,8.83735,1.00,1.50
2014.02.05 11:09:03.114,8.83563,8.83722,1.00,1.00
2014.02.05 11:09:03.317,8.83554,8.83722,1.00,1.00
2014.02.05 11:09:03.833,8.83544,8.83714,1.00,1.00
2014.02.05 11:09:04.738,8.83557,8.83727,1.00,1.00
2014.02.05 11:09:05.244,8.83585,8.83757,1.00,1.08
2014.02.05 11:09:05.498,8.83546,8.83716,1.00,1.00
2014.02.05 11:09:05.751,8.83546,8.83713,1.00,1.50
2014.02.05 11:09:05.802,8.83532,8.83702,1.00,1.00
2014.02.05 11:09:06.002,8.83543,8.83713,1.00,1.50
2014.02.05 11:09:06.763,8.83534,8.83706,1.00,1.00
2014.02.05 11:09:11.116,8.83534,8.83706,1.60,1.00
2014.02.05 11:09:11.268,8.83543,8.83715,1.60,1.00
2014.02.05 11:09:11.320,8.83543,8.83715,1.60,1.00
2014.02.05 11:09:11.371,8.83556,8.83726,1.00,1.00
2014.02.05 11:09:11.586,8.83563,8.83733,1.00,1.00
2014.02.05 11:09:12.464,8.83579,8.83733,1.00,1.00
2014.02.05 11:09:12.666,8.83584,8.8374,1.50,1.00
2014.02.05 11:09:13.548,8.83585,8.8374,1.00,1.00
2014.02.05 11:09:14.084,8.83574,8.8374,1.00,1.00
2014.02.05 11:09:14.410,8.83565,8.83735,1.00,1.00
2014.02.05 11:09:15.276,8.83553,8.83723,1.00,1.00
2014.02.05 11:09:15.618,8.83553,8.83712,1.00,1.50
2014.02.05 11:09:16.516,8.83543,8.83712,1.00,1.50
2014.02.05 11:09:18.747,8.83546,8.83712,1.00,1.50
2014.02.05 11:09:18.849,8.83564,8.83734,1.00,1.00
2014.02.05 11:09:18.899,8.83552,8.83722,1.00,1.10
2014.02.05 11:09:19.203,8.83565,8.83737,1.00,1.08
2014.02.05 11:09:19.254,8.83547,8.83717,1.00,1.00
2014.02.05 11:09:20.228,8.83566,8.83736,1.00,1.08
2014.02.05 11:09:20.430,8.83563,8.83735,1.00,1.08
2014.02.05 11:09:20.788,8.83545,8.83715,1.00,1.00
2014.02.05 11:09:21.193,8.83554,8.83724,1.00,1.00
2014.02.05 11:09:21.444,8.83556,8.83728,1.00,1.00
2014.02.05 11:09:22.399,8.83572,8.83742,1.00,1.00
2014.02.05 11:09:22.500,8.83562,8.83734,1.00,1.00
2014.02.05 11:09:23.129,8.83552,8.83722,1.00,1.00
2014.02.05 11:09:23.453,8.83563,8.83735,1.00,1.00
2014.02.05 11:09:23.914,8.83555,8.83725,1.00,1.00
2014.02.05 11:09:29.482,8.83564,8.83734,1.00,1.00
2014.02.05 11:09:30.441,8.83555,8.83725,1.00,1.00
2014.02.05 11:09:30.744,8.83564,8.83734,1.00,1.00
2014.02.05 11:09:31.088,8.83552,8.83722,1.00,1.00
2014.02.05 11:09:31.979,8.83545,8.83717,1.00,1.00
2014.02.05 11:09:32.030,8.83545,8.83712,1.00,1.50
2014.02.05 11:09:33.208,8.83533,8.83703,1.00,1.00
2014.02.05 11:09:35.824,8.83544,8.83712,1.00,1.50
2014.02.05 11:09:41.931,8.83544,8.83714,1.00,1.00
2014.02.05 11:09:55.846,8.83537,8.83707,1.00,1.00
2014.02.05 11:10:06.229,8.83548,8.8372,1.00,1.00
2014.02.05 11:10:06.591,8.83548,8.83713,1.00,1.50
2014.02.05 11:10:06.642,8.83536,8.83708,1.00,1.00
2014.02.05 11:10:06.895,8.83546,8.83713,1.00,1.50
2014.02.05 11:10:07.426,8.83537,8.83707,1.00,1.00
2014.02.05 11:10:07.871,8.83552,8.83722,1.00,1.10
2014.02.05 11:10:08.595,8.83536,8.83706,1.00,1.00
2014.02.05 11:10:11.481,8.83516,8.83679,1.00,1.00
2014.02.05 11:10:11.532,8.83507,8.83679,1.00,1.00
2014.02.05 11:10:11.684,8.83496,8.83668,1.00,1.00
2014.02.05 11:10:11.991,8.83494,8.83666,1.00,1.00
2014.02.05 11:10:12.302,8.83473,8.836,1.00,1.00
2014.02.05 11:10:12.353,8.83478,8.8362,1.00,1.00
2014.02.05 11:10:12.404,8.83478,8.83648,1.00,1.00
2014.02.05 11:10:12.556,8.83458,8.83613,1.00,1.00
2014.02.05 11:10:12.607,8.83443,8.83613,1.00,1.00
2014.02.05 11:10:13.772,8.83435,8.83605,1.00,1.00
2014.02.05 11:10:14.076,8.83458,8.83628,1.00,1.00
2014.02.05 11:10:15.859,8.83445,8.83617,1.00,1.00
2014.02.05 11:10:20.532,8.83426,8.8359,1.00,1.00
2014.02.05 11:10:20.583,8.8342,8.8359,1.00,1.00
2014.02.05 11:10:21.456,8.83404,8.83576,1.00,1.00
2014.02.05 11:10:22.575,8.83393,8.83563,1.00,1.00
2014.02.05 11:10:24.261,8.83379,8.83547,1.00,1.00
2014.02.05 11:10:24.484,8.83386,8.83558,1.00,1.00
2014.02.05 11:10:33.130,8.83379,8.83548,1.00,1.00
2014.02.05 11:10:34.202,8.83387,8.83557,1.00,1.00
2014.02.05 11:10:35.275,8.83379,8.83542,1.00,1.00
2014.02.05 11:10:35.377,8.83382,8.83552,1.00,1.00
2014.02.05 11:10:35.529,8.83395,8.83565,1.00,1.00
2014.02.05 11:10:37.361,8.83385,8.83557,1.00,1.00
2014.02.05 11:10:37.462,8.83377,8.83547,1.00,1.00
2014.02.05 11:10:38.489,8.83368,8.83538,1.00,1.00
2014.02.05 11:10:38.795,8.83358,8.83528,1.00,1.00
2014.02.05 11:10:39.972,8.83342,8.83512,1.00,1.00
2014.02.05 11:10:40.303,8.83332,8.83502,1.38,1.00
2014.02.05 11:10:41.127,8.83332,8.83502,1.00,1.00
2014.02.05 11:10:42.126,8.83318,8.8349,1.00,1.00
2014.02.05 11:10:42.332,8.83338,8.8351,1.00,1.00
2014.02.05 11:10:42.636,8.8332,8.8349,1.00,1.08
2014.02.05 11:10:42.687,8.8318,8.83523,1.38,1.39
2014.02.05 11:10:42.738,8.8318,8.83523,1.38,2.58
2014.02.05 11:10:42.839,8.8318,8.83532,1.38,1.30
2014.02.05 11:10:42.890,8.8318,8.83532,1.38,1.30
2014.02.05 11:10:43.194,8.83276,8.83448,1.00,1.00
2014.02.05 11:10:43.501,8.83259,8.83429,1.00,1.00
2014.02.05 11:10:43.856,8.83235,8.83405,1.00,1.00
2014.02.05 11:10:44.519,8.83224,8.83396,1.38,1.00
2014.02.05 11:10:45.384,8.83238,8.83408,1.00,1.00
2014.02.05 11:10:45.485,8.83226,8.83396,1.38,1.00
2014.02.05 11:10:46.487,8.83248,8.8342,1.00,1.00
2014.02.05 11:10:46.649,8.83239,8.83409,1.00,1.00
2014.02.05 11:10:47.540,8.83241,8.83413,1.00,1.00
2014.02.05 11:10:48.403,8.83251,8.83421,1.00,1.00
2014.02.05 11:10:48.555,8.83229,8.83401,1.00,1.00
2014.02.05 11:10:48.757,8.83246,8.83416,1.00,1.00
2014.02.05 11:10:49.174,8.83231,8.83401,1.00,1.00
2014.02.05 11:10:49.733,8.8324,8.8341,1.00,1.00
2014.02.05 11:10:49.835,8.83221,8.83393,1.00,1.00
2014.02.05 11:10:50.594,8.83204,8.83374,1.00,1.00
2014.02.05 11:10:50.797,8.83193,8.83365,1.00,1.00
2014.02.05 11:10:51.559,8.83185,8.83355,1.00,1.00
2014.02.05 11:10:51.831,8.83171,8.83343,1.00,1.00
2014.02.05 11:10:52.761,8.8316,8.8333,1.00,1.00
2014.02.05 11:10:53.997,8.8317,8.8334,1.00,1.00
2014.02.05 11:10:54.565,8.83169,8.83341,1.00,1.00
2014.02.05 11:10:55.305,8.83173,8.83345,1.00,1.00
2014.02.05 11:10:55.665,8.83165,8.83335,1.00,1.00
2014.02.05 11:10:55.819,8.83173,8.83345,1.00,1.00
2014.02.05 11:10:55.970,8.83161,8.83333,1.00,1.00
2014.02.05 11:11:04.912,8.83299,8.83363,2.10,1.50
2014.02.05 11:11:05.013,8.83299,8.83411,2.10,1.00
2014.02.05 11:11:05.115,8.83299,8.83392,2.10,1.50
2014.02.05 11:11:05.216,8.83299,8.83439,2.10,1.05
2014.02.05 11:11:05.368,8.83284,8.83439,1.00,1.05
2014.02.05 11:11:05.570,8.83284,8.83456,1.00,1.00
2014.02.05 11:11:05.672,8.83294,8.83466,1.00,1.00
2014.02.05 11:11:06.135,8.83294,8.83462,1.00,1.00
2014.02.05 11:11:06.446,8.83305,8.83462,1.00,1.00
2014.02.05 11:11:07.099,8.83305,8.83472,1.00,1.00
2014.02.05 11:11:07.302,8.83315,8.83472,1.00,1.00
2014.02.05 11:11:07.768,8.83334,8.83472,1.00,1.00
2014.02.05 11:11:08.304,8.83334,8.83485,1.00,1.00
2014.02.05 11:11:08.457,8.83315,8.83468,1.00,1.00
2014.02.05 11:11:08.805,8.83312,8.83468,1.00,1.00
2014.02.05 11:11:08.966,8.83312,8.83464,1.00,1.00
2014.02.05 11:11:09.829,8.83312,8.83468,1.00,1.00
2014.02.05 11:11:14.155,8.83312,8.83459,1.00,1.00
2014.02.05 11:11:14.306,8.83267,8.83425,1.00,1.00
2014.02.05 11:11:14.357,8.83253,8.83425,1.00,1.00
2014.02.05 11:11:14.408,8.83242,8.83412,1.00,1.00
2014.02.05 11:11:15.065,8.83242,8.83406,1.00,1.00
2014.02.05 11:11:15.397,8.83242,8.83406,1.60,1.00
2014.02.05 11:11:15.698,8.83251,8.83406,1.60,1.00
2014.02.05 11:11:16.656,8.83251,8.83406,1.60,1.00
2014.02.05 11:11:18.009,8.83258,8.83406,1.00,1.00
2014.02.05 11:11:20.864,8.8329,8.83423,2.10,1.00
2014.02.05 11:11:20.914,8.8329,8.83436,2.10,1.00
2014.02.05 11:11:21.016,8.8329,8.83446,2.10,1.00
2014.02.05 11:11:21.168,8.83298,8.8347,1.60,1.00
2014.02.05 11:11:21.780,8.83298,8.83446,1.60,1.00
2014.02.05 11:11:22.107,8.83298,8.8347,1.60,1.00
2014.02.05 11:11:22.158,8.83298,8.8347,1.60,1.00
2014.02.05 11:11:22.579,8.83298,8.83451,1.60,1.00
2014.02.05 11:11:22.630,8.83298,8.8347,1.00,1.00
2014.02.05 11:11:22.731,8.83286,8.83458,1.00,1.00
2014.02.05 11:11:23.035,8.83286,8.83428,1.00,1.00
2014.02.05 11:11:23.377,8.83275,8.83406,1.00,1.00
2014.02.05 11:11:28.118,8.83265,8.83406,1.00,1.00
2014.02.05 11:11:28.219,8.83254,8.83406,1.60,1.00
2014.02.05 11:11:29.115,8.83267,8.83406,1.00,1.00
2014.02.05 11:11:29.855,8.83291,8.83406,2.10,1.00
2014.02.05 11:11:29.906,8.83291,8.83424,2.10,1.00
2014.02.05 11:11:29.957,8.83291,8.83452,2.10,1.00
2014.02.05 11:11:30.109,8.83296,8.83452,2.10,1.00
2014.02.05 11:11:30.210,8.83297,8.83469,1.60,1.00
2014.02.05 11:11:30.616,8.83297,8.83469,1.60,1.00
2014.02.05 11:11:30.870,8.83297,8.83446,1.60,1.00
2014.02.05 11:11:31.737,8.83297,8.83446,2.85,1.00
2014.02.05 11:11:35.415,8.83306,8.83446,1.60,1.00
2014.02.05 11:11:36.177,8.83306,8.83446,1.60,1.00
2014.02.05 11:11:37.613,8.83306,8.83446,1.60,1.00
2014.02.05 11:11:49.573,8.83317,8.83446,1.00,1.00
2014.02.05 11:11:50.127,8.83309,8.83446,1.60,1.00
2014.02.05 11:11:50.886,8.83395,8.83446,2.10,1.00
2014.02.05 11:11:50.938,8.83398,8.83522,1.60,1.50
2014.02.05 11:11:50.989,8.83398,8.83522,1.00,1.50
2014.02.05 11:11:51.040,8.83398,8.83562,1.00,1.50
2014.02.05 11:11:51.141,8.83393,8.83469,1.00,1.00
2014.02.05 11:11:51.293,8.83368,8.83469,1.00,1.00
2014.02.05 11:11:51.344,8.83368,8.83446,1.00,1.00
2014.02.05 11:11:52.044,8.83308,8.83446,1.00,1.00
2014.02.05 11:11:52.096,8.83308,8.83446,1.60,1.00
2014.02.05 11:11:52.400,8.83316,8.83446,1.00,1.00
2014.02.05 11:11:52.707,8.83308,8.83446,1.00,1.00
2014.02.05 11:11:54.062,8.83317,8.83446,1.00,1.00
2014.02.05 11:11:54.394,8.83347,8.83446,1.00,1.00
2014.02.05 11:11:54.445,8.83347,8.83475,1.00,1.00
2014.02.05 11:11:54.547,8.83347,8.835,1.00,1.00
2014.02.05 11:11:54.951,8.83358,8.835,1.00,1.00
2014.02.05 11:11:55.296,8.83358,8.83491,1.00,1.00
2014.02.05 11:11:55.617,8.83358,8.83487,1.00,1.00
2014.02.05 11:11:55.942,8.83366,8.83491,2.10,1.00
2014.02.05 11:11:56.044,8.83368,8.83491,1.00,1.00
2014.02.05 11:12:06.024,8.83382,8.83491,1.00,1.00
2014.02.05 11:12:06.125,8.83364,8.83491,1.00,1.00
2014.02.05 11:12:06.531,8.83374,8.83544,1.00,1.00
2014.02.05 11:12:06.683,8.83374,8.83515,1.00,1.00
2014.02.05 11:12:06.987,8.83365,8.83515,1.00,1.00
2014.02.05 11:12:07.139,8.83365,8.83535,1.00,1.00
2014.02.05 11:12:07.291,8.83375,8.83545,1.00,1.00
2014.02.05 11:12:08.039,8.83358,8.8353,1.00,1.00
2014.02.05 11:12:08.526,8.8335,8.8352,1.00,1.00
2014.02.05 11:12:08.930,8.83366,8.83538,1.00,1.00
2014.02.05 11:12:09.138,8.83357,8.83529,1.00,1.00
2014.02.05 11:12:17.194,8.8337,8.83529,1.00,1.00
2014.02.05 11:12:18.188,8.83357,8.83529,1.00,1.00
2014.02.05 11:12:18.578,8.83357,8.83488,1.00,1.00
2014.02.05 11:12:18.730,8.83348,8.83488,1.00,1.00
2014.02.05 11:12:18.831,8.83348,8.83479,1.00,1.00
2014.02.05 11:12:18.933,8.83344,8.83516,1.38,1.00
2014.02.05 11:12:20.016,8.83364,8.83534,1.00,1.00
2014.02.05 11:12:20.884,8.83372,8.83544,1.00,1.00
2014.02.05 11:12:26.045,8.83363,8.83535,1.00,1.00
2014.02.05 11:12:26.385,8.8337,8.83535,1.00,1.00
2014.02.05 11:12:27.443,8.83374,8.83544,1.00,1.00
2014.02.05 11:12:28.799,8.83394,8.83544,1.00,1.00
2014.02.05 11:12:36.579,8.83394,8.8346,1.00,1.00
2014.02.05 11:12:36.731,8.83374,8.8342,1.00,1.00
2014.02.05 11:12:36.782,8.83287,8.83412,1.60,1.00
2014.02.05 11:12:36.883,8.83259,8.8342,2.48,1.00
2014.02.05 11:12:36.934,8.83269,8.8342,1.35,1.00
2014.02.05 11:12:37.086,8.83393,8.83492,1.00,1.00
2014.02.05 11:12:37.339,8.83393,8.83521,1.00,1.00
2014.02.05 11:12:46.808,8.83393,8.83532,1.00,1.00
2014.02.05 11:12:57.248,8.83393,8.83522,1.00,1.00
2014.02.05 11:12:58.354,8.8335,8.83522,1.00,1.00
2014.02.05 11:12:58.455,8.8334,8.83512,1.00,1.00
2014.02.05 11:12:58.810,8.83355,8.83509,1.00,1.00
2014.02.05 11:12:59.708,8.83374,8.83512,1.00,1.00
2014.02.05 11:13:01.622,8.83374,8.83498,1.00,1.00
2014.02.05 11:13:01.673,8.8334,8.83498,1.00,1.00
2014.02.05 11:13:01.825,8.83331,8.83498,1.00,1.00
2014.02.05 11:13:02.464,8.83334,8.8349,1.00,1.00
2014.02.05 11:13:02.802,8.83334,8.83486,1.00,1.00
2014.02.05 11:13:03.111,8.83354,8.83496,1.00,1.00
2014.02.05 11:13:06.644,8.83329,8.83483,1.00,1.00
2014.02.05 11:13:07.553,8.83329,8.83444,1.00,1.00
2014.02.05 11:13:07.604,8.83316,8.83444,1.00,1.00
2014.02.05 11:13:07.807,8.83275,8.83444,1.00,1.00
2014.02.05 11:13:07.938,8.83275,8.83447,1.00,1.00
2014.02.05 11:13:07.988,8.83275,8.83447,1.38,1.00
2014.02.05 11:13:08.039,8.83285,8.83457,1.00,1.00
2014.02.05 11:13:08.242,8.83301,8.83473,1.00,1.00
2014.02.05 11:13:11.389,8.83316,8.83486,1.00,1.00
2014.02.05 11:13:13.007,8.83311,8.83483,1.00,1.00
2014.02.05 11:13:17.055,8.83301,8.83471,1.00,1.00
2014.02.05 11:13:19.915,8.83311,8.83481,1.00,1.00
2014.02.05 11:13:20.236,8.8332,8.8349,1.00,1.50
2014.02.05 11:13:21.434,8.83311,8.83481,1.00,1.00
2014.02.05 11:13:21.544,8.83301,8.83473,1.00,1.00
2014.02.05 11:13:22.971,8.83292,8.83464,1.00,1.00
2014.02.05 11:13:27.880,8.83281,8.83451,1.00,1.00
2014.02.05 11:13:28.908,8.83289,8.83461,1.00,1.00
2014.02.05 11:13:30.866,8.83289,8.83389,1.00,1.00
2014.02.05 11:13:31.018,8.83251,8.83389,1.00,1.00
2014.02.05 11:13:31.120,8.83228,8.83389,1.00,1.00
2014.02.05 11:13:31.221,8.83228,8.83379,1.00,1.00
2014.02.05 11:13:31.424,8.83228,8.83387,1.00,1.00
2014.02.05 11:13:32.009,8.83227,8.83387,1.00,1.00
2014.02.05 11:13:32.110,8.83217,8.83387,1.00,1.00
2014.02.05 11:13:32.212,8.83207,8.83375,1.60,1.00
2014.02.05 11:13:32.467,8.83205,8.83375,1.00,1.00
2014.02.05 11:13:32.518,8.83198,8.83366,1.00,1.00
2014.02.05 11:13:32.835,8.83198,8.83366,1.60,1.00
2014.02.05 11:13:33.038,8.83217,8.83376,1.00,1.00
2014.02.05 11:13:33.144,8.83218,8.83374,1.00,1.00
2014.02.05 11:13:34.006,8.83228,8.83374,1.00,1.00
2014.02.05 11:13:34.368,8.83287,8.83374,1.00,1.00
2014.02.05 11:13:35.663,8.83268,8.83374,1.00,1.00
2014.02.05 11:13:45.302,8.83237,8.83374,1.00,1.00
2014.02.05 11:13:45.353,8.83237,8.83385,1.00,1.00
2014.02.05 11:13:45.558,8.83247,8.83417,1.00,1.00
2014.02.05 11:13:45.813,8.83255,8.83427,1.00,1.00
2014.02.05 11:13:46.560,8.83269,8.83427,1.00,1.00
2014.02.05 11:13:46.914,8.83255,8.83427,1.00,1.00
2014.02.05 11:13:47.015,8.83257,8.83427,1.00,1.00
2014.02.05 11:13:47.319,8.83296,8.83466,1.38,1.00
2014.02.05 11:13:47.724,8.83304,8.83476,1.00,1.00
2014.02.05 11:13:48.407,8.83304,8.83476,1.38,1.00
2014.02.05 11:13:49.683,8.83313,8.83485,1.00,1.00
2014.02.05 11:13:49.964,8.83323,8.83493,1.00,1.00
2014.02.05 11:13:52.792,8.83305,8.83477,1.38,1.00
2014.02.05 11:13:53.096,8.83286,8.83458,1.38,1.00
2014.02.05 11:13:53.147,8.83296,8.83466,1.38,1.00
2014.02.05 11:13:53.569,8.8328,8.83452,1.38,1.00
2014.02.05 11:13:53.872,8.8326,8.83432,1.38,1.00
2014.02.05 11:13:54.802,8.83251,8.83421,1.38,1.00
2014.02.05 11:14:05.466,8.83263,8.83433,1.38,1.00
2014.02.05 11:14:05.567,8.83271,8.83443,1.38,1.00
2014.02.05 11:14:08.912,8.83281,8.83451,1.38,1.00
2014.02.05 11:14:10.595,8.83292,8.83464,1.38,1.00
2014.02.05 11:14:10.905,8.83306,8.83476,1.38,1.00
2014.02.05 11:14:11.006,8.83315,8.83485,1.00,1.00
2014.02.05 11:14:11.897,8.83303,8.83473,1.38,1.00
2014.02.05 11:14:12.937,8.83314,8.83486,1.00,1.00
2014.02.05 11:14:13.797,8.83304,8.83474,1.38,1.00
2014.02.05 11:14:15.147,8.83293,8.83465,1.38,1.00
2014.02.05 11:14:15.254,8.83304,8.83474,1.38,1.00
2014.02.05 11:14:15.356,8.83313,8.83483,1.00,1.00
2014.02.05 11:14:15.457,8.83299,8.83469,1.38,1.00
2014.02.05 11:14:15.663,8.83305,8.83475,1.38,1.00
2014.02.05 11:14:15.815,8.83295,8.83467,1.38,1.00
2014.02.05 11:14:16.028,8.83305,8.83477,1.38,1.00
2014.02.05 11:14:16.130,8.83273,8.83443,1.38,1.00
2014.02.05 11:14:16.448,8.83273,8.83443,1.00,1.00
2014.02.05 11:14:16.549,8.83268,8.83427,1.88,1.00
2014.02.05 11:14:16.857,8.83268,8.83425,1.88,1.00
2014.02.05 11:14:17.617,8.83268,8.83425,1.88,1.00
2014.02.05 11:14:17.769,8.83275,8.83445,1.38,1.00
2014.02.05 11:14:17.871,8.83256,8.83428,1.38,1.00
2014.02.05 11:14:19.200,8.83256,8.83428,1.38,1.00
2014.02.05 11:14:19.406,8.83248,8.83413,1.88,1.00
2014.02.05 11:14:19.712,8.83219,8.83391,1.38,1.00
2014.02.05 11:14:19.965,8.83217,8.83375,2.48,1.00
2014.02.05 11:14:20.270,8.83217,8.83366,2.48,1.00
2014.02.05 11:14:20.372,8.83217,8.83374,1.50,1.00
2014.02.05 11:14:20.473,8.83217,8.83366,1.50,1.00
2014.02.05 11:14:20.726,8.83169,8.83341,1.00,1.00
2014.02.05 11:14:20.827,8.83147,8.83311,1.00,1.00
2014.02.05 11:14:23.011,8.83148,8.83311,1.00,1.00
2014.02.05 11:14:23.314,8.83207,8.83322,1.00,1.00
2014.02.05 11:14:24.136,8.83207,8.83322,1.60,1.00
2014.02.05 11:14:24.187,8.83184,8.83333,2.10,1.00
2014.02.05 11:14:24.305,8.83218,8.83356,2.10,1.00
2014.02.05 11:14:24.358,8.83218,8.83356,2.48,1.00
2014.02.05 11:14:24.409,8.83218,8.83368,2.48,1.00
2014.02.05 11:14:25.815,8.83257,8.83368,1.00,1.00
2014.02.05 11:14:26.495,8.83257,8.83357,1.00,1.00
2014.02.05 11:14:26.596,8.83218,8.83357,2.48,1.00
2014.02.05 11:14:26.647,8.83218,8.83357,1.50,1.00
2014.02.05 11:14:26.698,8.83218,8.83346,1.50,1.00
2014.02.05 11:14:26.799,8.83154,8.8331,1.00,1.00
2014.02.05 11:14:26.901,8.8314,8.8331,1.00,1.00
2014.02.05 11:14:26.952,8.83129,8.83301,1.38,1.00
2014.02.05 11:14:27.265,8.83109,8.83281,1.38,1.00
2014.02.05 11:14:27.962,8.83109,8.83281,1.38,1.00
2014.02.05 11:14:28.013,8.831,8.8327,1.38,1.00
2014.02.05 11:14:29.193,8.831,8.8327,1.38,1.00
2014.02.05 11:14:29.244,8.83088,8.8326,1.38,1.00
2014.02.05 11:14:29.705,8.83088,8.8326,1.00,1.00
2014.02.05 11:14:29.757,8.83079,8.83251,1.38,1.00
2014.02.05 11:14:30.392,8.83078,8.83242,1.88,1.00
2014.02.05 11:14:30.695,8.83104,8.8323,1.00,1.00
2014.02.05 11:14:30.746,8.83071,8.83243,1.58,1.00
2014.02.05 11:14:30.950,8.8308,8.83252,1.38,1.00
2014.02.05 11:14:31.903,8.83091,8.83261,1.00,1.00
2014.02.05 11:14:32.213,8.83103,8.83275,1.00,1.00
2014.02.05 11:14:32.775,8.83095,8.83265,1.00,1.00
2014.02.05 11:14:35.944,8.83084,8.83256,1.00,1.00
2014.02.05 11:14:36.812,8.83067,8.83237,1.13,1.00
2014.02.05 11:14:37.116,8.83057,8.83229,2.63,1.00
2014.02.05 11:14:39.522,8.83067,8.83237,1.13,1.00
2014.02.05 11:14:42.671,8.83072,8.83237,1.00,1.00
2014.02.05 11:14:42.722,8.83092,8.83262,1.00,1.00
2014.02.05 11:14:42.773,8.83137,8.83262,1.00,1.00
2014.02.05 11:14:43.629,8.83137,8.83254,1.00,1.00
2014.02.05 11:14:46.323,8.83137,8.83254,1.60,1.00
2014.02.05 11:14:46.424,8.83137,8.83267,1.73,1.00
2014.02.05 11:14:46.526,8.83183,8.83287,1.00,1.00
2014.02.05 11:14:46.577,8.83183,8.83295,1.00,1.00
2014.02.05 11:14:46.628,8.83183,8.83314,1.00,1.00
2014.02.05 11:14:46.679,8.83183,8.83326,1.00,1.00
2014.02.05 11:14:46.730,8.83183,8.83335,1.00,1.00
2014.02.05 11:14:46.983,8.83183,8.83345,1.00,1.00
2014.02.05 11:14:47.186,8.83183,8.83334,1.00,1.00
2014.02.05 11:14:47.287,8.83183,8.83349,1.00,1.00
2014.02.05 11:14:47.702,8.83231,8.83349,1.00,1.00
2014.02.05 11:14:48.595,8.83231,8.83339,1.00,1.00
2014.02.05 11:14:50.145,8.83231,8.83349,1.00,1.00
2014.02.05 11:14:50.246,8.83231,8.83347,1.00,1.00
2014.02.05 11:14:50.449,8.83231,8.83358,1.00,1.00
2014.02.05 11:14:51.013,8.83231,8.83368,1.00,1.00
2014.02.05 11:14:51.414,8.83231,8.83378,1.00,1.00
2014.02.05 11:14:52.208,8.83231,8.83389,1.00,1.00
2014.02.05 11:14:52.466,8.83231,8.8338,1.00,1.00
2014.02.05 11:14:52.839,8.83231,8.83357,1.00,1.00
2014.02.05 11:14:54.644,8.83231,8.83368,1.00,1.00
2014.02.05 11:14:54.695,8.83231,8.83379,1.00,1.00
2014.02.05 11:14:54.897,8.83264,8.83379,1.00,1.00
2014.02.05 11:14:55.388,8.83264,8.83367,1.00,1.00
2014.02.05 11:14:56.071,8.83264,8.83384,1.00,1.00
2014.02.05 11:14:57.308,8.83264,8.83374,1.00,1.00
2014.02.05 11:15:00.863,8.83264,8.83389,1.00,1.00
2014.02.05 11:15:01.095,8.83264,8.8337,1.00,1.00
2014.02.05 11:15:02.082,8.83264,8.83383,1.00,1.00
2014.02.05 11:15:02.712,8.83264,8.83402,1.00,1.00
2014.02.05 11:15:02.814,8.83264,8.83408,1.00,1.00
2014.02.05 11:15:02.915,8.83313,8.83417,1.00,1.00
2014.02.05 11:15:03.168,8.83313,8.83428,1.00,1.00
2014.02.05 11:15:06.746,8.83313,8.83445,1.00,1.00
2014.02.05 11:15:10.643,8.83313,8.83436,1.00,1.00
2014.02.05 11:15:13.725,8.83313,8.83452,1.00,1.00
2014.02.05 11:15:17.841,8.83313,8.83462,1.00,1.00
2014.02.05 11:15:17.943,8.83313,8.83447,1.00,1.00
2014.02.05 11:15:18.184,8.83313,8.83455,1.00,1.00
2014.02.05 11:15:18.286,8.83313,8.83444,1.00,1.00
2014.02.05 11:15:19.091,8.83313,8.83431,1.00,1.00
2014.02.05 11:15:19.192,8.83313,8.83444,1.00,1.00
2014.02.05 11:15:19.243,8.83313,8.83432,1.00,1.00
2014.02.05 11:15:20.342,8.83313,8.83442,1.00,1.00
2014.02.05 11:15:20.544,8.83313,8.83459,1.00,1.00
2014.02.05 11:15:21.082,8.83313,8.83449,1.00,1.00
2014.02.05 11:15:22.693,8.83343,8.83449,1.00,1.00
2014.02.05 11:15:23.055,8.83343,8.83438,1.00,1.00
2014.02.05 11:15:23.717,8.83343,8.83446,1.00,1.00
2014.02.05 11:15:23.819,8.83343,8.83459,1.00,1.00
2014.02.05 11:15:25.982,8.83343,8.83468,1.00,1.00
2014.02.05 11:15:27.212,8.83386,8.83468,1.00,1.00
2014.02.05 11:15:27.314,8.83386,8.83478,1.00,1.00
2014.02.05 11:15:35.288,8.83386,8.83488,1.00,1.00
2014.02.05 11:15:36.457,8.83386,8.83479,1.00,1.00
2014.02.05 11:15:39.185,8.83357,8.83479,1.00,1.00
2014.02.05 11:15:42.261,8.83357,8.83471,1.00,1.00
2014.02.05 11:15:46.028,8.83357,8.8348,1.00,1.00
2014.02.05 11:15:52.913,8.83357,8.83468,1.00,1.00
2014.02.05 11:16:00.410,8.83333,8.83468,1.00,1.00
2014.02.05 11:16:03.277,8.83333,8.83457,1.00,1.00
2014.02.05 11:16:04.810,8.83333,8.83448,1.00,1.00
2014.02.05 11:16:06.947,8.83333,8.83459,1.00,1.00
2014.02.05 11:16:12.836,8.83333,8.83447,1.00,1.00
2014.02.05 11:16:18.078,8.83333,8.83462,1.00,1.00
2014.02.05 11:16:18.816,8.83333,8.83452,1.00,1.00
2014.02.05 11:16:19.589,8.83333,8.83461,1.00,1.00
2014.02.05 11:16:19.944,8.83333,8.83476,1.00,1.00
2014.02.05 11:16:20.045,8.83304,8.83476,1.00,1.00
2014.02.05 11:16:21.313,8.83295,8.83467,1.00,1.00
2014.02.05 11:16:25.849,8.83295,8.8338,1.00,1.00
2014.02.05 11:16:26.001,8.83267,8.83376,1.50,1.00
2014.02.05 11:16:26.052,8.83253,8.83376,1.00,1.00
2014.02.05 11:16:26.103,8.83253,8.83347,1.00,1.00
2014.02.05 11:16:26.305,8.83285,8.83424,1.00,1.00
2014.02.05 11:16:26.558,8.83287,8.83432,1.00,1.50
2014.02.05 11:16:26.710,8.83287,8.83459,1.00,1.00
2014.02.05 11:16:27.304,8.83285,8.83443,1.00,1.00
2014.02.05 11:16:27.405,8.83301,8.83471,1.00,1.00
2014.02.05 11:16:31.186,8.83309,8.83481,1.00,1.00
2014.02.05 11:16:32.250,8.833,8.83472,1.00,1.00
2014.02.05 11:16:35.436,8.83292,8.83462,1.00,1.00
2014.02.05 11:16:55.977,8.83298,8.83468,1.00,1.00
2014.02.05 11:16:57.384,8.83308,8.8348,1.00,1.00
2014.02.05 11:17:00.746,8.83317,8.83489,1.00,1.00
2014.02.05 11:17:10.040,8.83304,8.83476,1.00,1.00
2014.02.05 11:17:10.430,8.83295,8.83465,1.00,1.00
2014.02.05 11:17:11.974,8.83305,8.83475,1.00,1.00
2014.02.05 11:17:15.459,8.83289,8.83461,1.00,1.00
2014.02.05 11:17:15.509,8.83289,8.83459,1.00,1.00
2014.02.05 11:17:15.859,8.83268,8.83438,1.38,1.00
2014.02.05 11:17:21.060,8.83268,8.83438,1.38,1.00
2014.02.05 11:17:26.032,8.83258,8.8343,1.38,1.00
2014.02.05 11:17:38.701,8.83272,8.83444,1.38,1.50
2014.02.05 11:17:49.230,8.83263,8.83435,1.38,1.00
2014.02.05 11:17:53.241,8.83274,8.83444,1.38,1.50
2014.02.05 11:18:03.627,8.83259,8.83319,1.38,1.00
2014.02.05 11:18:03.729,8.8324,8.83319,1.00,1.00
2014.02.05 11:18:03.780,8.83238,8.83319,1.00,1.00
2014.02.05 11:18:05.695,8.83258,8.83319,1.00,1.00
2014.02.05 11:18:07.977,8.83257,8.83319,1.00,1.00
2014.02.05 11:18:26.571,8.83238,8.83319,1.00,1.00
2014.02.05 11:18:32.411,8.83218,8.83319,1.00,1.00
2014.02.05 11:18:40.340,8.83198,8.83319,1.00,1.00
2014.02.05 11:18:48.838,8.83193,8.83319,1.00,1.00
2014.02.05 11:18:50.047,8.83198,8.83319,1.00,1.00
2014.02.05 11:19:03.684,8.83198,8.83346,1.00,1.00
2014.02.05 11:19:06.121,8.83198,8.83327,1.00,1.00
2014.02.05 11:19:11.591,8.83178,8.83327,1.00,1.00
2014.02.05 11:19:17.088,8.83174,8.83327,1.00,1.00
2014.02.05 11:19:17.974,8.8317,8.83327,1.00,1.00
2014.02.05 11:19:23.389,8.83178,8.83327,1.00,1.00
2014.02.05 11:19:26.092,8.83178,8.83338,1.00,1.00
2014.02.05 11:19:33.398,8.8317,8.83338,1.00,1.00
2014.02.05 11:19:36.367,8.8317,8.83333,1.00,1.00
2014.02.05 11:19:38.147,8.83168,8.83333,1.00,1.00
2014.02.05 11:19:38.656,8.83168,8.83326,1.00,1.00
2014.02.05 11:19:38.707,8.83158,8.83326,1.00,1.00
2014.02.05 11:19:40.125,8.83158,8.83313,1.00,1.00
2014.02.05 11:19:41.890,8.83158,8.83292,1.00,1.00
2014.02.05 11:19:43.990,8.83137,8.83292,1.38,1.00
2014.02.05 11:19:44.092,8.83134,8.83304,1.38,1.00
2014.02.05 11:19:44.143,8.83134,8.83304,1.00,1.00
2014.02.05 11:19:44.193,8.83158,8.83306,1.00,1.00
2014.02.05 11:19:44.533,8.83158,8.83272,1.00,1.00
2014.02.05 11:19:44.855,8.83158,8.83253,1.00,1.00
2014.02.05 11:19:45.157,8.83158,8.83233,1.00,1.00
2014.02.05 11:19:45.309,8.83158,8.83242,1.00,1.00
2014.02.05 11:19:45.410,8.83139,8.83242,1.00,1.00
2014.02.05 11:19:45.512,8.83119,8.83242,1.00,1.00
2014.02.05 11:19:45.613,8.83109,8.83242,1.00,1.00
2014.02.05 11:19:45.933,8.83132,8.83242,1.00,1.00
2014.02.05 11:19:46.967,8.83132,8.83223,1.00,1.00
2014.02.05 11:19:48.045,8.83132,8.83212,1.00,1.00
2014.02.05 11:20:09.848,8.83149,8.83243,1.00,1.00
2014.02.05 11:20:09.950,8.83157,8.83243,1.00,1.00
2014.02.05 11:20:10.051,8.83167,8.83282,1.00,1.00
2014.02.05 11:20:10.153,8.83153,8.83282,1.00,1.00
2014.02.05 11:20:10.255,8.83134,8.83277,1.00,1.00
2014.02.05 11:20:11.007,8.83133,8.83277,1.00,1.00
2014.02.05 11:20:11.616,8.83133,8.83233,1.00,1.00
2014.02.05 11:20:12.064,8.83158,8.83233,1.00,1.00
2014.02.05 11:20:13.037,8.83158,8.83232,1.00,1.00
2014.02.05 11:20:19.087,8.83158,8.83282,1.00,1.00
2014.02.05 11:20:19.289,8.83113,8.83282,1.00,1.00
2014.02.05 11:20:19.391,8.83133,8.83282,1.00,1.00
2014.02.05 11:20:20.960,8.83133,8.83263,1.00,1.00
2014.02.05 11:20:21.876,8.83133,8.83233,1.00,1.00
2014.02.05 11:20:22.180,8.83158,8.83233,1.00,1.00
2014.02.05 11:20:27.556,8.83158,8.83212,1.00,1.00
2014.02.05 11:20:27.892,8.83158,8.83256,1.00,1.00
2014.02.05 11:20:27.993,8.83088,8.83245,1.00,1.00
2014.02.05 11:20:28.044,8.83073,8.83245,1.00,1.00
2014.02.05 11:20:28.095,8.83064,8.83234,1.00,1.00
2014.02.05 11:20:28.908,8.83064,8.83222,1.00,1.00
2014.02.05 11:20:29.493,8.83077,8.83222,1.00,1.00
2014.02.05 11:20:30.005,8.83077,8.83212,1.00,1.00
2014.02.05 11:20:31.017,8.83077,8.83202,1.00,1.00
2014.02.05 11:20:34.200,8.83077,8.83232,1.00,1.00
2014.02.05 11:20:34.301,8.83045,8.83215,1.00,1.00
2014.02.05 11:20:34.352,8.83052,8.83208,1.00,1.00
2014.02.05 11:20:34.857,8.83113,8.83208,2.10,1.00
2014.02.05 11:20:34.908,8.83114,8.83213,1.98,1.00
2014.02.05 11:20:35.060,8.83128,8.83213,2.48,1.00
2014.02.05 11:20:35.363,8.8315,8.83213,1.00,1.00
2014.02.05 11:20:36.038,8.8315,8.83212,1.00,1.00
2014.02.05 11:20:37.195,8.83183,8.83212,1.00,1.00
2014.02.05 11:20:38.006,8.83183,8.83213,1.00,1.00
2014.02.05 11:20:40.866,8.83183,8.83253,1.00,1.00
2014.02.05 11:20:41.087,8.83183,8.83272,1.00,1.00
2014.02.05 11:20:47.099,8.83159,8.83312,1.00,1.50
2014.02.05 11:20:47.352,8.83123,8.83295,1.00,1.00
2014.02.05 11:20:48.304,8.83132,8.83288,1.00,1.00
2014.02.05 11:20:49.036,8.83132,8.83283,1.00,1.00
2014.02.05 11:20:50.044,8.83132,8.83262,1.00,1.00
2014.02.05 11:20:50.382,8.83132,8.83288,1.60,1.00
2014.02.05 11:20:50.433,8.83159,8.83312,1.00,1.00
2014.02.05 11:20:50.535,8.83169,8.83313,1.00,1.00
2014.02.05 11:20:51.273,8.83182,8.83313,1.00,1.00
2014.02.05 11:20:52.006,8.83182,8.83312,1.00,1.00
2014.02.05 11:20:52.600,8.83182,8.83333,1.00,1.00
2014.02.05 11:20:52.752,8.8318,8.83333,1.00,1.00
2014.02.05 11:20:53.253,8.83207,8.83333,1.00,1.00
2014.02.05 11:20:53.372,8.83207,8.8335,1.00,1.00
2014.02.05 11:20:53.474,8.83207,8.83327,1.00,1.00
2014.02.05 11:20:53.525,8.83148,8.83306,1.00,1.00
2014.02.05 11:20:53.626,8.83148,8.83294,1.00,1.00
2014.02.05 11:20:53.983,8.83158,8.83294,1.00,1.00
2014.02.05 11:20:58.716,8.83167,8.83294,1.00,1.00
2014.02.05 11:21:00.366,8.83158,8.83294,1.00,1.00
2014.02.05 11:21:00.417,8.83122,8.83294,1.00,1.00
2014.02.05 11:21:00.468,8.83103,8.83272,1.08,1.00
2014.02.05 11:21:00.973,8.8312,8.83272,1.00,1.00
2014.02.05 11:21:02.148,8.83154,8.83276,1.60,1.00
2014.02.05 11:21:02.200,8.83154,8.83324,1.60,1.00
2014.02.05 11:21:02.251,8.83163,8.83333,1.60,1.00
2014.02.05 11:21:02.428,8.83178,8.83333,1.00,1.00
2014.02.05 11:21:02.566,8.83178,8.83344,1.00,1.00
2014.02.05 11:21:02.668,8.83165,8.83337,1.00,1.00
2014.02.05 11:21:02.834,8.83171,8.83325,1.00,1.00
2014.02.05 11:21:04.327,8.83171,8.83322,1.00,1.00
2014.02.05 11:21:04.778,8.83171,8.83325,1.00,1.00
2014.02.05 11:21:11.067,8.83171,8.83315,1.00,1.00
2014.02.05 11:21:11.825,8.83171,8.83324,1.00,1.00
2014.02.05 11:21:11.986,8.83171,8.83313,1.00,1.00
2014.02.05 11:21:12.658,8.83171,8.83324,1.00,1.00
2014.02.05 11:21:17.041,8.83191,8.83324,1.00,1.00
2014.02.05 11:21:17.143,8.83191,8.83334,1.00,1.00
2014.02.05 11:21:22.647,8.83162,8.83334,1.00,1.00
2014.02.05 11:21:22.698,8.83148,8.83318,1.50,1.00
2014.02.05 11:21:23.032,8.83171,8.83295,1.00,1.00
2014.02.05 11:21:25.748,8.83171,8.83305,1.00,1.00
2014.02.05 11:21:26.864,8.83171,8.83297,1.00,1.00
2014.02.05 11:21:32.170,8.83171,8.83287,1.00,1.00
2014.02.05 11:21:32.900,8.83171,8.833,1.00,1.00
2014.02.05 11:21:34.338,8.83171,8.83293,1.00,1.00
2014.02.05 11:21:36.698,8.83171,8.83305,1.00,1.00
2014.02.05 11:21:36.770,8.83171,8.83289,1.00,1.00
2014.02.05 11:21:42.766,8.83171,8.83277,1.00,1.00
2014.02.05 11:21:45.074,8.83171,8.83286,1.00,1.00
2014.02.05 11:21:45.478,8.83171,8.83295,1.00,1.00
2014.02.05 11:21:50.916,8.83172,8.83295,1.00,1.00
2014.02.05 11:21:51.017,8.83196,8.83295,1.00,1.00
2014.02.05 11:21:51.068,8.83196,8.83305,1.00,1.00
2014.02.05 11:21:51.170,8.83196,8.83319,1.00,1.00
2014.02.05 11:21:52.306,8.83196,8.8333,1.00,1.00
2014.02.05 11:21:53.015,8.83198,8.8333,1.00,1.00
2014.02.05 11:21:53.177,8.83196,8.8333,1.00,1.00
2014.02.05 11:21:53.330,8.8316,8.8333,1.00,1.00
2014.02.05 11:21:53.381,8.83147,8.83305,1.88,1.00
2014.02.05 11:21:53.807,8.83137,8.83286,1.00,1.00
2014.02.05 11:21:53.914,8.83118,8.83286,1.00,1.00
2014.02.05 11:21:54.788,8.83136,8.83286,1.00,1.00
2014.02.05 11:21:59.494,8.83118,8.83286,1.00,1.00
2014.02.05 11:21:59.545,8.83118,8.83262,1.00,1.00
2014.02.05 11:22:01.045,8.83117,8.83262,1.00,1.00
2014.02.05 11:22:01.841,8.8311,8.83262,1.00,1.00
2014.02.05 11:22:02.498,8.8311,8.83253,1.00,1.00
2014.02.05 11:22:02.951,8.8311,8.83266,1.60,1.00
2014.02.05 11:22:03.002,8.83135,8.83272,1.00,1.00
2014.02.05 11:22:03.154,8.83135,8.83282,1.00,1.00
2014.02.05 11:22:03.255,8.83135,8.83275,1.00,1.00
2014.02.05 11:22:04.248,8.83135,8.83265,1.00,1.00
2014.02.05 11:22:04.645,8.83135,8.83285,1.00,1.00
2014.02.05 11:22:04.776,8.83119,8.83291,1.60,1.00
2014.02.05 11:22:05.163,8.83129,8.83273,1.60,1.00
2014.02.05 11:22:05.569,8.83156,8.83273,1.00,1.00
2014.02.05 11:22:07.059,8.83156,8.83272,1.00,1.00
2014.02.05 11:22:08.476,8.83156,8.83273,1.00,1.00
2014.02.05 11:22:32.895,8.83156,8.83292,1.00,1.00
2014.02.05 11:22:38.617,8.83156,8.83273,1.00,1.00
2014.02.05 11:22:41.564,8.83156,8.83293,1.00,1.00
2014.02.05 11:22:41.905,8.83156,8.83303,1.00,1.00
2014.02.05 11:22:45.304,8.83156,8.83306,1.00,1.00
2014.02.05 11:22:46.874,8.83156,8.8331,2.10,1.00
2014.02.05 11:22:46.925,8.83168,8.83328,1.60,1.00
2014.02.05 11:22:46.976,8.83174,8.83332,1.00,1.00
2014.02.05 11:22:47.541,8.83196,8.83332,1.00,1.00
2014.02.05 11:22:48.352,8.83174,8.83332,1.00,1.00
2014.02.05 11:22:48.403,8.83174,8.83342,1.60,1.00
2014.02.05 11:22:48.606,8.83183,8.83355,1.60,1.00
2014.02.05 11:22:49.412,8.83207,8.83355,1.00,1.00
2014.02.05 11:22:49.561,8.83231,8.83355,1.00,1.00
2014.02.05 11:22:50.099,8.83231,8.83363,1.00,1.00
2014.02.05 11:22:52.227,8.83231,8.83351,1.00,1.00
2014.02.05 11:22:52.975,8.83231,8.8337,1.00,1.00
2014.02.05 11:22:57.868,8.83231,8.8337,1.00,1.38
2014.02.05 11:22:58.020,8.83198,8.83343,1.50,1.00
2014.02.05 11:22:58.071,8.83164,8.83334,1.60,1.00
2014.02.05 11:22:58.190,8.83158,8.8332,1.60,1.00
2014.02.05 11:22:58.994,8.83195,8.8332,1.00,1.00
2014.02.05 11:22:59.646,8.83221,8.8332,1.00,1.00
2014.02.05 11:22:59.697,8.83221,8.83341,1.00,1.00
2014.02.05 11:22:59.798,8.83221,8.83343,1.00,1.00
2014.02.05 11:23:00.329,8.83221,8.83353,1.00,1.00
2014.02.05 11:23:04.373,8.83221,8.83342,1.00,1.00
2014.02.05 11:23:08.860,8.83221,8.83353,1.00,1.00
2014.02.05 11:23:08.911,8.83181,8.83353,1.00,1.00
2014.02.05 11:23:09.012,8.83171,8.83343,2.10,1.00
2014.02.05 11:23:09.413,8.83196,8.83333,1.00,1.00
2014.02.05 11:23:10.518,8.83196,8.83342,1.00,1.50
2014.02.05 11:23:11.095,8.8322,8.83342,1.00,1.50
2014.02.05 11:23:11.645,8.8322,8.83343,1.00,1.00
2014.02.05 11:23:12.954,8.8322,8.83342,1.00,1.00
2014.02.05 11:23:32.976,8.8322,8.83322,1.00,1.00
2014.02.05 11:23:34.294,8.8322,8.83342,1.00,1.50
2014.02.05 11:23:46.028,8.8322,8.83338,1.00,1.00
2014.02.05 11:23:54.165,8.8322,8.83342,1.00,1.00
2014.02.05 11:23:56.324,8.8322,8.83339,1.00,1.00
2014.02.05 11:23:58.144,8.8322,8.83342,1.00,1.00
2014.02.05 11:24:11.292,8.83185,8.83342,1.60,1.00
2014.02.05 11:24:11.837,8.83185,8.83342,1.60,1.00
2014.02.05 11:24:12.630,8.83185,8.8334,1.60,1.00
2014.02.05 11:24:14.943,8.83185,8.83342,1.60,1.00
2014.02.05 11:24:15.346,8.83185,8.83322,1.60,1.00
2014.02.05 11:24:17.109,8.83185,8.83343,1.60,1.00
2014.02.05 11:24:24.328,8.83185,8.8334,1.60,1.00
2014.02.05 11:24:28.003,8.83197,8.83343,1.00,1.00
2014.02.05 11:24:29.206,8.83189,8.83343,1.60,1.00
2014.02.05 11:24:31.875,8.83201,8.83343,1.00,1.00
2014.02.05 11:24:35.852,8.83201,8.83323,1.00,1.00
2014.02.05 11:24:36.004,8.83193,8.83323,1.60,1.00
2014.02.05 11:24:37.553,8.83202,8.83323,1.00,1.00
2014.02.05 11:24:47.672,8.83193,8.83323,1.60,1.00
2014.02.05 11:24:48.107,8.83193,8.83303,1.60,1.00
2014.02.05 11:24:48.209,8.83193,8.83322,1.60,1.00
2014.02.05 11:24:49.241,8.83202,8.83322,1.00,1.00
2014.02.05 11:24:53.344,8.83202,8.83343,1.00,1.00
2014.02.05 11:24:54.261,8.83192,8.83343,1.60,1.00
2014.02.05 11:24:55.359,8.83202,8.83343,1.00,1.00
2014.02.05 11:24:58.622,8.83202,8.83322,1.00,1.00
2014.02.05 11:24:59.070,8.83193,8.83322,1.60,1.00
2014.02.05 11:24:59.173,8.83193,8.83342,1.60,1.00
2014.02.05 11:24:59.275,8.83202,8.83342,1.00,1.00
2014.02.05 11:24:59.832,8.83202,8.83323,1.00,1.00
2014.02.05 11:25:00.385,8.83202,8.83343,1.00,1.00
2014.02.05 11:25:04.607,8.83193,8.83343,1.60,1.00
2014.02.05 11:25:07.625,8.83202,8.83343,1.00,1.00
2014.02.05 11:25:11.000,8.83193,8.83343,1.60,1.00
2014.02.05 11:25:13.230,8.83195,8.83343,1.60,1.00
2014.02.05 11:25:16.888,8.83195,8.83322,1.60,1.00
2014.02.05 11:25:20.866,8.83195,8.83363,1.60,1.00
2014.02.05 11:25:21.068,8.83214,8.83363,2.10,1.00
2014.02.05 11:25:21.170,8.83214,8.83367,2.10,1.00
2014.02.05 11:25:21.322,8.83214,8.83378,2.48,1.00
2014.02.05 11:25:21.423,8.83227,8.83389,2.48,1.00
2014.02.05 11:25:21.642,8.83235,8.83405,1.60,1.00
2014.02.05 11:25:22.538,8.8328,8.83405,1.00,1.00
2014.02.05 11:25:22.901,8.83235,8.83405,1.60,1.00
2014.02.05 11:25:23.749,8.83296,8.83405,1.00,1.00
2014.02.05 11:25:27.709,8.83295,8.83405,1.00,1.00
2014.02.05 11:25:28.403,8.83296,8.83405,1.00,1.00
2014.02.05 11:25:31.151,8.83296,8.83396,1.00,1.00
2014.02.05 11:25:31.252,8.83227,8.83396,1.88,1.00
2014.02.05 11:25:31.303,8.83227,8.83387,1.88,1.00
2014.02.05 11:25:31.625,8.83255,8.83397,1.00,1.00
2014.02.05 11:25:31.932,8.83255,8.83389,1.00,1.00
2014.02.05 11:25:32.142,8.83227,8.83389,1.88,1.00
2014.02.05 11:25:32.243,8.83227,8.83378,1.50,1.00
2014.02.05 11:25:32.554,8.83227,8.83369,1.50,1.00
2014.02.05 11:25:33.235,8.83246,8.83369,1.00,1.00
2014.02.05 11:25:35.078,8.83227,8.83369,1.50,1.00
2014.02.05 11:25:35.129,8.83282,8.83369,2.10,1.00
2014.02.05 11:25:35.231,8.83297,8.83463,2.48,2.25
2014.02.05 11:25:35.382,8.83298,8.83462,1.88,1.00
2014.02.05 11:25:35.433,8.83298,8.834,1.88,1.00
2014.02.05 11:25:35.535,8.83247,8.834,1.50,1.00
2014.02.05 11:25:35.687,8.83246,8.83381,1.00,1.00
2014.02.05 11:25:36.012,8.83246,8.83364,1.00,1.00
2014.02.05 11:25:36.419,8.83255,8.83364,1.00,1.00
2014.02.05 11:25:36.622,8.83245,8.83364,1.00,1.00
2014.02.05 11:25:36.774,8.83245,8.83354,1.00,1.00
2014.02.05 11:25:42.558,8.83208,8.83354,1.00,1.00
2014.02.05 11:25:42.609,8.8328,8.83354,2.10,1.00
2014.02.05 11:25:42.761,8.83298,8.83452,2.85,1.50
2014.02.05 11:25:42.863,8.83298,8.83452,3.75,1.50
2014.02.05 11:25:42.914,8.83298,8.83468,2.25,1.00
2014.02.05 11:25:42.964,8.83298,8.83461,1.50,1.00
2014.02.05 11:25:43.015,8.83296,8.83461,1.00,1.00
2014.02.05 11:25:43.066,8.83248,8.83397,1.50,1.00
2014.02.05 11:25:43.369,8.83248,8.83377,1.50,1.00
2014.02.05 11:25:43.420,8.83248,8.83392,1.50,1.00
2014.02.05 11:25:43.522,8.83248,8.83383,1.50,1.00
2014.02.05 11:25:44.844,8.8329,8.83383,2.10,1.00
2014.02.05 11:25:44.946,8.83297,8.83453,1.98,1.00
2014.02.05 11:25:45.148,8.83308,8.83453,2.10,1.00
2014.02.05 11:25:45.351,8.83308,8.83453,1.50,1.00
2014.02.05 11:25:45.402,8.83308,8.83466,1.50,1.00
2014.02.05 11:25:45.503,8.83308,8.83457,1.50,1.00
2014.02.05 11:25:45.706,8.83221,8.83393,1.00,1.00
2014.02.05 11:25:45.757,8.83255,8.83393,1.00,1.00
2014.02.05 11:25:46.089,8.83255,8.83381,1.00,1.00
2014.02.05 11:25:46.813,8.83255,8.83373,1.00,1.00
2014.02.05 11:25:53.049,8.8329,8.83373,2.10,1.00
2014.02.05 11:25:53.202,8.8332,8.83452,1.60,1.00
2014.02.05 11:25:53.303,8.8332,8.83448,1.60,1.00
2014.02.05 11:25:53.505,8.8332,8.83473,1.60,1.00
2014.02.05 11:25:53.607,8.8332,8.83468,1.60,1.00
2014.02.05 11:25:54.373,8.83308,8.83468,1.50,1.00
2014.02.05 11:25:54.475,8.83298,8.83456,1.50,1.38
2014.02.05 11:25:54.576,8.83237,8.83408,1.50,1.00
2014.02.05 11:25:54.728,8.83225,8.83397,1.00,1.00
2014.02.05 11:25:54.830,8.8322,8.83387,1.00,1.00
2014.02.05 11:25:55.544,8.83255,8.83387,1.00,1.00
2014.02.05 11:25:55.696,8.8322,8.83378,1.00,1.00
2014.02.05 11:25:55.797,8.83245,8.83378,1.00,1.00
2014.02.05 11:25:56.359,8.83319,8.83378,1.60,1.00
2014.02.05 11:25:56.461,8.83319,8.83467,1.60,1.00
2014.02.05 11:25:56.562,8.83308,8.83476,2.10,1.38
2014.02.05 11:25:56.613,8.83308,8.83476,1.50,1.38
2014.02.05 11:25:56.766,8.83247,8.83417,1.38,1.00
2014.02.05 11:25:56.818,8.83247,8.83417,1.00,1.00
2014.02.05 11:25:56.869,8.83255,8.83392,1.00,1.00
2014.02.05 11:25:58.100,8.83319,8.83392,1.00,1.00
2014.02.05 11:25:58.151,8.83319,8.83421,1.60,1.00
2014.02.05 11:25:58.202,8.83319,8.83457,1.60,1.00
2014.02.05 11:25:58.253,8.83319,8.83473,1.60,1.50
2014.02.05 11:25:58.304,8.83319,8.83476,1.60,1.00
2014.02.05 11:25:59.299,8.83307,8.83476,2.48,1.38
2014.02.05 11:25:59.350,8.83307,8.83476,1.88,1.38
2014.02.05 11:25:59.451,8.83297,8.83428,1.50,1.00
2014.02.05 11:25:59.553,8.83237,8.83402,1.00,1.00
2014.02.05 11:25:59.655,8.83228,8.83394,1.50,1.00
2014.02.05 11:25:59.756,8.83222,8.83394,1.00,1.00
2014.02.05 11:26:01.040,8.83245,8.83394,1.00,1.00
2014.02.05 11:26:01.610,8.83281,8.83394,1.00,1.00
2014.02.05 11:26:01.762,8.83281,8.83404,1.00,1.00
2014.02.05 11:26:02.681,8.83281,8.83413,1.00,1.00
2014.02.05 11:26:03.501,8.83245,8.83413,1.00,1.00
2014.02.05 11:26:03.831,8.83245,8.83399,1.00,1.00
2014.02.05 11:26:08.070,8.83245,8.83401,1.00,1.00
2014.02.05 11:26:08.171,8.83254,8.83401,1.00,1.00
2014.02.05 11:26:09.120,8.83266,8.83401,1.60,1.00
2014.02.05 11:26:09.221,8.83284,8.83442,1.60,1.00
2014.02.05 11:26:09.272,8.83305,8.83442,1.00,1.00
2014.02.05 11:26:09.374,8.83294,8.83442,1.60,1.00
2014.02.05 11:26:09.476,8.83329,8.83442,1.00,1.00
2014.02.05 11:26:10.928,8.83329,8.83476,1.00,1.00
2014.02.05 11:26:11.077,8.83329,8.83457,1.00,1.00
2014.02.05 11:26:11.128,8.83265,8.83437,1.00,1.00
2014.02.05 11:26:11.939,8.83265,8.83405,1.00,1.00
2014.02.05 11:26:12.166,8.83309,8.83479,1.60,1.00
2014.02.05 11:26:12.269,8.83335,8.83482,1.00,2.25
2014.02.05 11:26:12.320,8.83335,8.83507,1.00,1.60
2014.02.05 11:26:12.371,8.83358,8.83528,1.00,1.60
2014.02.05 11:26:12.523,8.83299,8.83462,1.00,1.50
2014.02.05 11:26:12.625,8.83284,8.83456,1.00,1.00
2014.02.05 11:26:12.726,8.83275,8.83406,1.00,1.00
2014.02.05 11:26:13.642,8.8329,8.83406,1.60,1.00
2014.02.05 11:26:13.693,8.83309,8.83462,1.60,1.50
2014.02.05 11:26:13.744,8.83309,8.83479,1.60,1.00
2014.02.05 11:26:13.795,8.83319,8.83482,1.35,1.50
2014.02.05 11:26:13.896,8.83355,8.83483,1.00,1.00
2014.02.05 11:26:16.398,8.83355,8.835,1.00,1.35
2014.02.05 11:26:16.449,8.83355,8.83497,1.00,1.00
2014.02.05 11:26:16.551,8.83328,8.83497,1.00,1.00
2014.02.05 11:26:16.602,8.83328,8.83462,1.00,1.50
2014.02.05 11:26:16.653,8.83276,8.83448,1.00,1.00
2014.02.05 11:26:17.373,8.83347,8.83448,2.10,1.00
2014.02.05 11:26:17.595,8.83409,8.8353,1.60,1.00
2014.02.05 11:26:17.747,8.83428,8.8353,1.00,1.00
2014.02.05 11:26:18.050,8.8345,8.83582,1.00,1.00
2014.02.05 11:26:18.549,8.8345,8.83622,1.00,1.00
2014.02.05 11:26:18.600,8.8345,8.83622,1.00,1.60
2014.02.05 11:26:18.752,8.83397,8.83564,1.50,1.00
2014.02.05 11:26:18.803,8.83394,8.83543,1.00,1.50
2014.02.05 11:26:18.854,8.83353,8.83525,1.00,1.00
2014.02.05 11:26:18.956,8.8334,8.8351,1.00,1.00
2014.02.05 11:26:19.259,8.8333,8.835,1.00,1.00
2014.02.05 11:26:19.896,8.83314,8.83486,1.00,1.00
2014.02.05 11:26:34.123,8.83324,8.83494,1.00,1.00
2014.02.05 11:26:45.166,8.83307,8.83473,1.00,1.00
2014.02.05 11:26:57.289,8.83313,8.83473,2.10,1.00
2014.02.05 11:26:57.542,8.83323,8.83495,1.60,1.00
2014.02.05 11:26:57.694,8.83315,8.83486,1.98,1.00
2014.02.05 11:26:57.795,8.83335,8.83505,1.60,1.00
2014.02.05 11:26:58.603,8.83382,8.83505,1.00,1.00
2014.02.05 11:27:38.126,8.83382,8.835,1.00,1.00
2014.02.05 11:27:58.587,8.83348,8.835,1.00,1.00
2014.02.05 11:28:20.419,8.8333,8.835,1.60,1.00
2014.02.05 11:28:29.173,8.83387,8.835,1.00,1.00
2014.02.05 11:28:37.222,8.83387,8.83511,1.00,1.00
2014.02.05 11:28:50.852,8.83368,8.83511,1.00,1.00
2014.02.05 11:28:58.616,8.83388,8.83511,1.00,1.00
2014.02.05 11:29:15.556,8.83367,8.83511,1.00,1.00
2014.02.05 11:29:30.128,8.83339,8.83511,1.60,1.00
2014.02.05 11:29:30.230,8.83337,8.83502,1.60,1.00
2014.02.05 11:29:55.378,8.83337,8.83492,1.60,1.00
2014.02.05 11:29:55.856,8.8333,8.83502,1.00,1.00
2014.02.05 11:29:55.957,8.8333,8.83482,1.00,1.50
2014.02.05 11:29:56.008,8.83286,8.83456,1.00,1.00
2014.02.05 11:29:56.109,8.83336,8.83447,1.00,1.00
2014.02.05 11:29:56.418,8.83383,8.83472,1.00,1.50
2014.02.05 11:29:58.092,8.83383,8.83473,1.00,1.00
2014.02.05 11:30:56.553,8.83344,8.83473,1.60,1.00
2014.02.05 11:30:57.530,8.83344,8.83473,1.60,1.00
2014.02.05 11:30:58.630,8.83344,8.83516,1.60,1.00
2014.02.05 11:30:58.681,8.83344,8.83472,1.60,1.00
2014.02.05 11:30:58.732,8.83281,8.83451,1.00,1.00
2014.02.05 11:30:58.833,8.83265,8.83435,1.00,1.00
2014.02.05 11:30:59.137,8.83337,8.83435,1.60,1.00
2014.02.05 11:30:59.289,8.83382,8.83472,1.00,1.00
2014.02.05 11:31:00.626,8.83382,8.83487,1.00,1.00
2014.02.05 11:31:00.727,8.83295,8.83467,1.00,1.00
2014.02.05 11:31:00.778,8.83277,8.83449,1.00,1.00
2014.02.05 11:31:01.093,8.83383,8.83466,1.00,1.00
2014.02.05 11:31:01.194,8.83383,8.83473,1.00,1.00
2014.02.05 11:31:02.014,8.83383,8.83472,1.00,1.00
2014.02.05 11:31:04.031,8.83383,8.83473,1.00,1.00
2014.02.05 11:31:08.844,8.83383,8.83453,1.00,1.00
2014.02.05 11:31:31.841,8.83383,8.83432,1.00,1.00
2014.02.05 11:32:01.292,8.83347,8.83432,1.00,1.00
2014.02.05 11:32:14.249,8.83358,8.83432,1.00,1.00
2014.02.05 11:32:31.943,8.83358,8.83524,1.00,1.00
2014.02.05 11:32:33.237,8.83358,8.83525,1.00,1.00
2014.02.05 11:32:34.943,8.83351,8.83521,1.00,1.00
2014.02.05 11:32:35.952,8.83361,8.83525,1.00,1.00
2014.02.05 11:32:37.719,8.83361,8.83524,1.00,1.00
2014.02.05 11:32:42.852,8.8335,8.8352,1.00,1.00
2014.02.05 11:32:42.954,8.8334,8.83512,1.60,1.00
2014.02.05 11:32:45.003,8.83349,8.83521,1.00,1.00
2014.02.05 11:32:45.222,8.83358,8.83524,1.00,1.00
2014.02.05 11:32:45.701,8.83349,8.83521,1.00,1.00
2014.02.05 11:32:46.310,8.83359,8.83524,1.00,1.00
2014.02.05 11:32:46.361,8.83346,8.83516,1.00,1.00
2014.02.05 11:32:46.463,8.83337,8.83507,1.00,1.00
2014.02.05 11:32:47.317,8.83337,8.83432,1.00,1.00
2014.02.05 11:32:47.620,8.83355,8.83432,1.00,1.00
2014.02.05 11:32:48.633,8.83346,8.83432,1.98,1.00
2014.02.05 11:32:48.788,8.83354,8.83432,1.00,1.00
2014.02.05 11:32:53.142,8.83354,8.83452,1.00,1.00
2014.02.05 11:33:06.176,8.83348,8.83452,1.00,1.00
2014.02.05 11:33:06.835,8.83355,8.83452,1.00,1.00
2014.02.05 11:33:13.563,8.83348,8.83452,1.00,1.00
2014.02.05 11:33:26.363,8.83348,8.83432,1.00,1.00
2014.02.05 11:33:26.743,8.83356,8.83432,1.00,1.00
2014.02.05 11:33:42.269,8.83348,8.83432,1.00,1.00
2014.02.05 11:33:42.320,8.83346,8.83443,1.00,1.00
2014.02.05 11:33:42.625,8.83336,8.83443,1.00,1.00
2014.02.05 11:33:42.953,8.83348,8.83443,1.00,1.00
2014.02.05 11:33:43.340,8.83348,8.83433,1.00,1.00
2014.02.05 11:33:43.643,8.8336,8.83433,1.00,1.00
2014.02.05 11:33:43.894,8.8335,8.83433,1.00,1.00
2014.02.05 11:33:48.494,8.83348,8.83433,1.00,1.00
2014.02.05 11:33:48.595,8.83316,8.83482,1.00,1.00
2014.02.05 11:33:48.798,8.83308,8.83471,1.00,1.00
2014.02.05 11:33:49.627,8.83358,8.83471,1.00,1.00
2014.02.05 11:33:50.001,8.83358,8.83433,1.00,1.00
2014.02.05 11:33:50.991,8.83358,8.83423,1.00,1.00
2014.02.05 11:33:51.541,8.83358,8.83392,1.00,1.00
2014.02.05 11:33:51.901,8.83313,8.83412,1.00,1.00
2014.02.05 11:33:52.053,8.83337,8.83412,1.00,1.00
2014.02.05 11:33:53.018,8.83358,8.83412,1.00,1.00
2014.02.05 11:33:53.961,8.83358,8.83413,1.00,1.00
2014.02.05 11:34:03.348,8.83298,8.83413,1.00,1.00
2014.02.05 11:34:03.399,8.83287,8.83403,1.50,1.00
2014.02.05 11:34:04.010,8.83278,8.83403,6.95,1.00
2014.02.05 11:34:04.653,8.83307,8.83403,1.00,1.00
2014.02.05 11:34:05.321,8.83307,8.83417,1.00,1.00
2014.02.05 11:34:07.525,8.83307,8.83423,1.00,1.00
2014.02.05 11:34:07.575,8.83366,8.8344,1.60,1.00
2014.02.05 11:34:07.727,8.83366,8.83453,1.60,1.00
2014.02.05 11:34:07.829,8.83366,8.83453,1.00,1.00
2014.02.05 11:34:07.880,8.83357,8.83453,1.50,1.00
2014.02.05 11:34:07.931,8.83357,8.83492,1.50,1.00
2014.02.05 11:34:09.042,8.83357,8.83472,1.50,1.00
2014.02.05 11:34:09.530,8.83398,8.83472,1.00,1.00
2014.02.05 11:34:11.313,8.83398,8.83452,1.00,1.00
2014.02.05 11:34:11.595,8.83377,8.83452,1.00,1.00
2014.02.05 11:34:11.903,8.83377,8.83481,1.00,1.00
2014.02.05 11:34:12.642,8.83377,8.83472,1.00,1.00
2014.02.05 11:34:13.097,8.83377,8.83468,1.00,1.00
2014.02.05 11:34:13.443,8.83398,8.83468,1.00,1.00
2014.02.05 11:34:13.601,8.83308,8.83468,2.10,1.00
2014.02.05 11:34:13.652,8.83308,8.83468,1.50,1.00
2014.02.05 11:34:13.703,8.83298,8.83468,1.00,1.00
2014.02.05 11:34:13.804,8.83292,8.83458,1.60,1.00
2014.02.05 11:34:14.338,8.83357,8.83458,1.00,1.00
2014.02.05 11:34:14.951,8.83357,8.83452,1.00,1.00
2014.02.05 11:34:15.940,8.83357,8.83442,1.00,1.00
2014.02.05 11:34:17.065,8.83357,8.83432,1.00,1.00
2014.02.05 11:34:19.157,8.83357,8.83472,1.00,1.00
2014.02.05 11:34:19.208,8.83332,8.83472,1.60,1.00
2014.02.05 11:34:19.968,8.83299,8.83465,2.10,1.00
2014.02.05 11:34:20.171,8.83303,8.83473,1.00,1.00
2014.02.05 11:34:20.222,8.83294,8.83464,1.00,1.00
2014.02.05 11:34:21.071,8.83337,8.83476,1.00,1.00
2014.02.05 11:34:21.173,8.83315,8.83473,1.60,1.00
2014.02.05 11:34:22.057,8.83397,8.83473,1.00,1.00
2014.02.05 11:34:23.135,8.83397,8.83472,1.00,1.00
2014.02.05 11:34:40.624,8.83397,8.83482,1.00,1.00
2014.02.05 11:34:42.010,8.83397,8.83472,1.00,1.00
2014.02.05 11:34:44.328,8.83397,8.83493,1.00,1.00
2014.02.05 11:34:44.480,8.83377,8.83493,1.00,1.00
2014.02.05 11:34:59.592,8.83377,8.83472,1.00,1.00
2014.02.05 11:34:59.984,8.83377,8.83492,1.00,1.00
2014.02.05 11:35:02.342,8.83377,8.83473,1.00,1.00
2014.02.05 11:35:30.390,8.83377,8.83492,1.00,1.00
2014.02.05 11:35:32.309,8.83377,8.83499,1.00,1.00
2014.02.05 11:35:32.430,8.83377,8.8351,1.00,1.00
2014.02.05 11:35:45.959,8.83338,8.8351,1.00,1.00
2014.02.05 11:35:54.287,8.83328,8.835,1.60,1.00
2014.02.05 11:35:55.502,8.83338,8.8351,1.00,1.00
2014.02.05 11:36:11.974,8.83337,8.83503,1.00,1.00
2014.02.05 11:36:12.516,8.83337,8.83504,1.00,1.00
2014.02.05 11:36:16.499,8.83342,8.83512,1.00,1.00
2014.02.05 11:36:21.174,8.83353,8.83525,1.00,1.00
2014.02.05 11:36:29.421,8.83344,8.83514,1.00,1.00
2014.02.05 11:36:33.274,8.83353,8.83525,1.00,1.00
2014.02.05 11:36:44.291,8.83398,8.83525,1.00,1.00
2014.02.05 11:37:05.926,8.83398,8.8351,1.00,1.00
2014.02.05 11:37:07.010,8.83398,8.835,1.00,1.00
2014.02.05 11:37:07.116,8.83398,8.83511,1.00,1.00
2014.02.05 11:37:08.120,8.83398,8.835,1.00,1.00
2014.02.05 11:37:09.078,8.83398,8.8351,1.00,1.00
2014.02.05 11:37:10.084,8.83398,8.83501,1.00,1.00
2014.02.05 11:37:11.145,8.83398,8.8351,1.00,1.00
2014.02.05 11:37:12.161,8.83398,8.835,1.00,1.00
2014.02.05 11:37:19.387,8.83398,8.83493,1.00,1.00
2014.02.05 11:37:21.458,8.83398,8.83489,1.00,1.00
2014.02.05 11:37:24.711,8.83398,8.83493,1.00,1.00
2014.02.05 11:37:30.256,8.83398,8.8349,1.00,1.00
2014.02.05 11:37:37.218,8.83398,8.83493,1.00,1.00
2014.02.05 11:37:44.379,8.83333,8.83493,1.00,1.00
2014.02.05 11:37:47.300,8.8333,8.83491,1.00,1.00
2014.02.05 11:37:54.727,8.8333,8.83493,1.00,1.00
2014.02.05 11:37:58.765,8.8333,8.83492,1.00,1.00
2014.02.05 11:38:08.327,8.8332,8.83492,1.60,1.00
2014.02.05 11:38:12.678,8.83316,8.83481,1.60,1.00
2014.02.05 11:38:16.329,8.83317,8.83481,1.60,1.00
2014.02.05 11:38:18.407,8.8332,8.8349,1.60,1.00
2014.02.05 11:38:20.993,8.83323,8.83481,1.60,1.00
2014.02.05 11:38:24.589,8.83418,8.83481,2.10,1.00
2014.02.05 11:38:24.741,8.83487,8.83572,1.00,1.00
2014.02.05 11:38:24.893,8.83468,8.83572,1.00,1.00
2014.02.05 11:38:24.994,8.83433,8.83572,1.00,1.00
2014.02.05 11:38:25.095,8.83427,8.83555,1.00,1.00
2014.02.05 11:38:25.399,8.83427,8.83541,1.00,1.00
2014.02.05 11:38:26.114,8.83427,8.8355,1.00,1.00
2014.02.05 11:38:27.178,8.83427,8.8356,1.00,1.00
2014.02.05 11:38:27.698,8.83426,8.8356,1.00,1.00
2014.02.05 11:38:27.850,8.8339,8.8356,1.50,1.00
2014.02.05 11:38:27.901,8.8339,8.83549,1.00,1.00
2014.02.05 11:38:28.430,8.83408,8.83558,1.50,1.00
2014.02.05 11:38:30.114,8.83408,8.83549,1.50,1.00
2014.02.05 11:38:30.266,8.8339,8.83549,1.00,1.00
2014.02.05 11:38:31.216,8.83397,8.83549,1.50,1.00
2014.02.05 11:38:31.588,8.83397,8.8354,1.50,1.00
2014.02.05 11:38:33.007,8.83419,8.8354,1.00,1.00
2014.02.05 11:38:41.966,8.83419,8.83525,1.00,1.00
2014.02.05 11:39:11.896,8.83389,8.83525,1.00,1.00
2014.02.05 11:39:12.048,8.83389,8.83515,1.00,1.00
2014.02.05 11:39:27.335,8.83463,8.83515,1.00,1.00
2014.02.05 11:39:27.437,8.83463,8.83535,1.00,1.00
2014.02.05 11:39:27.488,8.83463,8.83562,1.00,1.00
2014.02.05 11:39:28.965,8.83463,8.83563,1.00,1.00
2014.02.05 11:39:29.169,8.83479,8.83563,1.00,1.00
2014.02.05 11:39:30.058,8.83479,8.83562,1.00,1.00
2014.02.05 11:39:40.179,8.83524,8.83562,1.00,1.00
2014.02.05 11:39:40.230,8.83524,8.83599,1.00,1.00
2014.02.05 11:39:40.483,8.83524,8.8361,1.00,1.00
2014.02.05 11:39:41.569,8.83539,8.8361,1.00,1.00
2014.02.05 11:39:44.619,8.83539,8.8362,1.00,1.00
2014.02.05 11:39:55.349,8.83524,8.8362,1.00,1.00
2014.02.05 11:39:55.401,8.83454,8.8362,1.38,1.00
2014.02.05 11:39:55.502,8.83454,8.83604,1.00,1.00
2014.02.05 11:39:55.705,8.83454,8.83595,1.00,1.00
2014.02.05 11:39:56.585,8.83454,8.8358,1.00,1.00
2014.02.05 11:40:06.210,8.83454,8.83569,1.00,1.00
2014.02.05 11:40:11.596,8.83399,8.83569,1.38,1.00
2014.02.05 11:40:11.647,8.83399,8.83569,1.00,1.00
2014.02.05 11:40:11.800,8.83378,8.83525,1.00,1.00
2014.02.05 11:40:12.770,8.83378,8.83515,1.00,1.00
2014.02.05 11:40:12.871,8.83374,8.83515,1.00,1.00
2014.02.05 11:40:13.687,8.83389,8.83515,1.00,1.00
2014.02.05 11:40:25.508,8.83389,8.83506,1.00,1.00
2014.02.05 11:40:26.887,8.83398,8.83506,1.00,1.00
2014.02.05 11:40:27.039,8.83398,8.83526,1.00,1.00
2014.02.05 11:40:27.140,8.83415,8.83526,1.00,1.00
2014.02.05 11:40:40.866,8.83415,8.83523,1.00,1.00
2014.02.05 11:40:41.250,8.83415,8.83517,1.00,1.00
2014.02.05 11:40:41.508,8.83415,8.83525,1.00,1.00
2014.02.05 11:40:59.980,8.83415,8.83491,1.00,1.00
2014.02.05 11:41:00.091,8.83415,8.83511,1.00,1.00
2014.02.05 11:41:00.143,8.83415,8.8353,1.00,1.00
2014.02.05 11:41:00.749,8.83415,8.83531,1.00,1.00
2014.02.05 11:41:27.624,8.83399,8.83531,1.00,1.00
2014.02.05 11:42:00.943,8.83399,8.83543,1.00,1.00
2014.02.05 11:42:03.053,8.83399,8.83529,1.00,1.00
2014.02.05 11:42:13.592,8.83399,8.83542,1.00,1.00
2014.02.05 11:42:16.894,8.83399,8.83523,1.00,1.00
2014.02.05 11:42:22.318,8.83367,8.83523,1.60,1.50
2014.02.05 11:42:31.550,8.83383,8.83523,1.00,1.50
2014.02.05 11:42:31.702,8.83363,8.83523,1.60,1.50
2014.02.05 11:42:33.852,8.83362,8.83523,1.00,1.50
2014.02.05 11:42:33.911,8.83384,8.83523,1.00,1.00
2014.02.05 11:42:35.004,8.83384,8.83512,1.00,1.00
2014.02.05 11:43:34.147,8.83371,8.83512,1.00,1.00
2014.02.05 11:43:35.618,8.83371,8.83541,1.00,1.00
2014.02.05 11:43:36.071,8.83371,8.83533,1.00,1.50
2014.02.05 11:43:46.987,8.83365,8.83533,1.00,1.50
2014.02.05 11:44:01.593,8.83376,8.83533,1.00,1.50
2014.02.05 11:44:04.339,8.83377,8.83533,1.00,2.25
2014.02.05 11:44:04.464,8.83365,8.83533,1.00,2.25
2014.02.05 11:44:11.186,8.83375,8.83533,1.00,2.25
2014.02.05 11:44:14.115,8.83365,8.83533,1.00,2.25
2014.02.05 11:44:20.543,8.83371,8.83533,1.00,2.25
2014.02.05 11:44:26.094,8.83365,8.83533,1.00,2.25
2014.02.05 11:44:37.636,8.83365,8.83537,1.00,1.00
2014.02.05 11:44:47.045,8.83337,8.83553,2.10,1.00
2014.02.05 11:44:51.611,8.83376,8.83553,1.00,1.00
2014.02.05 11:44:53.171,8.8335,8.83553,1.60,1.00
2014.02.05 11:44:55.131,8.8335,8.83533,1.60,1.00
2014.02.05 11:44:59.999,8.83367,8.83533,1.00,1.00
2014.02.05 11:45:05.127,8.83357,8.83533,1.35,1.00
2014.02.05 11:45:08.635,8.83357,8.83513,1.35,1.00
2014.02.05 11:45:08.942,8.83399,8.83542,1.00,1.00
2014.02.05 11:45:20.195,8.83384,8.83533,1.00,1.00
2014.02.05 11:45:21.960,8.83384,8.83513,1.00,1.00
2014.02.05 11:45:23.411,8.83384,8.83532,1.00,1.00
2014.02.05 11:45:28.560,8.83384,8.83563,1.00,1.00
2014.02.05 11:45:42.643,8.83384,8.83572,1.00,1.00
2014.02.05 11:45:43.977,8.83384,8.83573,1.00,1.00
2014.02.05 11:45:45.402,8.83384,8.83582,1.00,1.00
2014.02.05 11:45:45.969,8.83384,8.83582,1.00,1.18
2014.02.05 11:45:46.609,8.83384,8.83582,1.00,1.18
2014.02.05 11:45:47.594,8.83384,8.83562,1.00,1.08
2014.02.05 11:45:51.939,8.83384,8.83562,1.00,1.08
2014.02.05 11:45:54.156,8.83384,8.83562,1.00,1.08
2014.02.05 11:45:55.984,8.83384,8.83562,1.00,1.08
2014.02.05 11:45:57.008,8.83384,8.83562,1.00,1.08
2014.02.05 11:45:57.527,8.83384,8.83562,1.00,1.08
2014.02.05 11:45:57.780,8.83399,8.83573,1.00,1.00
2014.02.05 11:45:59.030,8.83399,8.83572,1.00,1.00
2014.02.05 11:46:30.957,8.83399,8.83555,1.00,1.00
2014.02.05 11:46:40.550,8.83399,8.83562,1.50,1.50
2014.02.05 11:47:04.699,8.83422,8.83562,1.00,1.50
2014.02.05 11:47:08.536,8.83443,8.83562,1.00,1.50
2014.02.05 11:47:40.505,8.83443,8.83593,1.00,1.00
2014.02.05 11:47:50.598,8.83443,8.8359,1.00,1.00
2014.02.05 11:48:08.711,8.8342,8.8359,1.00,1.00
2014.02.05 11:48:10.918,8.83423,8.83593,1.00,1.00
2014.02.05 11:48:23.733,8.83403,8.83557,1.00,1.00
2014.02.05 11:48:24.093,8.83406,8.83557,1.00,1.00
2014.02.05 11:48:25.708,8.83406,8.83562,1.00,1.00
2014.02.05 11:48:36.008,8.83406,8.83556,1.00,1.00
2014.02.05 11:48:41.245,8.83406,8.83562,1.00,1.50
2014.02.05 11:48:45.686,8.83406,8.83558,1.00,1.00
2014.02.05 11:49:01.799,8.83406,8.83562,1.00,1.50
2014.02.05 11:49:23.866,8.83396,8.83563,1.00,1.00
2014.02.05 11:49:40.420,8.83388,8.83558,1.00,1.00
2014.02.05 11:49:50.751,8.83399,8.83563,1.00,1.00
2014.02.05 11:49:51.055,8.83431,8.83568,1.00,1.00
2014.02.05 11:49:51.309,8.83431,8.83572,1.00,1.00
2014.02.05 11:49:52.072,8.83431,8.83568,1.00,1.00
2014.02.05 11:50:02.898,8.83431,8.83559,1.00,1.00
2014.02.05 11:50:03.121,8.83431,8.83571,1.00,1.00
2014.02.05 11:50:04.306,8.83431,8.83561,1.00,1.00
2014.02.05 11:50:07.538,8.83431,8.8357,1.00,1.00
2014.02.05 11:50:09.614,8.83431,8.83558,1.00,1.00
2014.02.05 11:50:12.591,8.83431,8.83543,1.00,1.50
2014.02.05 11:50:12.902,8.83431,8.83537,1.00,1.00
2014.02.05 11:50:13.637,8.83431,8.83537,1.00,1.60
2014.02.05 11:50:13.789,8.83322,8.83472,2.00,1.50
2014.02.05 11:50:13.891,8.83318,8.83453,1.70,1.00
2014.02.05 11:50:14.043,8.83268,8.83403,1.00,1.50
2014.02.05 11:50:14.247,8.83247,8.83403,1.00,1.50
2014.02.05 11:50:15.177,8.83247,8.83403,4.13,1.50
2014.02.05 11:50:15.357,8.83256,8.83423,1.38,1.00
2014.02.05 11:50:15.560,8.83305,8.83423,1.00,1.00
2014.02.05 11:50:16.080,8.83281,8.83423,1.00,1.00
2014.02.05 11:50:16.131,8.83281,8.83432,1.00,1.00
2014.02.05 11:50:16.182,8.83264,8.83432,1.38,1.00
2014.02.05 11:50:16.233,8.83264,8.83412,1.38,1.50
2014.02.05 11:50:16.384,8.83243,8.83412,1.38,1.50
2014.02.05 11:50:16.984,8.83281,8.83412,1.00,1.50
2014.02.05 11:50:18.179,8.83301,8.83412,1.00,1.50
2014.02.05 11:50:18.230,8.83301,8.83423,1.00,1.00
2014.02.05 11:50:19.680,8.83301,8.83424,1.38,1.00
2014.02.05 11:50:20.515,8.83336,8.83424,1.00,1.00
2014.02.05 11:50:26.226,8.83336,8.83441,1.00,1.00
2014.02.05 11:50:26.327,8.83336,8.83463,1.00,1.00
2014.02.05 11:50:26.405,8.8336,8.83463,1.00,1.00
2014.02.05 11:50:27.374,8.8336,8.83473,1.00,1.00
2014.02.05 11:50:28.609,8.83301,8.83473,1.38,1.00
2014.02.05 11:50:28.847,8.83315,8.83482,1.38,1.00
2014.02.05 11:50:29.377,8.8339,8.83482,1.00,1.00
2014.02.05 11:50:40.438,8.8339,8.83499,1.00,1.00
2014.02.05 11:50:46.406,8.8339,8.83499,1.38,1.00
2014.02.05 11:50:46.508,8.83367,8.83537,1.98,1.00
2014.02.05 11:50:46.609,8.83384,8.83554,1.00,1.08
2014.02.05 11:50:46.661,8.83384,8.83554,1.00,1.00
2014.02.05 11:50:46.712,8.83384,8.83533,1.00,1.50
2014.02.05 11:50:47.052,8.8339,8.83512,1.00,1.00
2014.02.05 11:50:47.545,8.8339,8.83503,1.00,1.00
2014.02.05 11:50:55.836,8.8339,8.83495,1.00,1.00
2014.02.05 11:51:04.195,8.8339,8.83506,1.00,1.00
2014.02.05 11:51:08.139,8.8339,8.83496,1.00,1.00
2014.02.05 11:51:15.299,8.8339,8.83507,1.00,1.00
2014.02.05 11:51:35.994,8.8339,8.83506,1.00,1.00
2014.02.05 11:51:47.015,8.83359,8.83506,1.00,1.00
2014.02.05 11:51:47.546,8.83359,8.83492,1.00,1.00
2014.02.05 11:51:52.130,8.8332,8.83492,1.00,1.00
2014.02.05 11:52:04.689,8.83361,8.83492,1.00,1.00
2014.02.05 11:52:07.015,8.83361,8.83483,1.00,1.00
2014.02.05 11:52:11.160,8.83361,8.83476,1.00,1.00
2014.02.05 11:52:13.245,8.83361,8.8347,1.00,1.00
2014.02.05 11:52:13.656,8.83361,8.83452,1.00,1.50
2014.02.05 11:52:13.707,8.833,8.83452,1.00,1.50
2014.02.05 11:52:13.758,8.83285,8.83452,1.00,1.50
2014.02.05 11:52:14.154,8.8333,8.83452,1.00,1.50
2014.02.05 11:52:25.567,8.83285,8.83452,1.60,1.50
2014.02.05 11:52:26.122,8.83361,8.83452,1.00,1.50
2014.02.05 11:52:32.951,8.83285,8.83452,1.00,1.50
2014.02.05 11:52:33.263,8.8333,8.83452,1.00,1.50
2014.02.05 11:52:44.499,8.83285,8.83452,1.60,1.50
2014.02.05 11:52:44.814,8.8336,8.83452,1.00,1.50
2014.02.05 11:52:56.605,8.83285,8.83452,1.00,1.50
2014.02.05 11:52:57.170,8.8333,8.83452,1.00,1.50
2014.02.05 11:52:57.595,8.83361,8.83452,1.00,1.50
2014.02.05 11:53:13.777,8.83361,8.83482,1.00,1.00
2014.02.05 11:53:57.949,8.83288,8.83482,1.60,1.00
2014.02.05 11:54:00.219,8.83278,8.83537,1.73,1.00
2014.02.05 11:54:09.409,8.83283,8.83536,1.60,1.00
2014.02.05 11:54:10.922,8.83272,8.83535,1.98,1.00
2014.02.05 11:54:13.952,8.83289,8.83537,1.60,1.00
2014.02.05 11:54:18.778,8.83268,8.83531,1.98,1.00
2014.02.05 11:54:23.097,8.83267,8.83517,1.98,1.00
2014.02.05 11:54:26.243,8.83297,8.83536,1.00,1.00
2014.02.05 11:54:28.463,8.83267,8.83524,1.98,1.00
2014.02.05 11:54:29.374,8.83267,8.83524,1.98,1.00
2014.02.05 11:54:29.523,8.83274,8.83537,1.98,1.00
2014.02.05 11:54:32.145,8.83267,8.83523,1.98,1.00
2014.02.05 11:54:33.947,8.83298,8.83537,1.00,1.00
2014.02.05 11:54:37.839,8.83279,8.83537,1.60,1.00
2014.02.05 11:54:42.167,8.83267,8.83504,1.98,1.00
2014.02.05 11:54:47.458,8.83267,8.83506,1.98,1.00
2014.02.05 11:54:51.156,8.83267,8.83499,1.98,1.00
2014.02.05 11:54:51.267,8.83278,8.83536,1.73,1.00
2014.02.05 11:54:54.404,8.83328,8.83536,1.00,1.00
2014.02.05 11:54:56.541,8.83276,8.83536,1.98,1.00
2014.02.05 11:54:56.642,8.83276,8.83482,1.38,1.00
2014.02.05 11:54:56.794,8.83261,8.83482,1.00,1.00
2014.02.05 11:54:57.143,8.8333,8.83482,1.00,1.00
2014.02.05 11:54:58.027,8.8333,8.83463,1.00,1.00
2014.02.05 11:54:59.011,8.8333,8.83453,1.00,1.00
2014.02.05 11:55:07.185,8.83294,8.8352,2.10,1.00
2014.02.05 11:55:07.236,8.83296,8.83533,1.60,1.00
2014.02.05 11:55:07.287,8.83296,8.83512,1.60,1.50
2014.02.05 11:55:07.591,8.8336,8.83486,1.00,1.00
2014.02.05 11:55:10.003,8.8336,8.83483,1.00,1.00
2014.02.05 11:55:20.928,8.83316,8.83486,1.00,1.00
2014.02.05 11:55:21.455,8.8339,8.83486,1.00,1.00
2014.02.05 11:55:42.135,8.83316,8.83486,1.00,1.00
2014.02.05 11:55:42.388,8.83355,8.83486,1.00,1.00
2014.02.05 11:55:42.750,8.83355,8.83468,1.00,1.00
2014.02.05 11:55:44.557,8.83355,8.83421,1.00,1.50
2014.02.05 11:55:44.861,8.83248,8.83357,1.50,12.78
2014.02.05 11:55:44.912,8.83208,8.83313,2.25,3.55
2014.02.05 11:55:44.962,8.83208,8.83283,1.88,5.48
2014.02.05 11:55:45.266,8.83054,8.83249,1.75,4.75
2014.02.05 11:55:45.569,8.83054,8.83172,1.00,1.00
2014.02.05 11:55:45.721,8.83008,8.8316,1.00,1.00
2014.02.05 11:55:46.209,8.82988,8.8316,1.00,1.00
2014.02.05 11:55:46.310,8.82988,8.83152,1.00,1.50
2014.02.05 11:55:46.525,8.82961,8.83131,1.00,1.00
2014.02.05 11:55:49.283,8.8303,8.83131,1.00,1.00
2014.02.05 11:55:52.256,8.82961,8.83131,1.00,1.00
2014.02.05 11:55:52.695,8.83,8.83131,1.00,1.00
2014.02.05 11:55:53.467,8.83031,8.83131,1.00,1.00
2014.02.05 11:56:07.040,8.83031,8.83128,1.00,1.00
2014.02.05 11:56:18.572,8.83031,8.83149,1.00,1.00
2014.02.05 11:56:18.624,8.83031,8.83153,1.00,1.00
2014.02.05 11:56:25.534,8.83031,8.83144,1.00,1.00
2014.02.05 11:56:53.763,8.82987,8.83144,1.50,1.00
2014.02.05 11:57:00.262,8.82987,8.83154,1.50,1.00
2014.02.05 11:57:08.131,8.82987,8.83147,1.50,1.00
2014.02.05 11:57:08.453,8.82995,8.83147,1.00,1.00
2014.02.05 11:57:09.130,8.82996,8.83147,1.00,1.00
2014.02.05 11:57:15.762,8.82996,8.83134,1.00,1.00
2014.02.05 11:57:19.148,8.82996,8.83147,1.00,1.00
2014.02.05 11:57:24.713,8.82996,8.83137,1.00,1.00
2014.02.05 11:57:25.311,8.83004,8.83137,1.00,1.00
2014.02.05 11:57:25.690,8.83004,8.83158,1.00,1.50
2014.02.05 11:57:35.952,8.83004,8.83155,1.00,1.00
2014.02.05 11:57:37.265,8.83004,8.83158,1.00,1.00
2014.02.05 11:57:37.475,8.83004,8.83156,1.00,1.00
2014.02.05 11:57:45.294,8.83004,8.83158,1.00,1.00
2014.02.05 11:57:45.396,8.83004,8.83153,1.00,1.00
2014.02.05 11:57:49.812,8.83004,8.83158,1.00,1.00
2014.02.05 11:57:55.022,8.83004,8.8315,1.00,1.00
2014.02.05 11:58:01.521,8.83004,8.83158,1.00,1.00
2014.02.05 11:58:24.539,8.83004,8.83157,1.00,1.00
2014.02.05 11:58:26.349,8.82996,8.83157,1.00,1.00
2014.02.05 11:58:27.121,8.82996,8.83166,1.50,1.00
2014.02.05 11:58:43.248,8.83004,8.83173,1.00,1.00
2014.02.05 11:58:43.564,8.82996,8.83162,1.00,1.00
2014.02.05 11:58:53.240,8.82999,8.83171,1.00,1.00
2014.02.05 11:58:53.704,8.82996,8.83159,1.00,1.00
2014.02.05 11:58:56.364,8.82997,8.83169,1.00,1.00
2014.02.05 11:59:12.672,8.83007,8.83173,1.00,1.00
2014.02.05 11:59:12.811,8.82996,8.83167,1.00,1.00
2014.02.05 11:59:13.852,8.82995,8.83167,1.00,1.00
2014.02.05 11:59:30.301,8.82975,8.83142,1.00,1.00
2014.02.05 11:59:30.353,8.82972,8.83142,1.00,1.00
2014.02.05 11:59:42.711,8.82996,8.83142,1.00,1.00
2014.02.05 11:59:50.981,8.82996,8.83138,1.00,1.00
2014.02.05 11:59:55.414,8.82996,8.83158,1.00,1.00
2014.02.05 11:59:55.465,8.82996,8.83207,1.00,2.10
2014.02.05 11:59:56.024,8.82932,8.83207,3.38,2.10
