2015.11.27 07:00:00.326,9.27426,9.27752,1.50,1.00
2015.11.27 07:00:00.630,9.27426,9.27754,1.50,1.50
2015.11.27 07:00:01.380,9.27396,9.27766,1.00,1.00
2015.11.27 07:00:01.434,9.27436,9.27724,1.50,1.50
2015.11.27 07:00:01.752,9.27496,9.27772,1.50,1.00
2015.11.27 07:00:01.802,9.27496,9.27784,1.50,1.50
2015.11.27 07:00:02.454,9.27466,9.27802,1.50,1.00
2015.11.27 07:00:02.636,9.27496,9.27784,1.50,1.50
2015.11.27 07:00:25.662,9.27466,9.27754,1.50,1.50
2015.11.27 07:00:26.366,9.27466,9.27724,1.50,1.50
2015.11.27 07:00:26.635,9.27386,9.27674,1.50,1.50
2015.11.27 07:00:49.057,9.27356,9.27644,1.50,1.50
2015.11.27 07:00:50.164,9.27356,9.27644,1.87,1.57
2015.11.27 07:00:51.066,9.27346,9.27634,2.25,1.50
2015.11.27 07:01:04.146,9.27356,9.27644,1.87,1.57
2015.11.27 07:01:04.881,9.27356,9.27644,1.50,1.87
2015.11.27 07:01:07.091,9.27346,9.27634,1.57,1.87
2015.11.27 07:01:08.081,9.27356,9.27644,1.50,1.87
2015.11.27 07:01:09.086,9.27335,9.27625,1.57,1.57
2015.11.27 07:01:12.040,9.27326,9.27614,1.87,1.50
2015.11.27 07:01:16.117,9.27336,9.27624,1.57,1.57
2015.11.27 07:01:21.301,9.27346,9.27634,1.50,1.50
2015.11.27 07:01:23.082,9.27336,9.27624,1.57,1.50
2015.11.27 07:01:24.030,9.27346,9.27634,1.50,1.50
2015.11.27 07:01:25.222,9.27336,9.27624,1.57,1.50
2015.11.27 07:01:28.024,9.27336,9.27624,2.25,1.50
2015.11.27 07:01:28.125,9.27356,9.27644,2.25,1.50
2015.11.27 07:01:28.710,9.27356,9.27644,2.25,1.50
2015.11.27 07:01:32.068,9.27356,9.27644,2.25,1.50
2015.11.27 07:01:41.749,9.27356,9.27644,1.50,2.25
2015.11.27 07:02:01.690,9.27356,9.27644,1.50,1.50
2015.11.27 07:02:15.844,9.27356,9.27644,2.25,1.50
2015.11.27 07:02:16.648,9.27356,9.27644,2.25,2.25
2015.11.27 07:02:16.962,9.27356,9.27644,2.25,1.50
2015.11.27 07:02:20.421,9.27356,9.27644,1.50,2.25
2015.11.27 07:02:20.727,9.27356,9.27644,1.50,1.50
2015.11.27 07:02:21.131,9.27346,9.27634,1.50,1.50
2015.11.27 07:02:21.457,9.27346,9.27634,1.50,2.25
2015.11.27 07:02:22.188,9.27346,9.27634,1.50,1.50
2015.11.27 07:02:22.722,9.27346,9.27634,1.50,2.25
2015.11.27 07:02:23.731,9.27346,9.27634,1.50,1.50
2015.11.27 07:02:23.923,9.27346,9.27634,1.50,2.25
2015.11.27 07:02:24.524,9.27346,9.27634,1.50,1.87
2015.11.27 07:02:24.927,9.27346,9.27634,1.57,1.50
2015.11.27 07:02:25.237,9.27346,9.27634,1.50,1.87
2015.11.27 07:02:32.167,9.27346,9.27634,1.50,2.25
2015.11.27 07:02:38.059,9.27336,9.27624,1.50,2.25
2015.11.27 07:02:39.676,9.27336,9.27624,1.50,1.87
2015.11.27 07:02:40.210,9.27336,9.27624,1.50,2.25
2015.11.27 07:02:44.471,9.27306,9.27594,1.50,2.25
2015.11.27 07:02:44.725,9.27306,9.27594,1.50,2.25
2015.11.27 07:02:45.028,9.27306,9.27594,1.50,2.25
2015.11.27 07:02:45.516,9.27306,9.27594,1.50,2.25
2015.11.27 07:02:45.914,9.27306,9.27594,1.50,2.25
2015.11.27 07:02:46.024,9.27313,9.27594,1.00,2.25
2015.11.27 07:02:46.427,9.27326,9.27614,1.50,2.25
2015.11.27 07:02:46.478,9.27326,9.27614,1.50,1.50
2015.11.27 07:02:46.683,9.27345,9.27635,1.50,1.50
2015.11.27 07:02:46.885,9.27405,9.27695,1.50,1.50
2015.11.27 07:02:47.769,9.27436,9.27724,1.50,1.57
2015.11.27 07:02:47.921,9.27436,9.27724,1.50,1.50
2015.11.27 07:02:48.733,9.27426,9.27714,1.50,1.50
2015.11.27 07:03:06.061,9.27426,9.27679,1.50,1.00
2015.11.27 07:03:06.112,9.27336,9.27679,2.25,1.00
2015.11.27 07:03:06.163,9.27336,9.27704,2.25,1.50
2015.11.27 07:03:06.608,9.27276,9.27644,2.25,1.50
2015.11.27 07:03:06.993,9.27276,9.27644,2.25,1.50
2015.11.27 07:03:07.448,9.27286,9.27654,2.25,1.50
2015.11.27 07:03:07.550,9.27286,9.27654,2.25,1.50
2015.11.27 07:03:08.551,9.27286,9.27654,2.25,1.50
2015.11.27 07:03:09.099,9.27286,9.27654,2.25,1.50
2015.11.27 07:03:09.420,9.27296,9.27664,2.25,1.50
2015.11.27 07:03:10.442,9.27286,9.27654,2.25,1.50
2015.11.27 07:03:12.060,9.27286,9.27654,2.25,1.50
2015.11.27 07:03:21.445,9.27276,9.27644,2.25,1.50
2015.11.27 07:03:29.879,9.27276,9.27644,2.25,1.50
2015.11.27 07:03:29.981,9.27276,9.27644,2.25,1.50
2015.11.27 07:03:30.458,9.27286,9.27654,2.25,1.50
2015.11.27 07:03:30.509,9.27286,9.27654,2.25,1.50
2015.11.27 07:03:31.429,9.27276,9.27644,2.25,1.50
2015.11.27 07:03:38.785,9.27276,9.27644,2.25,1.50
2015.11.27 07:03:43.282,9.27276,9.27644,2.25,1.50
2015.11.27 07:03:43.802,9.27276,9.27644,2.25,1.50
2015.11.27 07:03:44.327,9.27276,9.27644,2.25,1.50
2015.11.27 07:03:44.428,9.27266,9.27634,2.25,1.50
2015.11.27 07:03:44.761,9.27266,9.27634,2.25,1.50
2015.11.27 07:03:48.119,9.27266,9.27634,2.25,1.50
2015.11.27 07:03:48.221,9.27266,9.27634,2.25,1.50
2015.11.27 07:03:48.453,9.27266,9.27634,2.25,1.50
2015.11.27 07:03:51.740,9.27266,9.27634,2.25,1.50
2015.11.27 07:03:52.429,9.27276,9.27644,2.25,2.25
2015.11.27 07:03:57.367,9.27266,9.27634,2.25,1.50
2015.11.27 07:04:05.287,9.27266,9.27634,2.25,1.50
2015.11.27 07:04:06.299,9.27266,9.27634,2.25,1.50
2015.11.27 07:04:06.734,9.27266,9.27634,2.25,1.50
2015.11.27 07:04:07.377,9.27256,9.27624,2.25,1.50
2015.11.27 07:04:07.809,9.27256,9.27624,2.25,1.50
2015.11.27 07:04:08.017,9.27256,9.27624,2.25,1.50
2015.11.27 07:04:08.389,9.27286,9.27574,2.25,1.50
2015.11.27 07:04:09.007,9.27286,9.27574,2.25,1.50
2015.11.27 07:04:09.394,9.27266,9.27634,2.25,1.50
2015.11.27 07:04:09.495,9.27266,9.27634,2.25,1.50
2015.11.27 07:04:10.438,9.27266,9.27634,2.25,1.50
2015.11.27 07:04:10.998,9.27266,9.27634,2.25,1.50
2015.11.27 07:04:11.994,9.27266,9.27634,2.25,1.50
2015.11.27 07:04:12.538,9.27266,9.27634,2.25,1.50
2015.11.27 07:04:13.457,9.27246,9.27614,2.25,1.50
2015.11.27 07:04:13.759,9.27246,9.27614,2.25,1.50
2015.11.27 07:04:18.392,9.27266,9.27634,2.25,1.50
2015.11.27 07:04:19.059,9.27266,9.27634,2.25,1.50
2015.11.27 07:04:19.454,9.27276,9.2764,2.25,1.00
2015.11.27 07:04:20.659,9.27236,9.2766,1.75,1.00
2015.11.27 07:04:20.710,9.27236,9.27668,1.75,1.00
2015.11.27 07:04:21.464,9.27208,9.2764,1.75,1.00
2015.11.27 07:04:21.767,9.27206,9.2764,3.00,1.00
2015.11.27 07:04:22.159,9.27224,9.27664,1.75,1.00
2015.11.27 07:04:22.468,9.27226,9.27664,3.00,1.00
2015.11.27 07:04:23.224,9.27226,9.27664,2.25,1.00
2015.11.27 07:04:23.770,9.27245,9.27664,1.75,1.00
2015.11.27 07:04:24.482,9.27256,9.27638,1.75,1.00
2015.11.27 07:04:24.532,9.27256,9.27638,1.75,1.10
2015.11.27 07:04:25.509,9.27216,9.27638,1.75,1.00
2015.11.27 07:04:25.711,9.27216,9.27643,1.75,1.00
2015.11.27 07:04:29.070,9.27235,9.27643,1.75,1.07
2015.11.27 07:04:29.121,9.27235,9.27634,1.75,1.00
2015.11.27 07:04:29.574,9.27235,9.27614,1.75,1.00
2015.11.27 07:04:30.052,9.27206,9.27614,1.75,1.00
2015.11.27 07:04:30.729,9.27206,9.27574,1.75,1.50
2015.11.27 07:04:31.404,9.27196,9.27554,1.75,1.50
2015.11.27 07:04:31.999,9.27226,9.27554,1.75,1.50
2015.11.27 07:04:32.247,9.27226,9.27554,1.75,1.50
2015.11.27 07:04:33.011,9.27206,9.27554,1.75,1.50
2015.11.27 07:04:33.361,9.27216,9.27554,1.75,1.50
2015.11.27 07:04:33.629,9.27226,9.27589,1.75,1.00
2015.11.27 07:04:33.731,9.27226,9.27615,1.75,1.00
2015.11.27 07:04:34.459,9.27216,9.27564,1.75,1.50
2015.11.27 07:04:34.767,9.27226,9.27564,1.75,1.50
2015.11.27 07:04:35.319,9.27256,9.27564,1.75,1.50
2015.11.27 07:04:35.772,9.27245,9.27564,1.75,1.50
2015.11.27 07:04:36.325,9.27206,9.27564,1.75,1.50
2015.11.27 07:04:36.427,9.27226,9.27595,1.75,1.50
2015.11.27 07:04:36.528,9.27226,9.27595,1.75,1.50
2015.11.27 07:04:38.683,9.27235,9.27595,1.75,1.50
2015.11.27 07:04:42.357,9.27236,9.27584,1.75,1.50
2015.11.27 07:04:44.454,9.27226,9.27605,1.75,1.50
2015.11.27 07:04:46.468,9.27226,9.27594,1.75,1.50
2015.11.27 07:04:47.759,9.27246,9.27594,1.75,1.50
2015.11.27 07:04:48.166,9.27246,9.27594,1.75,1.50
2015.11.27 07:04:50.272,9.27216,9.27594,1.75,1.50
2015.11.27 07:04:51.255,9.27246,9.27594,1.75,1.50
2015.11.27 07:04:52.265,9.27216,9.27594,1.75,1.50
2015.11.27 07:04:53.236,9.27246,9.27594,1.75,1.50
2015.11.27 07:04:59.701,9.27236,9.27594,1.75,1.50
2015.11.27 07:04:59.783,9.27236,9.27594,1.75,1.50
2015.11.27 07:05:00.418,9.27226,9.27574,1.75,1.50
2015.11.27 07:05:00.721,9.27375,9.27574,1.37,1.50
2015.11.27 07:05:00.876,9.27375,9.27744,1.10,2.25
2015.11.27 07:05:01.079,9.27283,9.27714,1.75,1.50
2015.11.27 07:05:01.408,9.27296,9.27683,1.75,1.00
2015.11.27 07:05:01.543,9.27296,9.27702,1.97,1.00
2015.11.27 07:05:01.595,9.27296,9.27714,1.97,1.50
2015.11.27 07:05:01.708,9.27296,9.27712,1.75,1.00
2015.11.27 07:05:02.050,9.27306,9.27692,1.75,1.00
2015.11.27 07:05:02.773,9.27333,9.27704,1.97,1.50
2015.11.27 07:05:02.824,9.27333,9.27704,1.97,1.50
2015.11.27 07:05:03.122,9.27346,9.27723,2.47,1.00
2015.11.27 07:05:03.173,9.27346,9.27734,2.47,1.50
2015.11.27 07:05:03.274,9.27346,9.27734,2.47,1.50
2015.11.27 07:05:05.766,9.27306,9.27695,1.75,1.00
2015.11.27 07:05:06.136,9.27295,9.27695,1.75,1.00
2015.11.27 07:05:06.237,9.27295,9.27724,1.75,1.00
2015.11.27 07:05:06.288,9.27295,9.27704,1.75,1.00
2015.11.27 07:05:06.723,9.27295,9.27685,1.75,1.50
2015.11.27 07:05:07.043,9.27316,9.27679,1.75,1.00
2015.11.27 07:05:07.245,9.27316,9.27679,1.75,1.00
2015.11.27 07:05:08.549,9.27306,9.27654,1.75,1.50
2015.11.27 07:05:09.303,9.27316,9.27654,1.75,1.50
2015.11.27 07:05:09.679,9.27306,9.27648,1.75,1.00
2015.11.27 07:05:09.729,9.27306,9.27648,1.75,1.00
2015.11.27 07:05:10.667,9.27296,9.27604,1.75,1.50
2015.11.27 07:05:22.617,9.27286,9.27648,1.75,1.00
2015.11.27 07:05:24.480,9.27296,9.27648,1.75,1.00
2015.11.27 07:05:24.818,9.27286,9.27614,1.75,1.50
2015.11.27 07:05:25.121,9.27266,9.27614,1.75,1.50
2015.11.27 07:05:25.617,9.27286,9.27648,1.75,1.00
2015.11.27 07:05:25.718,9.27286,9.27675,1.75,1.50
2015.11.27 07:05:26.707,9.27266,9.27664,1.75,1.00
2015.11.27 07:05:27.080,9.27276,9.27604,1.75,1.50
2015.11.27 07:05:27.587,9.27276,9.27624,1.75,1.50
2015.11.27 07:05:27.878,9.27266,9.27624,1.75,1.50
2015.11.27 07:05:28.030,9.27266,9.27624,1.75,1.50
2015.11.27 07:05:28.379,9.27286,9.27624,1.75,1.50
2015.11.27 07:05:29.021,9.27296,9.27624,1.75,1.50
2015.11.27 07:05:29.458,9.27286,9.27624,1.75,1.50
2015.11.27 07:05:29.971,9.27266,9.27624,1.75,1.50
2015.11.27 07:05:30.337,9.27296,9.27624,1.75,1.50
2015.11.27 07:05:30.557,9.27306,9.27614,1.37,1.50
2015.11.27 07:05:31.006,9.27306,9.27614,1.75,1.50
2015.11.27 07:05:32.719,9.27286,9.27614,1.75,1.50
2015.11.27 07:05:33.433,9.27306,9.27614,1.37,1.50
2015.11.27 07:05:33.636,9.27306,9.27594,1.37,1.50
2015.11.27 07:05:33.966,9.27296,9.27594,1.75,1.50
2015.11.27 07:05:34.068,9.27306,9.27594,1.37,1.50
2015.11.27 07:05:34.526,9.27316,9.27594,1.37,1.50
2015.11.27 07:05:34.638,9.27306,9.27604,1.75,1.50
2015.11.27 07:05:35.514,9.27306,9.27604,1.75,1.50
2015.11.27 07:05:42.297,9.27296,9.27604,1.37,1.50
2015.11.27 07:05:44.052,9.27316,9.27604,1.37,1.50
2015.11.27 07:05:44.658,9.27316,9.27595,1.37,1.50
2015.11.27 07:05:45.616,9.27316,9.27604,1.37,1.50
2015.11.27 07:05:51.556,9.27326,9.27614,1.12,1.50
2015.11.27 07:05:53.542,9.27336,9.27614,1.37,1.50
2015.11.27 07:05:57.607,9.27326,9.27624,1.75,1.50
2015.11.27 07:05:57.812,9.27336,9.27624,1.75,1.50
2015.11.27 07:05:59.556,9.27346,9.27624,1.75,1.50
2015.11.27 07:05:59.611,9.27326,9.27635,1.75,1.50
2015.11.27 07:05:59.828,9.27316,9.27635,1.75,1.50
2015.11.27 07:06:00.030,9.27316,9.27635,1.75,1.50
2015.11.27 07:06:00.821,9.27336,9.27635,1.75,1.50
2015.11.27 07:06:02.556,9.27325,9.2767,1.75,1.00
2015.11.27 07:06:04.958,9.27325,9.2767,1.75,1.00
2015.11.27 07:06:08.606,9.27336,9.27625,1.75,1.50
2015.11.27 07:06:09.604,9.27336,9.2767,1.75,1.00
2015.11.27 07:06:10.137,9.27326,9.2767,1.75,1.00
2015.11.27 07:06:10.608,9.27326,9.27604,1.75,1.50
2015.11.27 07:06:17.173,9.27335,9.27604,1.75,1.50
2015.11.27 07:06:17.626,9.27335,9.27614,1.75,1.50
2015.11.27 07:06:19.937,9.27335,9.27614,1.37,1.50
2015.11.27 07:06:20.617,9.27326,9.27624,1.75,1.50
2015.11.27 07:06:20.820,9.27326,9.27624,1.75,1.50
2015.11.27 07:06:26.985,9.27326,9.27624,1.50,1.50
2015.11.27 07:06:31.357,9.27325,9.27624,1.75,1.50
2015.11.27 07:06:39.315,9.27315,9.27624,1.75,1.50
2015.11.27 07:06:39.631,9.27315,9.27614,1.75,1.50
2015.11.27 07:06:42.607,9.27315,9.27604,1.75,1.50
2015.11.27 07:06:48.577,9.27286,9.27614,1.75,1.50
2015.11.27 07:07:07.143,9.27276,9.27614,1.75,1.50
2015.11.27 07:07:07.446,9.27228,9.27614,1.75,1.50
2015.11.27 07:07:07.599,9.27203,9.27643,1.75,1.07
2015.11.27 07:07:07.701,9.27186,9.27617,2.25,1.00
2015.11.27 07:07:08.050,9.27186,9.27594,2.25,1.00
2015.11.27 07:07:08.200,9.27209,9.27613,1.75,1.00
2015.11.27 07:07:08.251,9.27209,9.27649,1.75,1.37
2015.11.27 07:07:08.720,9.27206,9.27594,2.25,1.50
2015.11.27 07:07:25.376,9.27206,9.27594,2.25,1.50
2015.11.27 07:07:27.597,9.27216,9.27604,2.25,1.50
2015.11.27 07:07:28.616,9.27206,9.27594,2.25,1.50
2015.11.27 07:07:30.574,9.27216,9.27604,2.25,1.50
2015.11.27 07:07:39.697,9.27216,9.27604,2.25,1.50
2015.11.27 07:07:40.576,9.27206,9.27594,2.25,1.50
2015.11.27 07:07:43.681,9.27216,9.27604,2.25,1.50
2015.11.27 07:07:43.732,9.27216,9.27597,2.25,1.00
2015.11.27 07:07:44.233,9.27216,9.27604,2.25,1.50
2015.11.27 07:07:46.614,9.27196,9.27584,2.25,1.50
2015.11.27 07:08:18.628,9.27203,9.27645,1.75,1.37
2015.11.27 07:08:19.028,9.27186,9.27609,2.25,1.00
2015.11.27 07:08:25.648,9.27188,9.27628,1.75,1.00
2015.11.27 07:08:26.676,9.27216,9.27604,2.25,1.50
2015.11.27 07:08:30.623,9.27186,9.27625,2.25,1.00
2015.11.27 07:08:30.976,9.27186,9.27625,2.25,1.37
2015.11.27 07:08:31.318,9.27186,9.27625,2.25,1.75
2015.11.27 07:08:35.496,9.27156,9.27544,2.25,1.50
2015.11.27 07:08:36.496,9.27176,9.27564,2.25,1.50
2015.11.27 07:08:58.443,9.27166,9.27554,2.25,1.50
2015.11.27 07:09:01.475,9.27175,9.27554,1.75,1.50
2015.11.27 07:09:04.500,9.27186,9.27574,2.25,1.50
2015.11.27 07:09:05.503,9.27206,9.27594,2.25,1.87
2015.11.27 07:09:08.467,9.27176,9.27564,2.25,1.50
2015.11.27 07:09:10.444,9.27206,9.27594,2.25,1.87
2015.11.27 07:09:11.510,9.27186,9.27574,2.25,1.50
2015.11.27 07:09:12.073,9.27196,9.27574,1.75,1.50
2015.11.27 07:09:12.427,9.27216,9.27544,1.75,1.50
2015.11.27 07:09:12.905,9.27216,9.27544,1.75,1.50
2015.11.27 07:09:13.402,9.27196,9.27564,1.75,1.50
2015.11.27 07:09:16.531,9.27206,9.27582,3.00,1.00
2015.11.27 07:09:17.081,9.27206,9.27594,3.00,1.87
2015.11.27 07:09:18.487,9.27226,9.27564,1.75,1.50
2015.11.27 07:09:19.683,9.27196,9.27564,1.75,1.50
2015.11.27 07:09:20.485,9.27186,9.27544,1.75,1.50
2015.11.27 07:09:43.474,9.27196,9.27564,1.75,1.50
2015.11.27 07:09:45.446,9.27206,9.27554,1.75,1.50
2015.11.27 07:09:50.399,9.27196,9.27554,1.75,1.50
2015.11.27 07:09:50.772,9.27196,9.27544,1.75,1.50
2015.11.27 07:09:51.678,9.27186,9.27544,1.75,1.50
2015.11.27 07:10:03.469,9.27196,9.27524,1.75,1.50
2015.11.27 07:10:04.473,9.27196,9.27484,1.75,1.50
2015.11.27 07:10:05.477,9.27216,9.27504,1.75,1.50
2015.11.27 07:10:06.430,9.27195,9.27494,1.75,1.50
2015.11.27 07:10:07.231,9.27196,9.27494,1.75,1.50
2015.11.27 07:10:07.435,9.27186,9.27504,1.75,1.50
2015.11.27 07:10:08.205,9.27186,9.27504,1.75,1.50
2015.11.27 07:10:08.408,9.27186,9.27484,1.75,1.50
2015.11.27 07:10:08.954,9.27176,9.27484,1.75,1.50
2015.11.27 07:10:09.945,9.27176,9.27484,1.75,1.50
2015.11.27 07:10:10.477,9.27176,9.27484,1.75,1.50
2015.11.27 07:10:15.442,9.27156,9.27484,1.75,1.50
2015.11.27 07:10:16.433,9.27156,9.27475,1.75,1.50
2015.11.27 07:10:19.429,9.27156,9.27485,1.75,1.50
2015.11.27 07:10:28.874,9.27156,9.27485,1.75,1.50
2015.11.27 07:10:29.462,9.27156,9.27504,1.75,1.50
2015.11.27 07:10:30.283,9.27116,9.27504,2.25,1.57
2015.11.27 07:10:30.501,9.27096,9.27484,2.25,2.25
2015.11.27 07:10:30.818,9.27096,9.27484,2.25,1.87
2015.11.27 07:10:33.527,9.27066,9.27454,2.25,1.50
2015.11.27 07:10:34.280,9.27066,9.27454,2.25,1.50
2015.11.27 07:10:34.381,9.27066,9.27454,2.25,1.50
2015.11.27 07:10:34.682,9.27056,9.27444,3.00,1.50
2015.11.27 07:10:35.485,9.27076,9.27454,1.75,1.50
2015.11.27 07:10:36.110,9.27066,9.27454,2.25,1.50
2015.11.27 07:10:36.489,9.27086,9.27474,2.25,1.57
2015.11.27 07:10:37.042,9.27086,9.27474,2.25,1.57
2015.11.27 07:10:37.370,9.27086,9.27474,2.25,1.57
2015.11.27 07:10:39.423,9.27076,9.27454,1.75,1.50
2015.11.27 07:10:44.967,9.27076,9.27454,1.75,1.50
2015.11.27 07:10:45.346,9.27072,9.27454,1.75,1.50
2015.11.27 07:10:45.527,9.27096,9.27484,2.25,1.50
2015.11.27 07:10:47.123,9.27096,9.27484,2.25,1.50
2015.11.27 07:10:51.425,9.27126,9.27514,2.25,1.50
2015.11.27 07:10:53.428,9.27126,9.27514,2.25,1.87
2015.11.27 07:10:54.397,9.27126,9.27514,2.25,1.50
2015.11.27 07:10:56.153,9.27126,9.27514,2.25,1.87
2015.11.27 07:10:57.162,9.27116,9.27504,2.25,1.50
2015.11.27 07:10:57.465,9.27106,9.27494,2.25,1.57
2015.11.27 07:10:57.903,9.27106,9.27494,2.25,1.57
2015.11.27 07:10:58.478,9.27106,9.27494,2.25,1.50
2015.11.27 07:10:58.923,9.27106,9.27494,2.25,1.57
2015.11.27 07:10:59.913,9.27106,9.27494,2.25,1.50
2015.11.27 07:11:01.423,9.27116,9.27504,2.25,1.50
2015.11.27 07:11:03.402,9.27106,9.27494,2.25,1.50
2015.11.27 07:11:04.472,9.27106,9.27494,2.25,1.57
2015.11.27 07:11:05.530,9.27077,9.27464,1.75,1.50
2015.11.27 07:11:05.713,9.27076,9.27464,2.25,1.50
2015.11.27 07:11:06.422,9.2709,9.27464,1.75,1.50
2015.11.27 07:11:08.693,9.27076,9.27464,2.25,1.50
2015.11.27 07:11:22.463,9.27066,9.27454,2.25,1.50
2015.11.27 07:11:31.452,9.27076,9.27464,2.25,1.50
2015.11.27 07:11:33.431,9.27066,9.27454,2.25,1.50
2015.11.27 07:11:45.425,9.27126,9.27484,1.75,2.25
2015.11.27 07:11:46.632,9.27126,9.27484,1.75,1.50
2015.11.27 07:11:58.208,9.27156,9.27484,1.75,1.50
2015.11.27 07:11:58.554,9.27156,9.27504,1.75,1.50
2015.11.27 07:11:59.976,9.27146,9.27499,1.75,1.00
2015.11.27 07:12:00.491,9.27146,9.27474,1.75,1.50
2015.11.27 07:12:00.984,9.27136,9.27474,1.75,1.50
2015.11.27 07:12:02.052,9.27136,9.27474,1.75,1.50
2015.11.27 07:12:02.509,9.27136,9.27474,1.75,1.50
2015.11.27 07:12:04.477,9.27126,9.27454,1.75,1.50
2015.11.27 07:12:08.545,9.27126,9.27454,1.75,1.50
2015.11.27 07:12:08.751,9.27126,9.27454,1.75,1.50
2015.11.27 07:12:09.625,9.27126,9.27464,1.75,1.50
2015.11.27 07:12:11.491,9.27136,9.27474,1.75,1.50
2015.11.27 07:12:15.671,9.27136,9.27464,1.75,1.50
2015.11.27 07:12:25.461,9.27156,9.27454,1.75,1.50
2015.11.27 07:12:35.800,9.27146,9.27464,1.75,1.50
2015.11.27 07:12:52.521,9.27136,9.27444,1.75,1.50
2015.11.27 07:12:53.510,9.27125,9.27434,1.75,1.50
2015.11.27 07:12:55.490,9.27126,9.27424,1.75,1.50
2015.11.27 07:13:01.491,9.27146,9.27434,1.75,1.50
2015.11.27 07:13:03.541,9.27146,9.27474,1.75,1.50
2015.11.27 07:13:03.643,9.27146,9.27444,1.75,1.50
2015.11.27 07:13:03.954,9.27146,9.27444,1.75,1.50
2015.11.27 07:13:04.293,9.27116,9.27444,1.75,1.50
2015.11.27 07:13:04.689,9.27136,9.27444,1.75,1.50
2015.11.27 07:13:04.790,9.27136,9.27444,1.75,1.50
2015.11.27 07:13:05.329,9.27136,9.27444,1.75,1.50
2015.11.27 07:13:05.531,9.27136,9.27444,1.75,1.50
2015.11.27 07:13:05.633,9.27126,9.27454,1.75,1.50
2015.11.27 07:13:06.600,9.27116,9.27424,1.75,1.50
2015.11.27 07:13:10.472,9.27116,9.27424,1.75,1.50
2015.11.27 07:14:06.784,9.27136,9.27462,1.75,1.00
2015.11.27 07:14:10.383,9.27156,9.27492,1.75,1.00
2015.11.27 07:14:10.534,9.27156,9.27492,1.75,1.00
2015.11.27 07:14:10.888,9.27146,9.27454,1.75,1.50
2015.11.27 07:14:11.206,9.27146,9.27454,1.75,1.50
2015.11.27 07:14:12.599,9.27146,9.27474,1.75,1.50
2015.11.27 07:14:16.269,9.27136,9.27474,1.75,1.50
2015.11.27 07:14:16.459,9.27126,9.27474,1.75,1.50
2015.11.27 07:14:16.714,9.27126,9.27454,1.75,1.50
2015.11.27 07:14:17.659,9.27126,9.27444,1.75,1.50
2015.11.27 07:14:25.389,9.27126,9.27444,1.75,1.50
2015.11.27 07:14:26.679,9.27125,9.27434,1.75,1.50
2015.11.27 07:14:32.441,9.27125,9.27434,1.75,1.50
2015.11.27 07:14:32.642,9.27125,9.27424,1.75,1.50
2015.11.27 07:15:00.834,9.27125,9.27424,1.37,1.50
2015.11.27 07:15:09.200,9.27136,9.27424,1.75,1.50
2015.11.27 07:15:09.757,9.27136,9.27434,1.75,1.50
2015.11.27 07:15:10.549,9.27136,9.27434,1.75,1.50
2015.11.27 07:15:10.679,9.27136,9.27424,1.75,1.50
2015.11.27 07:15:10.987,9.27146,9.27424,1.75,1.50
2015.11.27 07:15:11.565,9.27136,9.27424,1.75,1.50
2015.11.27 07:15:11.930,9.27126,9.27424,1.75,1.50
2015.11.27 07:15:12.395,9.27116,9.27424,1.75,1.50
2015.11.27 07:15:12.745,9.27135,9.27434,1.75,1.50
2015.11.27 07:15:12.948,9.27126,9.27434,1.75,1.50
2015.11.27 07:15:13.251,9.27116,9.27434,1.75,1.50
2015.11.27 07:15:13.686,9.27116,9.27425,1.75,1.50
2015.11.27 07:15:36.228,9.27116,9.27425,1.75,1.50
2015.11.27 07:15:36.800,9.27116,9.27425,1.75,1.50
2015.11.27 07:15:37.769,9.27126,9.27425,1.75,1.50
2015.11.27 07:15:38.773,9.27116,9.27425,1.75,1.50
2015.11.27 07:15:39.026,9.27126,9.27425,1.75,1.50
2015.11.27 07:15:39.405,9.27136,9.27425,1.75,1.50
2015.11.27 07:15:39.608,9.27126,9.27434,1.75,1.50
2015.11.27 07:15:39.763,9.27126,9.27434,1.75,1.50
2015.11.27 07:15:40.325,9.27116,9.27434,1.75,1.50
2015.11.27 07:15:40.708,9.27116,9.27424,1.75,1.50
2015.11.27 07:15:48.548,9.27136,9.27424,1.75,1.50
2015.11.27 07:15:48.650,9.27146,9.27444,1.75,1.50
2015.11.27 07:15:48.769,9.27146,9.27444,1.75,1.50
2015.11.27 07:15:49.381,9.27116,9.27444,1.75,1.50
2015.11.27 07:15:49.584,9.27116,9.27444,1.75,1.50
2015.11.27 07:15:49.744,9.27116,9.27424,1.75,1.50
2015.11.27 07:16:01.472,9.27126,9.27424,1.75,1.50
2015.11.27 07:16:01.624,9.27116,9.27434,1.75,1.50
2015.11.27 07:16:01.785,9.27116,9.27434,1.75,1.50
2015.11.27 07:16:05.597,9.27126,9.27454,1.75,1.50
2015.11.27 07:16:07.217,9.27126,9.27464,1.75,1.50
2015.11.27 07:16:15.728,9.27126,9.27474,1.75,1.50
2015.11.27 07:16:16.677,9.27116,9.27464,1.75,1.50
2015.11.27 07:16:19.648,9.27136,9.27474,1.75,1.50
2015.11.27 07:16:27.526,9.27126,9.27474,1.75,1.50
2015.11.27 07:16:28.278,9.27125,9.27474,1.75,1.50
2015.11.27 07:16:30.060,9.27116,9.27474,1.75,1.50
2015.11.27 07:16:30.766,9.27106,9.27473,3.00,1.00
2015.11.27 07:16:30.817,9.27106,9.27454,1.75,1.50
2015.11.27 07:16:38.504,9.27126,9.27454,1.75,1.50
2015.11.27 07:16:38.788,9.27156,9.27524,2.25,1.68
2015.11.27 07:16:39.042,9.27156,9.27524,2.25,1.68
2015.11.27 07:16:39.962,9.27176,9.27544,2.25,2.03
2015.11.27 07:16:40.165,9.27176,9.27534,2.25,1.00
2015.11.27 07:16:40.467,9.27216,9.27544,1.75,1.50
2015.11.27 07:16:40.669,9.27205,9.27554,1.75,1.50
2015.11.27 07:16:41.787,9.27226,9.27554,1.75,1.50
2015.11.27 07:16:52.479,9.27206,9.27554,1.75,1.87
2015.11.27 07:17:12.476,9.27236,9.27544,1.75,1.50
2015.11.27 07:17:25.254,9.27236,9.27544,1.75,1.50
2015.11.27 07:17:37.774,9.27216,9.27554,1.75,1.57
2015.11.27 07:17:38.128,9.27196,9.27544,1.75,1.00
2015.11.27 07:17:38.338,9.27186,9.27514,2.25,1.07
2015.11.27 07:17:38.591,9.27186,9.27524,1.57,1.75
2015.11.27 07:17:38.742,9.27086,9.27454,2.25,1.50
2015.11.27 07:17:38.894,9.27086,9.27454,2.25,1.50
2015.11.27 07:17:38.945,9.27086,9.27444,2.25,1.00
2015.11.27 07:17:39.251,9.27086,9.27444,2.25,1.00
2015.11.27 07:17:40.653,9.27076,9.27444,2.25,2.25
2015.11.27 07:17:40.755,9.27066,9.27424,1.75,1.50
2015.11.27 07:17:41.406,9.27066,9.27424,1.75,1.50
2015.11.27 07:17:41.958,9.27056,9.27424,3.00,1.50
2015.11.27 07:17:42.160,9.27056,9.27421,2.25,1.00
2015.11.27 07:17:42.486,9.27016,9.27363,1.75,1.00
2015.11.27 07:17:42.798,9.27036,9.27363,1.75,1.00
2015.11.27 07:17:43.357,9.27025,9.27354,1.75,1.50
2015.11.27 07:17:43.511,9.27006,9.27354,1.75,1.50
2015.11.27 07:17:44.424,9.27016,9.27344,1.75,1.50
2015.11.27 07:17:45.351,9.27006,9.27344,1.75,1.50
2015.11.27 07:17:45.529,9.27016,9.27344,1.75,1.50
2015.11.27 07:17:45.832,9.27026,9.27344,1.75,1.50
2015.11.27 07:17:46.235,9.27026,9.27364,1.75,1.50
2015.11.27 07:17:47.132,9.27035,9.27364,1.75,1.50
2015.11.27 07:17:47.506,9.27035,9.27364,1.75,1.50
2015.11.27 07:17:47.930,9.27046,9.27364,1.75,1.50
2015.11.27 07:17:48.132,9.27046,9.27364,1.75,1.50
2015.11.27 07:17:48.462,9.27046,9.27364,1.75,1.50
2015.11.27 07:17:48.564,9.27046,9.27364,1.75,1.50
2015.11.27 07:17:49.196,9.27036,9.27374,1.75,1.50
2015.11.27 07:17:49.247,9.27036,9.27374,1.75,1.50
2015.11.27 07:17:50.877,9.27036,9.27374,1.75,2.25
2015.11.27 07:17:51.135,9.27036,9.27374,1.75,2.25
2015.11.27 07:17:51.441,9.27036,9.27364,1.75,1.50
2015.11.27 07:17:51.769,9.27036,9.27364,1.75,1.50
2015.11.27 07:17:52.154,9.27036,9.27364,1.37,1.50
2015.11.27 07:17:52.306,9.27036,9.27364,1.75,1.50
2015.11.27 07:17:52.670,9.27036,9.27364,1.75,1.50
2015.11.27 07:17:52.987,9.27036,9.27364,1.75,1.50
2015.11.27 07:17:54.422,9.27046,9.27364,1.07,1.50
2015.11.27 07:17:54.524,9.27046,9.27364,1.37,1.50
2015.11.27 07:17:55.248,9.27035,9.27364,1.75,1.50
2015.11.27 07:17:55.299,9.27026,9.27374,1.75,1.50
2015.11.27 07:17:55.517,9.27026,9.27374,1.75,1.50
2015.11.27 07:17:55.628,9.27026,9.27374,1.75,1.50
2015.11.27 07:17:55.831,9.27046,9.27374,1.07,1.50
2015.11.27 07:17:56.084,9.27046,9.27374,1.37,1.50
2015.11.27 07:17:56.396,9.27046,9.27374,1.75,1.50
2015.11.27 07:17:56.740,9.27046,9.27374,1.75,1.50
2015.11.27 07:17:58.059,9.27096,9.27374,1.37,1.50
2015.11.27 07:17:58.211,9.27096,9.27424,1.75,1.87
2015.11.27 07:18:14.645,9.27096,9.27424,1.75,1.87
2015.11.27 07:18:28.286,9.27116,9.27424,1.75,1.87
2015.11.27 07:18:38.630,9.27106,9.27424,1.75,1.87
2015.11.27 07:18:38.861,9.27106,9.27424,1.37,1.87
2015.11.27 07:18:48.065,9.27125,9.27424,1.00,1.87
2015.11.27 07:18:48.368,9.27125,9.27424,1.75,1.87
2015.11.27 07:18:53.183,9.27135,9.27424,1.37,1.87
2015.11.27 07:18:55.906,9.27126,9.27434,1.75,1.87
2015.11.27 07:18:56.159,9.27126,9.27434,1.75,1.57
2015.11.27 07:18:56.794,9.27126,9.27434,1.75,1.87
2015.11.27 07:18:58.871,9.27125,9.27434,1.75,1.57
2015.11.27 07:19:00.075,9.27126,9.27434,1.75,2.25
2015.11.27 07:19:00.432,9.27126,9.27434,1.75,1.57
2015.11.27 07:19:00.955,9.27116,9.27434,1.75,1.87
2015.11.27 07:19:01.064,9.27116,9.27434,1.75,1.87
2015.11.27 07:19:01.635,9.27126,9.27434,1.75,1.87
2015.11.27 07:19:04.398,9.27126,9.27434,1.75,1.57
2015.11.27 07:19:05.145,9.27116,9.27434,1.75,1.87
2015.11.27 07:19:05.948,9.27126,9.27434,1.75,1.87
2015.11.27 07:19:06.499,9.27116,9.27434,1.75,1.87
2015.11.27 07:19:11.324,9.27125,9.27434,1.75,1.87
2015.11.27 07:19:12.068,9.27116,9.27434,1.75,1.87
2015.11.27 07:19:12.614,9.27116,9.27434,1.75,1.87
2015.11.27 07:19:15.094,9.27116,9.27434,1.75,1.87
2015.11.27 07:19:16.224,9.27085,9.27434,1.75,2.25
2015.11.27 07:19:16.325,9.27085,9.27434,1.75,2.25
2015.11.27 07:19:17.894,9.27076,9.27414,1.37,1.87
2015.11.27 07:19:20.426,9.27096,9.27414,1.50,1.87
2015.11.27 07:19:23.944,9.27106,9.27414,1.75,1.87
2015.11.27 07:19:24.936,9.27086,9.27414,1.75,1.87
2015.11.27 07:19:26.035,9.27106,9.27414,1.37,1.87
2015.11.27 07:19:27.064,9.27086,9.27414,1.75,1.87
2015.11.27 07:19:43.964,9.27086,9.27414,1.75,1.87
2015.11.27 07:19:46.400,9.27106,9.27414,1.75,1.87
2015.11.27 07:19:46.703,9.27066,9.27414,1.75,1.50
2015.11.27 07:19:47.048,9.27086,9.27414,1.75,1.50
2015.11.27 07:19:47.150,9.27106,9.27464,1.75,1.50
2015.11.27 07:19:47.420,9.27096,9.27464,3.00,1.50
2015.11.27 07:19:48.141,9.27116,9.27484,2.25,1.50
2015.11.27 07:19:48.738,9.27116,9.27484,2.25,1.50
2015.11.27 07:19:50.635,9.27116,9.27473,2.25,1.00
2015.11.27 07:19:51.114,9.27126,9.27473,1.75,1.00
2015.11.27 07:19:52.222,9.27106,9.27473,3.00,1.00
2015.11.27 07:19:53.876,9.27106,9.27473,2.25,1.00
2015.11.27 07:19:58.138,9.27116,9.27454,1.75,1.50
2015.11.27 07:19:58.740,9.27106,9.27454,1.75,1.50
2015.11.27 07:19:59.043,9.27125,9.27454,1.75,1.50
2015.11.27 07:19:59.347,9.27116,9.27454,1.75,1.50
2015.11.27 07:19:59.712,9.27096,9.27454,1.75,1.50
2015.11.27 07:20:00.047,9.27096,9.27499,1.75,1.00
2015.11.27 07:20:00.149,9.27116,9.27499,1.75,1.00
2015.11.27 07:20:01.047,9.27105,9.27499,1.75,1.00
2015.11.27 07:20:01.667,9.27116,9.27519,1.75,1.00
2015.11.27 07:20:01.718,9.27116,9.27527,1.75,1.00
2015.11.27 07:20:01.768,9.27116,9.27498,1.75,1.00
2015.11.27 07:20:02.077,9.27106,9.27475,1.75,1.50
2015.11.27 07:20:02.967,9.27126,9.2749,3.00,1.00
2015.11.27 07:20:03.664,9.27126,9.2749,3.00,1.00
2015.11.27 07:20:05.566,9.27126,9.27494,3.00,1.50
2015.11.27 07:20:06.040,9.27136,9.27494,1.75,1.50
2015.11.27 07:20:06.194,9.27126,9.27494,2.25,1.50
2015.11.27 07:20:07.023,9.27106,9.27475,1.75,1.50
2015.11.27 07:20:08.326,9.27106,9.27471,1.75,1.00
2015.11.27 07:20:09.006,9.27106,9.27464,1.75,1.50
2015.11.27 07:20:11.980,9.27116,9.27454,1.75,1.50
2015.11.27 07:20:13.469,9.27096,9.27454,1.75,1.50
2015.11.27 07:20:13.570,9.27096,9.27454,1.75,1.50
2015.11.27 07:20:13.794,9.27096,9.27454,1.75,1.50
2015.11.27 07:20:14.143,9.27096,9.27424,1.75,1.50
2015.11.27 07:20:16.241,9.27116,9.27424,1.75,1.50
2015.11.27 07:20:17.042,9.27106,9.27454,1.75,1.50
2015.11.27 07:20:17.226,9.27106,9.27454,1.75,1.50
2015.11.27 07:20:18.014,9.27106,9.27444,1.75,1.50
2015.11.27 07:20:22.025,9.27096,9.27434,1.75,1.50
2015.11.27 07:20:22.076,9.27096,9.27434,1.75,1.50
2015.11.27 07:20:32.720,9.27096,9.27434,1.75,1.50
2015.11.27 07:20:33.024,9.27106,9.27444,1.75,1.50
2015.11.27 07:20:40.512,9.27096,9.27444,1.75,1.50
2015.11.27 07:20:41.045,9.27096,9.27454,1.75,1.50
2015.11.27 07:20:49.987,9.27106,9.27454,1.75,1.50
2015.11.27 07:20:50.866,9.27106,9.27454,1.75,1.50
2015.11.27 07:20:51.074,9.27106,9.27454,1.75,1.50
2015.11.27 07:20:54.016,9.27106,9.27465,1.75,1.50
2015.11.27 07:20:56.953,9.27116,9.27484,3.00,1.50
2015.11.27 07:21:02.013,9.27116,9.27484,3.00,1.50
2015.11.27 07:21:05.097,9.27135,9.27474,1.75,1.50
2015.11.27 07:21:07.957,9.27135,9.27484,1.75,1.50
2015.11.27 07:21:08.943,9.27135,9.27494,1.75,1.50
2015.11.27 07:21:12.072,9.27116,9.27484,3.00,1.50
2015.11.27 07:21:12.824,9.27146,9.27474,1.75,1.50
2015.11.27 07:21:13.026,9.27136,9.27484,2.25,1.50
2015.11.27 07:21:13.626,9.27136,9.27484,2.25,1.50
2015.11.27 07:21:13.978,9.27136,9.27484,2.25,1.50
2015.11.27 07:21:14.312,9.27126,9.27474,3.00,1.50
2015.11.27 07:21:14.414,9.27126,9.27474,2.25,1.50
2015.11.27 07:21:16.167,9.27126,9.27474,2.25,1.50
2015.11.27 07:21:16.972,9.27146,9.27494,2.25,1.50
2015.11.27 07:21:17.383,9.27146,9.27494,2.25,1.50
2015.11.27 07:21:17.996,9.27156,9.27504,2.25,1.50
2015.11.27 07:21:18.148,9.27156,9.27504,2.25,1.50
2015.11.27 07:21:19.942,9.27176,9.27524,2.25,1.50
2015.11.27 07:21:20.948,9.27196,9.27534,1.75,1.50
2015.11.27 07:21:22.050,9.27206,9.27554,2.25,1.50
2015.11.27 07:21:24.012,9.27186,9.27534,3.00,1.50
2015.11.27 07:21:27.161,9.27176,9.27494,1.75,1.50
2015.11.27 07:21:28.147,9.27175,9.27514,1.75,1.50
2015.11.27 07:21:29.008,9.27196,9.27544,3.00,1.50
2015.11.27 07:21:30.942,9.27216,9.27564,2.25,1.50
2015.11.27 07:21:33.066,9.27206,9.27554,2.25,1.50
2015.11.27 07:21:34.043,9.27216,9.27564,2.25,1.50
2015.11.27 07:21:36.047,9.27196,9.27535,1.75,1.50
2015.11.27 07:21:37.003,9.27206,9.27554,2.25,1.50
2015.11.27 07:21:37.725,9.27206,9.27554,2.25,1.50
2015.11.27 07:21:37.978,9.27206,9.27554,2.25,1.50
2015.11.27 07:21:38.305,9.27176,9.27524,3.00,1.50
2015.11.27 07:21:38.482,9.27176,9.27524,2.25,1.50
2015.11.27 07:21:39.073,9.27176,9.27524,2.25,1.50
2015.11.27 07:21:39.175,9.27176,9.27524,2.25,1.50
2015.11.27 07:21:40.146,9.27176,9.27524,2.25,2.25
2015.11.27 07:21:40.918,9.27176,9.27524,2.25,1.50
2015.11.27 07:21:40.968,9.27156,9.27504,2.25,1.50
2015.11.27 07:21:41.455,9.27156,9.27504,2.25,1.87
2015.11.27 07:21:43.231,9.27175,9.27525,2.25,1.50
2015.11.27 07:21:43.673,9.27175,9.27525,2.25,1.87
2015.11.27 07:21:43.977,9.27175,9.27525,2.25,1.50
2015.11.27 07:21:44.079,9.27186,9.27534,2.25,1.57
2015.11.27 07:21:44.130,9.27186,9.27534,2.25,1.57
2015.11.27 07:21:44.455,9.27186,9.27534,2.25,1.87
2015.11.27 07:21:44.657,9.27186,9.27534,2.25,1.50
2015.11.27 07:21:45.035,9.27216,9.27564,2.25,1.87
2015.11.27 07:21:45.440,9.27216,9.27564,2.25,1.50
2015.11.27 07:21:48.982,9.27236,9.27574,1.75,1.50
2015.11.27 07:21:57.018,9.27236,9.27584,2.25,1.50
2015.11.27 07:21:58.110,9.27226,9.27574,3.00,1.50
2015.11.27 07:22:02.993,9.27226,9.27564,1.75,1.50
2015.11.27 07:22:05.049,9.27226,9.27574,3.00,1.50
2015.11.27 07:22:09.622,9.27226,9.27574,3.00,1.50
2015.11.27 07:22:12.826,9.27226,9.27574,2.25,1.57
2015.11.27 07:22:13.802,9.27226,9.27574,2.25,1.50
2015.11.27 07:22:14.722,9.27226,9.27574,3.00,1.50
2015.11.27 07:22:16.069,9.27236,9.27584,2.25,1.50
2015.11.27 07:22:21.957,9.27236,9.27584,1.87,1.57
2015.11.27 07:22:22.989,9.27226,9.27564,1.37,1.50
2015.11.27 07:22:27.041,9.27226,9.27574,1.87,1.50
2015.11.27 07:22:35.725,9.27226,9.27574,3.00,1.50
2015.11.27 07:22:42.295,9.27226,9.27574,1.87,1.50
2015.11.27 07:22:43.018,9.27215,9.27554,1.75,1.50
2015.11.27 07:22:44.104,9.27216,9.27554,1.75,1.50
2015.11.27 07:23:07.482,9.27226,9.27554,1.07,1.50
2015.11.27 07:23:07.874,9.27206,9.27554,1.57,1.50
2015.11.27 07:23:07.980,9.27146,9.27494,2.25,1.50
2015.11.27 07:23:08.504,9.27146,9.27494,2.25,1.50
2015.11.27 07:23:08.706,9.27146,9.27494,2.25,1.50
2015.11.27 07:23:08.757,9.27106,9.27454,2.25,1.50
2015.11.27 07:23:09.753,9.27096,9.27444,2.25,1.50
2015.11.27 07:23:09.804,9.27096,9.27444,2.25,1.50
2015.11.27 07:23:09.906,9.27096,9.27444,2.25,1.50
2015.11.27 07:23:10.710,9.27086,9.27424,1.75,1.50
2015.11.27 07:23:20.172,9.27096,9.27424,1.00,3.00
2015.11.27 07:23:20.394,9.27076,9.27424,3.00,3.00
2015.11.27 07:23:20.508,9.27076,9.2742,2.25,1.75
2015.11.27 07:23:21.022,9.27056,9.27384,1.00,3.00
2015.11.27 07:23:21.073,9.27056,9.27359,1.00,1.75
2015.11.27 07:23:22.080,9.27065,9.27354,1.00,3.00
2015.11.27 07:23:24.322,9.27065,9.27324,1.00,1.00
2015.11.27 07:23:25.077,9.27046,9.27331,1.00,1.50
2015.11.27 07:23:25.300,9.27046,9.27331,1.00,1.75
2015.11.27 07:23:25.638,9.27046,9.27299,1.00,1.75
2015.11.27 07:23:25.740,9.27046,9.27299,1.00,1.37
2015.11.27 07:23:26.392,9.27036,9.27324,1.07,1.75
2015.11.27 07:23:26.443,9.27036,9.27324,1.00,1.75
2015.11.27 07:23:34.070,9.27056,9.27324,1.00,1.75
2015.11.27 07:23:34.242,9.27056,9.27324,1.00,1.00
2015.11.27 07:23:37.593,9.27046,9.27324,1.10,1.00
2015.11.27 07:23:39.762,9.27046,9.27324,1.75,1.00
2015.11.27 07:23:40.700,9.27046,9.27324,1.75,1.00
2015.11.27 07:23:48.370,9.27066,9.27324,1.00,1.00
2015.11.27 07:23:48.740,9.27066,9.27324,1.75,1.00
2015.11.27 07:23:49.410,9.27056,9.27324,1.00,1.00
2015.11.27 07:23:59.180,9.27056,9.27324,1.07,1.00
2015.11.27 07:24:07.759,9.27056,9.27324,1.75,1.00
2015.11.27 07:24:13.259,9.27046,9.27324,1.75,1.00
2015.11.27 07:24:29.000,9.27046,9.27344,1.75,1.50
2015.11.27 07:24:31.449,9.27086,9.27344,1.00,1.50
2015.11.27 07:24:43.769,9.27086,9.27355,1.00,1.57
2015.11.27 07:24:51.734,9.27086,9.27334,1.00,1.50
2015.11.27 07:24:52.678,9.27086,9.27364,1.00,3.00
2015.11.27 07:24:59.828,9.27086,9.27334,1.00,1.50
2015.11.27 07:25:01.809,9.27086,9.27344,1.00,1.50
2015.11.27 07:25:02.651,9.27096,9.27344,1.00,1.50
2015.11.27 07:25:03.320,9.27096,9.27344,1.00,2.25
2015.11.27 07:25:03.940,9.27096,9.27344,1.00,2.25
2015.11.27 07:25:06.270,9.27096,9.27344,1.00,1.50
2015.11.27 07:25:18.829,9.27115,9.27344,1.00,2.25
2015.11.27 07:25:19.013,9.27115,9.27344,1.00,1.50
2015.11.27 07:25:19.793,9.27106,9.27344,1.00,1.50
2015.11.27 07:25:20.020,9.27106,9.27344,1.00,2.25
2015.11.27 07:25:20.321,9.27116,9.27344,1.00,1.50
2015.11.27 07:25:21.321,9.27106,9.27344,1.00,1.50
2015.11.27 07:25:21.829,9.27106,9.27354,1.00,2.25
2015.11.27 07:25:22.220,9.27106,9.27354,1.00,1.50
2015.11.27 07:25:22.477,9.27126,9.27354,1.00,1.50
2015.11.27 07:25:22.819,9.27126,9.27344,1.00,1.50
2015.11.27 07:25:26.537,9.27106,9.27344,1.00,1.57
2015.11.27 07:25:26.750,9.27106,9.27344,1.00,2.25
2015.11.27 07:25:27.089,9.27126,9.27344,1.00,2.25
2015.11.27 07:25:27.259,9.27126,9.27344,1.00,1.50
2015.11.27 07:25:29.569,9.27106,9.27344,1.00,1.50
2015.11.27 07:25:29.860,9.27106,9.27344,1.00,2.25
2015.11.27 07:25:30.009,9.27106,9.27344,1.00,1.57
2015.11.27 07:25:30.523,9.27106,9.27344,1.00,1.50
2015.11.27 07:25:30.858,9.27106,9.27354,1.00,1.50
2015.11.27 07:25:31.590,9.27106,9.27354,1.00,2.25
2015.11.27 07:25:31.920,9.27126,9.27344,1.00,2.25
2015.11.27 07:25:32.038,9.27126,9.27344,1.00,1.50
2015.11.27 07:25:32.869,9.27106,9.27344,1.00,1.50
2015.11.27 07:25:32.979,9.27106,9.27344,1.00,2.25
2015.11.27 07:25:33.643,9.27116,9.27344,1.00,2.25
2015.11.27 07:25:33.749,9.27116,9.27344,1.00,1.50
2015.11.27 07:25:36.059,9.27106,9.27344,1.00,1.50
2015.11.27 07:25:36.279,9.27106,9.27344,1.00,2.25
2015.11.27 07:25:36.852,9.27116,9.27344,1.00,2.25
2015.11.27 07:25:37.089,9.27116,9.27344,1.00,1.50
2015.11.27 07:25:37.856,9.27106,9.27344,1.00,1.50
2015.11.27 07:25:38.079,9.27106,9.27344,1.00,2.25
2015.11.27 07:25:38.420,9.27116,9.27344,1.00,2.25
2015.11.27 07:25:38.479,9.27116,9.27344,1.00,1.50
2015.11.27 07:25:39.070,9.27116,9.27344,1.07,1.50
2015.11.27 07:25:39.390,9.27106,9.27344,1.00,1.50
2015.11.27 07:25:39.493,9.27106,9.27344,1.00,2.25
2015.11.27 07:25:39.594,9.27096,9.27344,1.00,2.25
2015.11.27 07:25:39.799,9.27106,9.27344,1.00,2.25
2015.11.27 07:25:40.154,9.27116,9.27344,1.00,2.25
2015.11.27 07:25:40.466,9.27066,9.27344,1.75,1.50
2015.11.27 07:25:40.568,9.27096,9.27404,1.87,1.50
2015.11.27 07:25:40.619,9.27105,9.27404,1.75,1.50
2015.11.27 07:25:40.949,9.27105,9.27404,1.75,1.50
2015.11.27 07:25:41.265,9.27096,9.27404,2.25,1.50
2015.11.27 07:25:41.587,9.27116,9.27424,2.25,1.50
2015.11.27 07:25:41.790,9.27116,9.27424,2.25,1.50
2015.11.27 07:25:41.968,9.27136,9.27444,2.25,1.50
2015.11.27 07:25:42.119,9.27136,9.27444,2.25,1.50
2015.11.27 07:25:42.965,9.27156,9.27464,2.25,1.50
2015.11.27 07:26:08.288,9.27156,9.27464,2.25,1.50
2015.11.27 07:26:10.645,9.27156,9.27424,2.25,1.00
2015.11.27 07:26:10.746,9.27156,9.27424,1.50,1.75
2015.11.27 07:26:10.847,9.27156,9.27424,1.87,1.00
2015.11.27 07:26:11.151,9.27076,9.27384,2.25,1.50
2015.11.27 07:26:11.253,9.27056,9.27444,2.25,1.50
2015.11.27 07:26:11.304,9.27056,9.27444,1.87,1.57
2015.11.27 07:26:11.507,9.27056,9.27444,2.25,1.50
2015.11.27 07:26:11.840,9.27064,9.27444,1.75,1.50
2015.11.27 07:26:12.284,9.27136,9.27444,2.25,1.50
2015.11.27 07:26:12.714,9.27136,9.27444,2.25,1.50
2015.11.27 07:26:12.798,9.27136,9.27444,2.25,1.50
2015.11.27 07:26:13.198,9.27146,9.27454,2.25,1.50
2015.11.27 07:26:16.777,9.27146,9.27454,2.32,2.25
2015.11.27 07:26:16.878,9.27146,9.27454,1.50,2.25
2015.11.27 07:26:16.979,9.27146,9.27454,1.50,2.25
2015.11.27 07:26:17.181,9.27066,9.27374,2.25,1.50
2015.11.27 07:26:17.232,9.27066,9.27374,1.50,2.25
2015.11.27 07:26:17.283,9.27026,9.27334,1.57,1.50
2015.11.27 07:26:17.723,9.27026,9.27334,1.50,2.25
2015.11.27 07:26:17.858,9.27026,9.27334,1.50,2.25
2015.11.27 07:26:18.275,9.26986,9.27294,1.87,1.57
2015.11.27 07:26:18.326,9.26986,9.27294,2.62,1.50
2015.11.27 07:26:18.701,9.26956,9.27254,1.75,1.50
2015.11.27 07:26:18.752,9.26956,9.27254,1.75,1.50
2015.11.27 07:26:20.029,9.26966,9.27346,2.25,1.00
2015.11.27 07:26:20.080,9.26966,9.27354,2.25,1.50
2015.11.27 07:26:20.312,9.26966,9.27354,2.25,1.50
2015.11.27 07:26:26.068,9.26976,9.27364,2.25,1.50
2015.11.27 07:26:30.304,9.26976,9.27364,2.25,2.25
2015.11.27 07:26:31.018,9.26976,9.27284,2.25,1.50
2015.11.27 07:26:31.356,9.26976,9.27284,1.87,1.50
2015.11.27 07:26:32.014,9.26966,9.27274,2.25,1.50
2015.11.27 07:26:44.573,9.26956,9.27284,2.25,1.50
2015.11.27 07:26:46.280,9.26956,9.27284,1.87,1.50
2015.11.27 07:26:46.584,9.26956,9.27284,1.50,1.57
2015.11.27 07:26:46.685,9.26894,9.27274,1.37,1.50
2015.11.27 07:26:47.637,9.26856,9.27283,2.25,1.07
2015.11.27 07:26:47.834,9.26856,9.27283,2.25,1.00
2015.11.27 07:26:48.144,9.26856,9.27283,2.25,1.75
2015.11.27 07:26:48.448,9.26856,9.27256,2.25,1.75
2015.11.27 07:26:54.185,9.26866,9.27214,1.57,2.25
2015.11.27 07:26:54.576,9.26866,9.27214,1.50,2.25
2015.11.27 07:26:54.689,9.26826,9.27174,3.00,1.87
2015.11.27 07:26:57.196,9.26826,9.27174,2.25,1.87
2015.11.27 07:26:57.840,9.26835,9.27185,1.87,1.87
2015.11.27 07:26:58.296,9.26836,9.27185,1.75,1.87
2015.11.27 07:26:59.247,9.26835,9.27185,1.87,2.25
2015.11.27 07:26:59.500,9.26835,9.27185,1.87,2.25
2015.11.27 07:26:59.803,9.26826,9.27164,1.75,1.57
2015.11.27 07:27:05.277,9.26971,9.27175,1.00,1.87
2015.11.27 07:27:05.429,9.26971,9.27175,1.00,1.57
2015.11.27 07:27:05.531,9.26971,9.27175,1.00,1.50
2015.11.27 07:27:05.683,9.26976,9.27234,1.00,1.75
2015.11.27 07:27:06.065,9.26976,9.27254,1.00,1.75
2015.11.27 07:27:06.216,9.26976,9.27254,1.00,1.37
2015.11.27 07:27:06.267,9.26946,9.27254,1.87,1.37
2015.11.27 07:27:06.419,9.26949,9.27264,1.00,1.75
2015.11.27 07:27:06.470,9.26926,9.27264,1.87,1.75
2015.11.27 07:27:06.723,9.26926,9.27274,2.25,1.50
2015.11.27 07:27:06.925,9.27025,9.27375,2.25,1.50
2015.11.27 07:27:06.976,9.27025,9.27375,2.25,2.25
2015.11.27 07:27:07.279,9.27025,9.27375,2.25,2.25
2015.11.27 07:27:07.657,9.27025,9.27375,2.25,1.87
2015.11.27 07:27:08.388,9.27036,9.27384,2.25,1.87
2015.11.27 07:27:08.716,9.27036,9.27384,1.87,2.25
2015.11.27 07:27:09.019,9.27006,9.27354,3.00,1.50
2015.11.27 07:27:09.846,9.27006,9.27354,2.25,1.50
2015.11.27 07:27:09.948,9.27006,9.27354,1.50,1.87
2015.11.27 07:27:11.302,9.26936,9.27351,2.25,1.75
2015.11.27 07:27:19.190,9.26966,9.27314,2.25,1.50
2015.11.27 07:27:19.392,9.26966,9.27314,2.25,1.50
2015.11.27 07:27:20.198,9.26955,9.27351,2.25,1.00
2015.11.27 07:27:20.423,9.26955,9.27371,2.25,1.37
2015.11.27 07:28:14.727,9.26946,9.27374,2.25,1.87
2015.11.27 07:28:39.702,9.26956,9.27374,2.25,1.00
2015.11.27 07:28:40.454,9.26956,9.27374,2.25,1.37
2015.11.27 07:28:41.618,9.26956,9.27374,2.25,1.00
2015.11.27 07:28:41.871,9.26956,9.27374,2.25,1.00
2015.11.27 07:28:42.188,9.26976,9.27404,2.25,1.50
2015.11.27 07:28:42.239,9.26976,9.27404,2.25,1.50
2015.11.27 07:28:43.137,9.26996,9.27405,2.25,1.00
2015.11.27 07:28:44.623,9.26996,9.27405,2.25,1.00
2015.11.27 07:28:45.635,9.27006,9.27427,2.25,1.00
2015.11.27 07:28:46.112,9.26996,9.27424,2.25,1.50
2015.11.27 07:28:46.721,9.26996,9.27424,2.25,1.50
2015.11.27 07:28:47.226,9.27006,9.27427,2.25,1.00
2015.11.27 07:29:04.137,9.27026,9.27454,2.25,2.62
2015.11.27 07:29:06.127,9.27014,9.27434,1.75,1.50
2015.11.27 07:29:06.450,9.27006,9.27431,2.25,1.37
2015.11.27 07:29:07.142,9.26991,9.27414,1.75,1.50
2015.11.27 07:29:08.206,9.26996,9.27424,2.25,1.57
2015.11.27 07:29:09.410,9.26996,9.27424,2.25,1.50
2015.11.27 07:29:25.712,9.26996,9.27421,2.25,1.00
2015.11.27 07:29:29.986,9.26996,9.27421,2.25,1.00
2015.11.27 07:29:30.312,9.27076,9.27424,2.25,1.50
2015.11.27 07:29:30.658,9.27076,9.27424,2.25,1.50
2015.11.27 07:29:31.191,9.27076,9.27424,2.25,1.50
2015.11.27 07:29:31.242,9.27106,9.27454,2.25,1.50
2015.11.27 07:29:35.893,9.27106,9.27454,2.25,1.50
2015.11.27 07:29:47.174,9.27086,9.27434,2.25,1.50
2015.11.27 07:29:47.469,9.27086,9.27434,2.25,1.50
2015.11.27 07:29:48.171,9.27096,9.27444,2.25,1.50
2015.11.27 07:29:48.431,9.27096,9.27444,2.25,1.50
2015.11.27 07:30:00.964,9.27096,9.27444,2.25,1.50
2015.11.27 07:30:01.116,9.27056,9.27404,3.00,1.50
2015.11.27 07:30:01.217,9.27056,9.27404,3.00,1.50
2015.11.27 07:30:01.429,9.27056,9.27404,3.00,1.50
2015.11.27 07:30:02.104,9.27055,9.27374,1.75,1.50
2015.11.27 07:30:03.196,9.27035,9.27374,1.75,1.50
2015.11.27 07:30:03.869,9.27026,9.27359,3.00,1.00
2015.11.27 07:30:04.594,9.27026,9.27359,1.75,1.00
2015.11.27 07:30:07.684,9.27036,9.27359,1.75,1.00
2015.11.27 07:30:07.814,9.27025,9.27364,1.75,1.50
2015.11.27 07:30:07.932,9.27025,9.27364,1.75,1.50
2015.11.27 07:30:08.267,9.27025,9.27354,1.75,1.50
2015.11.27 07:30:14.281,9.27026,9.27354,1.75,1.50
2015.11.27 07:30:15.240,9.27026,9.27344,1.75,1.50
2015.11.27 07:30:23.129,9.27026,9.27374,3.00,1.50
2015.11.27 07:30:24.001,9.27056,9.27374,1.75,1.50
2015.11.27 07:30:24.204,9.27046,9.27374,1.75,1.50
2015.11.27 07:30:24.734,9.27036,9.27374,1.75,1.50
2015.11.27 07:30:25.240,9.27036,9.27364,1.75,1.50
2015.11.27 07:30:28.195,9.27036,9.27374,1.75,1.50
2015.11.27 07:30:32.231,9.27036,9.27364,1.75,1.50
2015.11.27 07:30:34.185,9.27056,9.27375,1.87,1.00
2015.11.27 07:30:34.337,9.27056,9.27404,1.87,1.57
2015.11.27 07:30:34.439,9.27056,9.27404,2.25,1.50
2015.11.27 07:30:34.742,9.27066,9.27404,1.75,1.50
2015.11.27 07:30:35.147,9.27086,9.27425,2.25,1.00
2015.11.27 07:30:35.355,9.27086,9.27425,2.25,1.00
2015.11.27 07:30:35.836,9.27086,9.27434,2.25,1.50
2015.11.27 07:30:35.987,9.27086,9.27434,2.25,1.50
2015.11.27 07:30:36.278,9.27096,9.27444,2.25,1.50
2015.11.27 07:30:36.384,9.27096,9.27444,2.25,1.50
2015.11.27 07:30:37.193,9.27096,9.27444,2.25,1.57
2015.11.27 07:30:37.721,9.27096,9.27444,2.25,1.50
2015.11.27 07:30:37.826,9.27096,9.27415,2.25,1.00
2015.11.27 07:30:37.928,9.27096,9.27415,2.25,1.00
2015.11.27 07:30:38.598,9.27066,9.27414,2.25,1.50
2015.11.27 07:30:38.930,9.27066,9.27414,2.25,1.50
2015.11.27 07:30:40.098,9.27075,9.27425,2.25,1.50
2015.11.27 07:30:40.149,9.27075,9.27425,2.25,1.50
2015.11.27 07:30:40.300,9.27075,9.27415,2.25,1.00
2015.11.27 07:30:40.824,9.27075,9.27409,2.25,1.00
2015.11.27 07:30:41.193,9.27066,9.27409,3.00,1.00
2015.11.27 07:30:41.535,9.27066,9.27376,3.00,1.00
2015.11.27 07:30:41.884,9.27066,9.27414,2.25,1.50
2015.11.27 07:30:42.001,9.27066,9.27414,2.25,1.50
2015.11.27 07:30:42.491,9.27066,9.27414,2.25,1.50
2015.11.27 07:30:43.161,9.27056,9.27404,2.25,1.50
2015.11.27 07:30:55.166,9.27046,9.27394,2.25,1.50
2015.11.27 07:31:00.693,9.27046,9.27394,2.25,1.50
2015.11.27 07:31:03.153,9.27036,9.27364,1.75,1.50
2015.11.27 07:31:03.623,9.27056,9.27364,1.75,1.50
2015.11.27 07:31:04.029,9.27066,9.27364,1.75,1.50
2015.11.27 07:31:04.131,9.27056,9.27364,1.75,1.50
2015.11.27 07:31:04.182,9.27056,9.27374,1.75,1.50
2015.11.27 07:31:04.684,9.27065,9.27374,1.75,1.50
2015.11.27 07:31:04.876,9.27056,9.27374,1.75,1.50
2015.11.27 07:31:05.380,9.27046,9.27375,3.00,1.00
2015.11.27 07:31:05.792,9.27046,9.27375,3.00,1.00
2015.11.27 07:31:05.894,9.27056,9.27375,1.75,1.00
2015.11.27 07:31:06.174,9.27046,9.27394,2.25,1.50
2015.11.27 07:31:06.224,9.27046,9.27394,2.25,1.50
2015.11.27 07:31:06.543,9.27046,9.27394,3.00,1.50
2015.11.27 07:31:06.644,9.27056,9.27394,1.75,1.50
2015.11.27 07:31:08.148,9.27056,9.27404,2.25,1.50
2015.11.27 07:31:09.429,9.27056,9.27404,2.25,1.50
2015.11.27 07:31:12.715,9.27056,9.27404,2.25,1.50
2015.11.27 07:31:12.939,9.27056,9.27404,3.00,1.50
2015.11.27 07:31:13.351,9.27066,9.27395,1.75,1.00
2015.11.27 07:31:13.503,9.27066,9.27395,1.75,1.00
2015.11.27 07:31:13.857,9.27056,9.27404,3.00,1.50
2015.11.27 07:31:13.958,9.27056,9.27395,3.00,1.00
2015.11.27 07:31:15.672,9.27076,9.27395,1.75,1.00
2015.11.27 07:31:17.860,9.27056,9.27395,2.25,1.37
2015.11.27 07:31:17.911,9.27056,9.27355,2.25,1.00
2015.11.27 07:31:19.185,9.27046,9.27355,3.00,1.00
2015.11.27 07:31:19.614,9.27046,9.27341,2.25,1.00
2015.11.27 07:31:19.925,9.27046,9.27316,2.25,1.00
2015.11.27 07:31:20.077,9.27046,9.27316,2.25,1.00
2015.11.27 07:31:20.596,9.27036,9.27356,1.75,1.10
2015.11.27 07:31:20.647,9.27036,9.27356,1.75,1.00
2015.11.27 07:31:20.993,9.27035,9.27356,1.75,1.00
2015.11.27 07:31:21.393,9.27036,9.27356,3.00,1.00
2015.11.27 07:31:21.593,9.27036,9.27316,3.00,1.00
2015.11.27 07:31:21.749,9.27036,9.27316,3.00,1.00
2015.11.27 07:31:22.345,9.27046,9.27316,1.75,1.00
2015.11.27 07:31:22.579,9.27036,9.27384,2.25,1.50
2015.11.27 07:31:22.731,9.27036,9.27384,2.25,1.50
2015.11.27 07:31:23.035,9.27046,9.27384,1.75,1.50
2015.11.27 07:31:23.086,9.27056,9.27404,2.25,1.50
2015.11.27 07:31:23.389,9.27056,9.27404,3.00,1.50
2015.11.27 07:31:24.074,9.27106,9.27415,1.57,1.10
2015.11.27 07:31:24.433,9.27106,9.27375,1.57,1.00
2015.11.27 07:31:24.484,9.27106,9.27375,1.57,1.00
2015.11.27 07:31:25.026,9.27106,9.27375,1.57,1.00
2015.11.27 07:31:25.490,9.27086,9.27375,1.87,1.00
2015.11.27 07:31:25.593,9.27086,9.27434,1.87,1.87
2015.11.27 07:31:25.838,9.27086,9.27415,1.87,1.00
2015.11.27 07:31:26.142,9.27086,9.27415,2.25,1.00
2015.11.27 07:31:26.697,9.27106,9.27415,1.87,1.07
2015.11.27 07:31:27.409,9.27106,9.27366,1.87,1.00
2015.11.27 07:31:27.459,9.27106,9.27366,1.87,1.00
2015.11.27 07:31:27.662,9.27106,9.27366,1.57,1.00
2015.11.27 07:31:28.016,9.27106,9.27366,1.50,1.00
2015.11.27 07:31:28.168,9.27096,9.27366,1.50,1.00
2015.11.27 07:31:28.529,9.27096,9.27444,1.50,2.25
2015.11.27 07:31:28.681,9.27096,9.27444,2.25,1.57
2015.11.27 07:31:29.039,9.27096,9.27444,2.25,1.57
2015.11.27 07:31:29.342,9.27106,9.27405,2.25,1.00
2015.11.27 07:31:29.443,9.27106,9.27405,2.25,1.00
2015.11.27 07:31:29.646,9.27106,9.27405,2.25,1.07
2015.11.27 07:31:30.629,9.27106,9.27405,2.25,1.00
2015.11.27 07:31:30.845,9.27106,9.27454,2.25,1.87
2015.11.27 07:31:30.947,9.27106,9.27454,2.25,1.50
2015.11.27 07:31:31.099,9.27146,9.27494,1.57,1.87
2015.11.27 07:31:31.345,9.27146,9.27494,2.25,1.87
2015.11.27 07:31:31.649,9.27146,9.27464,1.87,1.07
2015.11.27 07:31:31.953,9.27146,9.27464,1.87,1.37
2015.11.27 07:31:32.423,9.27156,9.27464,1.57,1.07
2015.11.27 07:31:32.676,9.27156,9.27415,1.57,1.00
2015.11.27 07:31:32.727,9.27156,9.27415,1.50,1.00
2015.11.27 07:31:34.138,9.27136,9.27484,2.25,1.57
2015.11.27 07:31:34.290,9.27136,9.27465,2.25,1.00
2015.11.27 07:31:34.394,9.27156,9.27465,1.50,1.07
2015.11.27 07:31:35.164,9.27156,9.27465,1.57,1.37
2015.11.27 07:31:35.470,9.27136,9.27465,1.87,1.07
2015.11.27 07:31:35.833,9.27136,9.27415,1.87,1.00
2015.11.27 07:31:35.935,9.27136,9.27415,1.87,1.00
2015.11.27 07:31:36.355,9.27136,9.27415,1.57,1.07
2015.11.27 07:31:36.924,9.27136,9.27415,1.57,1.00
2015.11.27 07:31:37.092,9.27136,9.27484,1.57,2.25
2015.11.27 07:31:37.143,9.27136,9.27484,1.87,1.57
2015.11.27 07:31:37.447,9.27155,9.27464,1.57,1.07
2015.11.27 07:31:38.239,9.27155,9.27464,1.50,1.37
2015.11.27 07:31:38.693,9.27155,9.27464,1.57,1.07
2015.11.27 07:31:38.794,9.27155,9.27415,1.57,1.00
2015.11.27 07:31:39.222,9.27155,9.27415,1.50,1.07
2015.11.27 07:31:39.474,9.27136,9.27415,1.57,1.07
2015.11.27 07:31:39.843,9.27136,9.27395,1.57,1.00
2015.11.27 07:31:40.254,9.27136,9.27365,1.50,1.00
2015.11.27 07:31:41.335,9.27136,9.27484,1.50,2.25
2015.11.27 07:31:41.437,9.27136,9.27484,1.57,1.57
2015.11.27 07:31:41.680,9.27136,9.27484,1.87,1.87
2015.11.27 07:31:42.390,9.27136,9.27464,1.57,1.37
2015.11.27 07:31:42.694,9.27176,9.27464,1.50,1.07
2015.11.27 07:31:43.184,9.27176,9.27415,1.50,1.00
2015.11.27 07:31:43.564,9.27156,9.27415,1.50,1.00
2015.11.27 07:31:43.716,9.27156,9.27415,1.50,1.07
2015.11.27 07:31:44.142,9.27156,9.27415,1.50,1.00
2015.11.27 07:31:44.310,9.27156,9.27393,1.50,1.00
2015.11.27 07:31:44.512,9.27146,9.27393,1.50,1.00
2015.11.27 07:31:44.614,9.27146,9.27365,1.50,1.00
2015.11.27 07:31:45.216,9.27106,9.27365,1.87,1.00
2015.11.27 07:31:45.431,9.27106,9.27454,2.25,1.50
2015.11.27 07:31:45.657,9.27136,9.27484,1.87,1.57
2015.11.27 07:31:45.709,9.27136,9.27484,2.25,1.57
2015.11.27 07:31:46.013,9.27136,9.27474,2.25,1.00
2015.11.27 07:31:46.569,9.27136,9.27474,1.87,1.07
2015.11.27 07:31:46.620,9.27156,9.27474,1.50,1.07
2015.11.27 07:31:46.968,9.27156,9.27474,1.50,1.37
2015.11.27 07:31:47.324,9.27156,9.27425,1.50,1.00
2015.11.27 07:31:47.629,9.27146,9.27425,1.57,1.00
2015.11.27 07:31:47.680,9.27146,9.27425,1.50,1.00
2015.11.27 07:31:47.890,9.27146,9.27425,1.50,1.12
2015.11.27 07:31:48.482,9.27146,9.27425,1.50,1.00
2015.11.27 07:31:48.583,9.27146,9.27404,1.50,1.00
2015.11.27 07:31:48.937,9.27146,9.27376,1.57,1.00
2015.11.27 07:31:49.448,9.27146,9.27376,1.50,1.00
2015.11.27 07:31:49.852,9.27146,9.27367,1.50,1.00
2015.11.27 07:31:50.518,9.27146,9.27337,1.50,1.00
2015.11.27 07:31:50.569,9.27116,9.27337,1.50,1.00
2015.11.27 07:31:51.063,9.27116,9.27328,1.50,1.00
2015.11.27 07:31:51.265,9.27086,9.27328,1.57,1.00
2015.11.27 07:31:51.417,9.27086,9.27328,1.57,1.00
2015.11.27 07:31:51.720,9.27056,9.27296,2.25,1.00
2015.11.27 07:31:51.771,9.27056,9.27296,1.87,1.00
2015.11.27 07:31:52.180,9.27056,9.27296,1.87,1.00
2015.11.27 07:31:52.634,9.27032,9.27296,3.64,1.00
2015.11.27 07:31:52.685,9.27032,9.27374,3.64,1.50
2015.11.27 07:31:53.190,9.27046,9.27374,1.75,1.50
2015.11.27 07:31:53.443,9.27056,9.27379,2.25,1.00
2015.11.27 07:31:53.609,9.27056,9.27379,2.25,1.07
2015.11.27 07:31:53.761,9.27056,9.27379,1.87,1.07
2015.11.27 07:31:54.334,9.27056,9.27328,1.87,1.00
2015.11.27 07:31:54.385,9.27056,9.27328,1.57,1.00
2015.11.27 07:31:54.941,9.27046,9.27328,1.37,1.00
2015.11.27 07:31:55.214,9.27036,9.27328,1.37,1.00
2015.11.27 07:31:55.452,9.27056,9.27328,1.07,1.00
2015.11.27 07:31:55.769,9.27056,9.2731,1.07,1.00
2015.11.27 07:31:55.921,9.27036,9.2731,1.37,1.00
2015.11.27 07:31:56.475,9.27036,9.27277,1.37,1.00
2015.11.27 07:31:58.049,9.27025,9.27354,1.75,1.50
2015.11.27 07:31:58.150,9.27029,9.27354,3.64,1.50
2015.11.27 07:31:58.403,9.2706,9.27374,2.89,1.50
2015.11.27 07:31:58.454,9.2706,9.27374,3.27,1.50
2015.11.27 07:31:59.144,9.27036,9.27374,1.75,1.57
2015.11.27 07:31:59.802,9.27046,9.27328,1.37,1.00
2015.11.27 07:32:00.140,9.27046,9.27328,1.12,1.00
2015.11.27 07:32:00.241,9.27046,9.27328,1.07,1.00
2015.11.27 07:32:00.816,9.27056,9.27328,1.00,1.00
2015.11.27 07:32:01.210,9.27037,9.27374,3.27,1.57
2015.11.27 07:32:01.323,9.27026,9.27374,3.00,1.50
2015.11.27 07:32:02.000,9.27036,9.27374,1.75,1.50
2015.11.27 07:32:02.324,9.27045,9.27374,1.37,1.57
2015.11.27 07:32:02.697,9.27046,9.27374,1.75,1.50
2015.11.27 07:32:03.006,9.27046,9.27329,1.75,1.00
2015.11.27 07:32:03.282,9.27046,9.27329,1.37,1.00
2015.11.27 07:32:03.535,9.27046,9.27329,1.07,1.00
2015.11.27 07:32:03.847,9.27066,9.27329,1.00,1.00
2015.11.27 07:32:04.092,9.27066,9.27374,1.00,1.57
2015.11.27 07:32:04.144,9.27037,9.27374,3.27,1.57
2015.11.27 07:32:04.312,9.27026,9.27374,2.25,1.50
2015.11.27 07:32:05.162,9.27046,9.27374,1.37,1.50
2015.11.27 07:32:05.522,9.27046,9.27374,1.75,1.50
2015.11.27 07:32:05.825,9.27056,9.27328,1.37,1.00
2015.11.27 07:32:06.078,9.27036,9.27328,1.37,1.00
2015.11.27 07:32:06.429,9.27046,9.27328,1.07,1.00
2015.11.27 07:32:06.869,9.27055,9.27328,1.00,1.00
2015.11.27 07:32:07.386,9.27046,9.2731,1.07,1.00
2015.11.27 07:32:07.888,9.27026,9.27302,1.87,1.00
2015.11.27 07:32:07.989,9.27026,9.27277,1.87,1.00
2015.11.27 07:32:08.040,9.27026,9.27277,1.50,1.00
2015.11.27 07:32:08.293,9.27036,9.27277,1.00,1.00
2015.11.27 07:32:08.596,9.27036,9.27277,1.07,1.00
2015.11.27 07:32:08.996,9.27036,9.27277,1.37,1.00
2015.11.27 07:32:09.366,9.27029,9.27344,3.64,1.50
2015.11.27 07:32:09.518,9.27029,9.27364,3.64,1.57
2015.11.27 07:32:09.569,9.27029,9.27364,3.64,1.50
2015.11.27 07:32:10.491,9.27029,9.27374,3.64,1.50
2015.11.27 07:32:10.780,9.27036,9.27374,1.37,1.57
2015.11.27 07:32:11.296,9.27056,9.27374,1.07,1.50
2015.11.27 07:32:11.397,9.27036,9.27328,1.37,1.00
2015.11.27 07:32:11.549,9.27036,9.27328,1.37,1.00
2015.11.27 07:32:11.751,9.27046,9.27328,1.10,1.00
2015.11.27 07:32:12.366,9.27056,9.27328,1.00,1.00
2015.11.27 07:32:12.619,9.27026,9.27328,1.37,1.00
2015.11.27 07:32:12.670,9.27037,9.27364,2.97,1.50
2015.11.27 07:32:12.771,9.27037,9.27364,3.27,1.50
2015.11.27 07:32:13.223,9.27046,9.27364,1.37,1.50
2015.11.27 07:32:13.460,9.27046,9.27379,1.87,1.00
2015.11.27 07:32:13.764,9.27046,9.27379,2.62,1.07
2015.11.27 07:32:13.967,9.27046,9.27379,2.62,1.00
2015.11.27 07:32:14.349,9.27046,9.27328,2.62,1.00
2015.11.27 07:32:14.524,9.27046,9.27328,2.62,1.00
2015.11.27 07:32:15.524,9.27046,9.27328,1.37,1.00
2015.11.27 07:32:15.768,9.27046,9.27313,1.37,1.00
2015.11.27 07:32:16.089,9.27036,9.27287,1.37,1.00
2015.11.27 07:32:16.703,9.27046,9.27287,1.07,1.00
2015.11.27 07:32:16.804,9.27046,9.27364,1.07,1.57
2015.11.27 07:32:17.225,9.27044,9.27364,3.64,1.50
2015.11.27 07:32:17.529,9.27046,9.27379,1.75,1.00
2015.11.27 07:32:18.314,9.27056,9.27379,1.37,1.07
2015.11.27 07:32:18.466,9.27056,9.27374,1.37,1.50
2015.11.27 07:32:18.874,9.27038,9.27328,3.64,1.00
2015.11.27 07:32:19.231,9.27038,9.27328,3.64,1.00
2015.11.27 07:32:20.045,9.27045,9.27328,1.75,1.00
2015.11.27 07:32:20.197,9.27038,9.27374,3.64,1.50
2015.11.27 07:32:20.349,9.27046,9.27374,1.75,1.50
2015.11.27 07:32:20.762,9.27038,9.27374,3.64,1.50
2015.11.27 07:32:21.116,9.27038,9.27374,3.64,1.50
2015.11.27 07:32:21.621,9.27046,9.27374,1.75,1.50
2015.11.27 07:32:21.916,9.27046,9.27338,1.75,1.00
2015.11.27 07:32:22.018,9.27046,9.27338,1.75,1.00
2015.11.27 07:32:22.533,9.27036,9.27338,1.75,1.00
2015.11.27 07:32:23.145,9.27051,9.27374,3.27,1.50
2015.11.27 07:32:23.348,9.27068,9.27374,3.64,1.50
2015.11.27 07:32:23.500,9.27068,9.27384,3.64,1.50
2015.11.27 07:32:23.551,9.27068,9.27384,3.64,1.50
2015.11.27 07:32:23.857,9.27048,9.27384,3.64,1.50
2015.11.27 07:32:24.390,9.27036,9.27384,2.25,1.50
2015.11.27 07:32:24.443,9.27056,9.27404,2.25,1.50
2015.11.27 07:32:25.856,9.27066,9.27404,1.75,1.50
2015.11.27 07:32:26.337,9.27056,9.27404,3.00,1.50
2015.11.27 07:32:26.439,9.27102,9.27434,3.64,1.50
2015.11.27 07:32:26.540,9.27102,9.27434,3.64,1.50
2015.11.27 07:32:27.415,9.27117,9.27434,3.64,1.50
2015.11.27 07:32:27.718,9.27117,9.27434,3.64,1.50
2015.11.27 07:32:28.022,9.27095,9.27431,3.64,1.00
2015.11.27 07:32:28.073,9.27095,9.27431,3.64,1.07
2015.11.27 07:32:28.360,9.27095,9.27431,3.64,1.37
2015.11.27 07:32:29.056,9.27095,9.27431,3.64,1.00
2015.11.27 07:32:29.107,9.27095,9.27434,3.64,1.50
2015.11.27 07:32:29.259,9.27086,9.27434,2.25,1.50
2015.11.27 07:32:29.510,9.27106,9.27454,2.25,1.50
2015.11.27 07:32:30.268,9.27106,9.27454,2.25,1.87
2015.11.27 07:32:30.592,9.27107,9.27444,3.64,1.50
2015.11.27 07:32:30.922,9.27107,9.2743,3.64,1.00
2015.11.27 07:32:31.024,9.27107,9.2743,3.64,1.00
2015.11.27 07:32:31.227,9.27107,9.2743,3.64,1.37
2015.11.27 07:32:32.049,9.27113,9.27434,3.64,1.50
2015.11.27 07:32:32.252,9.27086,9.27434,2.25,1.50
2015.11.27 07:32:32.505,9.27108,9.27455,3.64,1.50
2015.11.27 07:32:32.556,9.27108,9.27455,3.64,1.50
2015.11.27 07:32:33.202,9.27108,9.27455,3.64,1.87
2015.11.27 07:32:33.812,9.27108,9.27455,3.64,1.50
2015.11.27 07:32:33.914,9.27105,9.27431,2.25,1.00
2015.11.27 07:32:34.008,9.27105,9.27431,2.25,1.07
2015.11.27 07:32:34.160,9.27105,9.27422,2.25,1.00
2015.11.27 07:32:34.466,9.27096,9.27422,3.64,1.37
2015.11.27 07:32:34.963,9.27096,9.27422,3.64,1.00
2015.11.27 07:32:35.115,9.27086,9.27434,2.25,1.50
2015.11.27 07:32:35.321,9.27103,9.27434,3.64,1.50
2015.11.27 07:32:35.486,9.27126,9.27474,1.87,1.50
2015.11.27 07:32:35.664,9.27126,9.27474,1.87,1.87
2015.11.27 07:32:36.330,9.27126,9.27474,1.87,2.25
2015.11.27 07:32:36.533,9.27126,9.27474,1.87,1.87
2015.11.27 07:32:36.786,9.27126,9.27431,1.87,1.00
2015.11.27 07:32:37.235,9.27126,9.27431,1.57,1.07
2015.11.27 07:32:37.605,9.27106,9.27431,1.87,1.37
2015.11.27 07:32:38.079,9.27106,9.27454,1.87,1.87
2015.11.27 07:32:38.281,9.27106,9.27454,2.25,1.50
2015.11.27 07:32:39.440,9.27116,9.27464,1.87,1.57
2015.11.27 07:32:39.491,9.27116,9.27464,1.87,1.87
2015.11.27 07:32:39.819,9.27116,9.2742,1.87,1.00
2015.11.27 07:32:40.198,9.27116,9.2742,1.87,1.00
2015.11.27 07:32:40.404,9.27076,9.2742,2.25,1.75
2015.11.27 07:32:40.506,9.27076,9.2742,1.87,1.75
2015.11.27 07:32:41.260,9.27076,9.27369,1.87,1.00
2015.11.27 07:32:41.311,9.27076,9.274,1.87,1.75
2015.11.27 07:32:41.462,9.27085,9.274,1.87,1.07
2015.11.27 07:32:42.586,9.27085,9.27351,1.87,1.00
2015.11.27 07:32:42.974,9.27085,9.27324,1.57,1.00
2015.11.27 07:32:43.025,9.27085,9.27359,1.50,1.00
2015.11.27 07:32:43.329,9.27085,9.27359,1.57,1.00
2015.11.27 07:32:43.992,9.27066,9.27359,1.87,1.00
2015.11.27 07:32:44.264,9.27066,9.274,1.87,1.07
2015.11.27 07:32:44.366,9.27066,9.27359,1.87,1.00
2015.11.27 07:32:44.902,9.27066,9.27359,1.87,1.00
2015.11.27 07:32:45.408,9.27066,9.27359,1.87,1.00
2015.11.27 07:32:45.629,9.27066,9.27359,1.87,1.00
2015.11.27 07:32:45.932,9.27066,9.27329,1.87,1.00
2015.11.27 07:32:46.252,9.27066,9.27308,1.87,1.00
2015.11.27 07:32:46.598,9.27066,9.27308,1.57,1.00
2015.11.27 07:32:46.831,9.27066,9.27414,1.57,2.25
2015.11.27 07:32:46.882,9.27066,9.27414,2.25,1.87
2015.11.27 07:32:47.526,9.27076,9.27359,1.87,1.00
2015.11.27 07:32:50.325,9.27066,9.27323,1.87,1.00
2015.11.27 07:32:50.438,9.27036,9.27323,2.25,1.75
2015.11.27 07:32:50.489,9.27036,9.27323,1.87,1.75
2015.11.27 07:32:50.591,9.27036,9.27323,1.57,1.75
2015.11.27 07:32:50.743,9.27036,9.27305,1.87,1.00
2015.11.27 07:32:50.895,9.27036,9.27324,1.87,1.00
2015.11.27 07:32:50.946,9.27036,9.27384,2.25,1.50
2015.11.27 07:32:51.386,9.27036,9.27369,2.25,1.00
2015.11.27 07:33:00.093,9.27096,9.27369,1.50,1.00
2015.11.27 07:33:01.070,9.27086,9.27369,1.57,1.00
2015.11.27 07:33:03.726,9.27065,9.27369,2.25,1.00
2015.11.27 07:33:03.878,9.27065,9.27415,2.25,1.50
2015.11.27 07:33:03.979,9.27065,9.27415,2.25,1.50
2015.11.27 07:33:04.081,9.27096,9.27444,2.25,1.50
2015.11.27 07:33:04.182,9.27096,9.27444,2.25,1.50
2015.11.27 07:33:04.491,9.27096,9.27444,2.25,1.50
2015.11.27 07:33:04.946,9.27096,9.27444,2.25,1.50
2015.11.27 07:33:05.186,9.27126,9.27474,2.25,1.50
2015.11.27 07:33:05.743,9.27126,9.27474,2.25,1.57
2015.11.27 07:33:07.029,9.27115,9.27465,2.25,1.50
2015.11.27 07:33:08.992,9.27079,9.27404,1.75,1.50
2015.11.27 07:33:09.043,9.27079,9.27404,1.75,1.50
2015.11.27 07:33:10.974,9.27086,9.27434,2.25,1.50
2015.11.27 07:33:11.201,9.27086,9.27434,2.25,1.50
2015.11.27 07:33:12.088,9.27065,9.27415,2.25,1.50
2015.11.27 07:33:13.094,9.27056,9.27404,2.25,1.50
2015.11.27 07:33:15.519,9.27125,9.27373,1.75,1.00
2015.11.27 07:33:15.857,9.27145,9.27353,1.07,1.00
2015.11.27 07:33:23.591,9.27161,9.27369,1.00,1.00
2015.11.27 07:33:25.699,9.27152,9.2736,1.00,1.00
2015.11.27 07:33:34.218,9.27165,9.27373,1.00,1.00
2015.11.27 07:33:45.649,9.27172,9.2738,1.00,1.00
2015.11.27 07:33:48.004,9.27187,9.27395,1.00,1.00
2015.11.27 07:33:56.749,9.272,9.27408,1.00,1.00
2015.11.27 07:33:58.219,9.272,9.27408,1.37,1.00
2015.11.27 07:33:58.472,9.272,9.27408,1.00,1.00
2015.11.27 07:33:58.638,9.27216,9.27424,1.00,1.00
2015.11.27 07:33:59.643,9.27229,9.27439,1.00,1.00
2015.11.27 07:33:59.745,9.27242,9.2745,1.00,1.00
2015.11.27 07:34:00.750,9.27228,9.27436,1.00,1.00
2015.11.27 07:34:01.267,9.2724,9.27448,1.00,1.00
2015.11.27 07:34:01.753,9.27252,9.2746,1.00,1.00
2015.11.27 07:34:03.669,9.27264,9.27472,1.00,1.00
2015.11.27 07:34:05.668,9.27265,9.27473,1.00,1.00
2015.11.27 07:34:08.368,9.27251,9.27459,1.00,1.00
2015.11.27 07:34:08.671,9.27154,9.27362,1.37,1.00
2015.11.27 07:34:09.008,9.27154,9.27362,1.00,1.00
2015.11.27 07:34:09.588,9.27142,9.2735,1.10,1.00
2015.11.27 07:34:10.478,9.27154,9.27362,1.00,1.00
2015.11.27 07:34:10.824,9.27141,9.27349,1.37,1.00
2015.11.27 07:34:11.148,9.27141,9.27337,1.37,1.00
2015.11.27 07:34:11.249,9.27141,9.27337,1.37,1.00
2015.11.27 07:34:11.530,9.27141,9.27337,1.50,1.00
2015.11.27 07:34:11.780,9.27141,9.27337,1.37,1.00
2015.11.27 07:34:15.929,9.27141,9.27337,1.75,1.00
2015.11.27 07:34:22.797,9.27152,9.27337,1.75,1.00
2015.11.27 07:34:23.000,9.27152,9.27337,1.75,1.00
2015.11.27 07:34:25.899,9.27161,9.27369,1.37,1.00
2015.11.27 07:34:25.949,9.27161,9.27369,1.75,1.00
2015.11.27 07:34:26.000,9.27182,9.2739,1.37,1.00
2015.11.27 07:34:26.051,9.27182,9.2739,1.75,1.00
2015.11.27 07:34:26.102,9.27223,9.27431,1.37,1.00
2015.11.27 07:34:26.305,9.27235,9.27443,1.50,1.00
2015.11.27 07:34:26.522,9.27247,9.27455,1.37,1.00
2015.11.27 07:34:26.881,9.27247,9.27455,1.37,1.00
2015.11.27 07:34:27.268,9.27247,9.27455,1.10,1.00
2015.11.27 07:34:27.320,9.27234,9.27442,1.37,1.00
2015.11.27 07:34:28.425,9.27234,9.27442,1.00,1.00
2015.11.27 07:34:28.701,9.27234,9.27442,1.75,1.00
2015.11.27 07:34:29.022,9.27234,9.27442,1.07,1.00
2015.11.27 07:34:29.275,9.27234,9.27442,1.07,1.00
2015.11.27 07:34:29.478,9.27234,9.27442,1.00,1.00
2015.11.27 07:34:29.630,9.27219,9.27427,1.07,1.00
2015.11.27 07:34:29.936,9.27207,9.27415,1.37,1.00
2015.11.27 07:34:30.441,9.27221,9.27429,1.07,1.00
2015.11.27 07:34:30.493,9.27221,9.27429,1.75,1.00
2015.11.27 07:34:30.797,9.27209,9.27417,1.10,1.00
2015.11.27 07:34:31.338,9.27197,9.27405,1.37,1.00
2015.11.27 07:34:31.769,9.27197,9.27405,1.07,1.00
2015.11.27 07:34:32.331,9.27184,9.27392,1.37,1.00
2015.11.27 07:34:32.793,9.27184,9.27392,1.00,1.00
2015.11.27 07:34:33.108,9.27169,9.27377,1.07,1.00
2015.11.27 07:34:33.210,9.27188,9.27396,1.00,1.00
2015.11.27 07:34:34.751,9.27188,9.27396,1.07,1.00
2015.11.27 07:34:35.631,9.27175,9.27385,1.37,1.00
2015.11.27 07:34:36.408,9.27175,9.27385,1.00,1.00
2015.11.27 07:34:40.922,9.27164,9.27372,1.00,1.00
2015.11.27 07:34:41.601,9.2718,9.27388,1.00,1.50
2015.11.27 07:34:41.969,9.27164,9.27372,1.00,1.00
2015.11.27 07:34:42.450,9.27152,9.2736,1.00,1.00
2015.11.27 07:34:45.648,9.27157,9.27365,1.00,1.00
2015.11.27 07:34:56.282,9.27145,9.27353,1.00,1.00
2015.11.27 07:35:02.344,9.27132,9.2734,1.00,1.00
2015.11.27 07:35:02.723,9.27147,9.27355,1.00,1.00
2015.11.27 07:35:03.027,9.27176,9.27384,1.00,1.00
2015.11.27 07:35:03.433,9.27188,9.27396,1.00,1.00
2015.11.27 07:35:03.779,9.27176,9.27384,1.00,1.00
2015.11.27 07:35:04.453,9.27163,9.27371,1.00,1.00
2015.11.27 07:35:05.017,9.2715,9.2736,1.07,1.00
2015.11.27 07:35:05.796,9.27156,9.27364,1.07,1.00
2015.11.27 07:35:10.633,9.27143,9.27351,1.37,1.00
2015.11.27 07:35:10.734,9.27143,9.27351,1.07,1.00
2015.11.27 07:35:11.121,9.27158,9.27366,1.00,1.00
2015.11.27 07:35:11.273,9.2717,9.27378,1.07,1.00
2015.11.27 07:35:11.374,9.27183,9.27391,1.00,1.00
2015.11.27 07:35:11.786,9.2717,9.27378,1.07,1.00
2015.11.27 07:35:13.670,9.27153,9.27361,1.37,1.00
2015.11.27 07:35:14.146,9.27169,9.27377,1.07,1.00
2015.11.27 07:35:15.467,9.27156,9.27366,1.37,1.00
2015.11.27 07:35:17.229,9.27156,9.27366,1.07,1.00
2015.11.27 07:35:21.181,9.27143,9.27351,1.37,1.00
2015.11.27 07:35:21.283,9.27143,9.27351,1.00,1.00
2015.11.27 07:35:21.915,9.27157,9.27365,1.00,1.00
2015.11.27 07:35:22.270,9.27157,9.27365,1.07,1.00
2015.11.27 07:35:23.513,9.27157,9.27365,1.00,1.00
2015.11.27 07:35:25.620,9.27167,9.27375,1.00,1.00
2015.11.27 07:35:26.024,9.27179,9.27387,1.00,1.00
2015.11.27 07:35:26.328,9.27166,9.27374,1.07,1.00
2015.11.27 07:35:26.783,9.27166,9.27374,1.00,1.00
2015.11.27 07:35:27.123,9.27154,9.27362,1.00,1.00
2015.11.27 07:35:27.426,9.2717,9.27378,1.00,1.00
2015.11.27 07:35:27.984,9.27158,9.27366,1.07,1.00
2015.11.27 07:35:28.432,9.2717,9.27378,1.00,1.00
2015.11.27 07:35:28.533,9.27158,9.27366,1.07,1.00
2015.11.27 07:35:28.786,9.27182,9.27386,1.00,1.00
2015.11.27 07:35:28.838,9.27182,9.2739,1.00,1.00
2015.11.27 07:35:28.888,9.27182,9.2739,1.07,1.00
2015.11.27 07:35:29.386,9.27164,9.27374,1.50,1.00
2015.11.27 07:35:30.511,9.27164,9.27374,1.75,1.00
2015.11.27 07:35:30.713,9.27176,9.27386,1.75,1.00
2015.11.27 07:35:30.764,9.27176,9.27386,1.37,1.00
2015.11.27 07:35:30.930,9.27197,9.27405,1.07,1.00
2015.11.27 07:35:31.147,9.27197,9.27405,1.00,1.00
2015.11.27 07:35:31.198,9.27185,9.27393,1.07,1.00
2015.11.27 07:35:31.501,9.2717,9.27378,1.50,1.00
2015.11.27 07:35:32.283,9.2717,9.27378,1.00,1.00
2015.11.27 07:35:33.042,9.27154,9.27362,1.07,1.00
2015.11.27 07:35:33.711,9.27176,9.27384,1.07,1.00
2015.11.27 07:35:33.812,9.27189,9.27397,1.00,1.00
2015.11.27 07:35:34.484,9.27176,9.27384,1.07,1.00
2015.11.27 07:35:34.944,9.27162,9.2737,1.37,1.00
2015.11.27 07:35:35.167,9.27162,9.2737,1.07,1.00
2015.11.27 07:35:36.253,9.27175,9.27383,1.07,1.00
2015.11.27 07:35:36.452,9.27193,9.27401,1.00,1.00
2015.11.27 07:35:36.506,9.27193,9.27401,1.12,1.00
2015.11.27 07:35:36.908,9.27174,9.27382,1.75,1.00
2015.11.27 07:35:37.009,9.27174,9.27382,1.37,1.00
2015.11.27 07:35:37.262,9.27174,9.27382,1.00,1.00
2015.11.27 07:35:38.257,9.27161,9.27371,1.12,1.00
2015.11.27 07:35:39.214,9.27173,9.27383,1.00,1.00
2015.11.27 07:35:40.432,9.2716,9.27368,1.00,1.00
2015.11.27 07:35:41.111,9.27146,9.27354,1.00,1.00
2015.11.27 07:35:41.421,9.27158,9.27366,1.00,1.00
2015.11.27 07:35:44.761,9.2717,9.27378,1.00,1.00
2015.11.27 07:35:45.646,9.27161,9.27369,1.00,1.00
2015.11.27 07:35:45.973,9.27177,9.27385,1.00,1.00
2015.11.27 07:35:46.747,9.27162,9.2737,1.00,1.00
2015.11.27 07:35:47.152,9.27174,9.27382,1.00,1.00
2015.11.27 07:35:57.193,9.27162,9.2737,1.07,1.00
2015.11.27 07:36:02.434,9.27176,9.27384,1.00,1.00
2015.11.27 07:36:03.690,9.27164,9.27372,1.07,1.00
2015.11.27 07:36:03.994,9.27182,9.2739,1.07,1.00
2015.11.27 07:36:05.627,9.27175,9.27383,1.07,1.00
2015.11.27 07:36:05.842,9.27189,9.27399,1.00,1.00
2015.11.27 07:36:06.111,9.27178,9.27386,1.07,1.00
2015.11.27 07:36:07.053,9.27178,9.27386,1.37,1.00
2015.11.27 07:36:08.118,9.27178,9.27386,1.07,1.00
2015.11.27 07:36:09.125,9.27166,9.27374,1.37,1.00
2015.11.27 07:36:09.352,9.27166,9.27374,1.00,1.00
2015.11.27 07:36:10.133,9.27156,9.27362,1.07,1.00
2015.11.27 07:36:10.358,9.27167,9.27375,1.00,1.00
2015.11.27 07:36:11.008,9.27156,9.27361,1.07,1.00
2015.11.27 07:36:12.648,9.27136,9.27344,2.25,1.00
2015.11.27 07:36:12.800,9.27136,9.27332,1.75,1.00
2015.11.27 07:36:12.901,9.27126,9.27332,1.12,1.00
2015.11.27 07:36:12.970,9.27126,9.27332,1.00,1.00
2015.11.27 07:36:13.612,9.27112,9.2732,1.50,1.00
2015.11.27 07:36:13.916,9.27095,9.27293,1.00,1.00
2015.11.27 07:36:14.152,9.27086,9.27293,1.07,1.00
2015.11.27 07:36:14.322,9.27086,9.27293,1.00,1.37
2015.11.27 07:36:14.617,9.27006,9.27214,2.25,1.00
2015.11.27 07:36:14.668,9.27006,9.27202,1.50,1.00
2015.11.27 07:36:15.014,9.27006,9.2719,1.50,1.00
2015.11.27 07:36:15.066,9.27006,9.27203,1.50,1.00
2015.11.27 07:36:15.243,9.27011,9.27219,1.00,1.00
2015.11.27 07:36:15.624,9.26995,9.27203,1.00,1.00
2015.11.27 07:36:15.928,9.27001,9.27209,1.00,1.00
2015.11.27 07:36:16.239,9.26986,9.27186,1.50,1.00
2015.11.27 07:36:16.550,9.26978,9.27186,1.00,1.00
2015.11.27 07:36:17.559,9.26992,9.272,1.00,1.00
2015.11.27 07:36:17.863,9.27006,9.27214,1.00,1.12
2015.11.27 07:36:18.389,9.27006,9.27201,1.00,1.00
2015.11.27 07:36:18.981,9.26994,9.27201,1.00,1.00
2015.11.27 07:36:20.385,9.26981,9.27189,1.00,1.00
2015.11.27 07:36:25.601,9.26986,9.27194,1.00,1.00
2015.11.27 07:36:27.190,9.26986,9.27182,1.50,1.00
2015.11.27 07:36:27.550,9.26976,9.27182,1.50,1.00
2015.11.27 07:36:30.944,9.26976,9.27168,1.50,1.00
2015.11.27 07:36:31.533,9.2696,9.27168,1.00,1.00
2015.11.27 07:36:31.633,9.26948,9.27156,1.00,1.00
2015.11.27 07:36:31.958,9.2696,9.27168,1.00,1.00
2015.11.27 07:36:32.370,9.26963,9.27168,1.00,1.00
2015.11.27 07:36:32.421,9.26984,9.27192,1.00,1.00
2015.11.27 07:36:32.624,9.26996,9.272,1.00,1.00
2015.11.27 07:36:32.827,9.26976,9.27183,1.50,1.00
2015.11.27 07:36:33.525,9.26987,9.27195,1.00,1.00
2015.11.27 07:36:33.627,9.26976,9.27183,1.50,1.00
2015.11.27 07:36:33.891,9.26987,9.27195,1.00,1.00
2015.11.27 07:36:36.426,9.26999,9.27207,1.00,1.00
2015.11.27 07:36:36.527,9.27015,9.27225,1.00,1.00
2015.11.27 07:36:37.520,9.27031,9.27239,1.00,1.00
2015.11.27 07:36:37.936,9.27026,9.27227,1.00,1.00
2015.11.27 07:36:38.351,9.27019,9.27227,1.00,1.00
2015.11.27 07:36:38.503,9.27016,9.27214,1.00,1.00
2015.11.27 07:36:40.422,9.27021,9.27231,1.00,1.00
2015.11.27 07:36:45.751,9.2702,9.27228,1.00,1.00
2015.11.27 07:36:48.100,9.27026,9.27228,1.00,1.00
2015.11.27 07:36:48.409,9.27026,9.27216,1.00,1.00
2015.11.27 07:36:48.830,9.27015,9.27216,1.00,1.00
2015.11.27 07:36:50.041,9.27026,9.27216,1.00,1.00
2015.11.27 07:36:50.591,9.27015,9.27216,1.00,1.00
2015.11.27 07:36:52.350,9.27008,9.27216,1.00,1.00
2015.11.27 07:36:53.051,9.27008,9.27216,1.07,1.00
2015.11.27 07:36:54.018,9.27094,9.27294,1.00,1.50
2015.11.27 07:36:54.324,9.27036,9.27232,1.10,1.00
2015.11.27 07:36:54.425,9.27037,9.27242,1.00,1.00
2015.11.27 07:36:54.526,9.27053,9.27242,1.00,1.00
2015.11.27 07:36:54.873,9.2704,9.27242,1.00,1.00
2015.11.27 07:36:55.351,9.27045,9.27242,1.00,1.00
2015.11.27 07:36:55.870,9.2704,9.27242,1.00,1.00
2015.11.27 07:36:56.873,9.27046,9.27242,1.00,1.00
2015.11.27 07:36:57.085,9.2704,9.27242,1.00,1.00
2015.11.27 07:36:57.237,9.27052,9.27242,1.00,1.00
2015.11.27 07:36:57.940,9.27052,9.27242,1.07,1.00
2015.11.27 07:36:58.243,9.27056,9.27242,1.00,1.00
2015.11.27 07:36:58.294,9.27052,9.27242,1.07,1.00
2015.11.27 07:36:58.591,9.27056,9.2726,1.50,1.00
2015.11.27 07:36:58.642,9.27064,9.27272,1.00,1.00
2015.11.27 07:36:58.693,9.27064,9.27272,1.75,1.00
2015.11.27 07:36:58.744,9.2708,9.27288,1.37,1.00
2015.11.27 07:36:59.156,9.27092,9.273,1.10,1.00
2015.11.27 07:36:59.257,9.27092,9.273,1.37,1.00
2015.11.27 07:36:59.789,9.27092,9.27292,1.37,1.00
2015.11.27 07:37:00.260,9.27092,9.27292,1.00,1.00
2015.11.27 07:37:00.982,9.27092,9.27292,1.75,1.00
2015.11.27 07:37:01.564,9.27105,9.27313,1.75,1.00
2015.11.27 07:37:01.665,9.27117,9.27325,1.75,1.00
2015.11.27 07:37:01.767,9.27132,9.2734,1.75,1.00
2015.11.27 07:37:02.768,9.27132,9.27337,1.75,1.00
2015.11.27 07:37:05.551,9.27125,9.27335,1.75,1.00
2015.11.27 07:37:06.604,9.27125,9.27335,1.75,1.00
2015.11.27 07:37:13.451,9.27125,9.27335,1.75,1.00
2015.11.27 07:37:13.603,9.27138,9.27346,1.75,1.00
2015.11.27 07:37:13.704,9.27165,9.27366,1.00,1.00
2015.11.27 07:37:13.755,9.27165,9.27366,1.37,1.00
2015.11.27 07:37:13.806,9.27165,9.27375,1.37,1.00
2015.11.27 07:37:13.857,9.27165,9.27375,1.75,1.00
2015.11.27 07:37:13.907,9.2718,9.27388,1.37,1.00
2015.11.27 07:37:14.403,9.27166,9.27374,1.75,1.00
2015.11.27 07:37:14.510,9.27188,9.27394,1.37,1.00
2015.11.27 07:37:14.561,9.27188,9.27396,1.37,1.00
2015.11.27 07:37:14.713,9.27173,9.27381,1.75,1.00
2015.11.27 07:37:15.547,9.27187,9.27395,1.75,1.00
2015.11.27 07:37:17.316,9.27173,9.27381,1.75,1.00
2015.11.27 07:37:17.620,9.27166,9.27325,1.87,1.00
2015.11.27 07:37:17.982,9.27169,9.27356,1.75,1.00
2015.11.27 07:37:18.036,9.27182,9.2739,1.75,1.00
2015.11.27 07:37:18.189,9.27182,9.2739,1.75,1.00
2015.11.27 07:37:18.392,9.27168,9.27376,1.75,1.00
2015.11.27 07:37:18.696,9.27182,9.2739,1.37,1.00
2015.11.27 07:37:19.622,9.27169,9.27377,1.50,1.00
2015.11.27 07:37:19.899,9.27146,9.27346,2.25,1.00
2015.11.27 07:37:21.331,9.27126,9.27332,1.75,1.00
2015.11.27 07:37:25.098,9.27126,9.27332,1.75,1.50
2015.11.27 07:37:25.351,9.27153,9.27332,1.00,1.00
2015.11.27 07:37:25.623,9.27144,9.27332,1.75,1.00
2015.11.27 07:37:25.950,9.27131,9.27332,1.00,1.00
2015.11.27 07:37:27.107,9.27131,9.27339,1.00,1.00
2015.11.27 07:37:27.158,9.27146,9.27354,1.00,1.00
2015.11.27 07:37:27.461,9.27145,9.27353,1.07,1.00
2015.11.27 07:37:27.563,9.27158,9.27366,1.00,1.00
2015.11.27 07:37:27.765,9.27141,9.27349,1.37,1.00
2015.11.27 07:37:28.075,9.27141,9.27349,1.00,1.00
2015.11.27 07:37:29.147,9.27153,9.27361,1.00,1.00
2015.11.27 07:37:29.481,9.2714,9.2735,1.07,1.00
2015.11.27 07:37:29.734,9.2714,9.2735,1.07,1.00
2015.11.27 07:37:30.465,9.2714,9.2735,1.07,1.00
2015.11.27 07:37:31.274,9.2714,9.2735,1.00,1.00
2015.11.27 07:37:31.541,9.27129,9.27337,1.00,1.00
2015.11.27 07:37:32.249,9.27141,9.27349,1.00,1.00
2015.11.27 07:37:34.358,9.27128,9.27336,1.00,1.00
2015.11.27 07:37:36.670,9.2714,9.27348,1.00,1.00
2015.11.27 07:37:37.683,9.27124,9.27332,1.00,1.00
2015.11.27 07:37:38.236,9.27136,9.27344,1.00,1.00
2015.11.27 07:37:42.715,9.27136,9.27344,1.07,1.00
2015.11.27 07:37:43.439,9.27136,9.27344,1.00,1.00
2015.11.27 07:37:44.132,9.27148,9.27356,1.00,1.00
2015.11.27 07:37:45.584,9.27141,9.27349,1.00,1.00
2015.11.27 07:37:46.420,9.27153,9.27363,1.00,1.00
2015.11.27 07:37:46.633,9.27153,9.27363,1.07,1.00
2015.11.27 07:37:46.734,9.27168,9.27376,1.00,1.00
2015.11.27 07:37:51.509,9.27168,9.27376,1.37,1.00
2015.11.27 07:37:57.230,9.27181,9.27389,1.07,1.00
2015.11.27 07:37:58.260,9.27168,9.27376,1.37,1.00
2015.11.27 07:37:59.040,9.27168,9.27376,1.37,1.00
2015.11.27 07:38:03.681,9.2718,9.27388,1.07,1.00
2015.11.27 07:38:03.783,9.27197,9.27405,1.00,1.00
2015.11.27 07:38:03.884,9.27181,9.27389,1.07,1.00
2015.11.27 07:38:04.188,9.27171,9.27379,1.37,1.00
2015.11.27 07:38:04.492,9.27182,9.27392,1.07,1.00
2015.11.27 07:38:04.792,9.2717,9.27378,1.37,1.00
2015.11.27 07:38:04.843,9.27156,9.27366,1.37,1.00
2015.11.27 07:38:04.948,9.27145,9.27353,2.62,1.00
2015.11.27 07:38:05.189,9.27157,9.27365,1.37,1.00
2015.11.27 07:38:05.719,9.27157,9.27365,1.37,1.00
2015.11.27 07:38:05.770,9.2717,9.27378,1.07,1.00
2015.11.27 07:38:05.981,9.27158,9.27366,1.37,1.00
2015.11.27 07:38:06.224,9.27173,9.27381,1.00,1.00
2015.11.27 07:38:06.275,9.27157,9.27367,1.00,1.00
2015.11.27 07:38:06.376,9.2717,9.2738,1.00,1.00
2015.11.27 07:38:06.735,9.27143,9.27351,1.07,1.00
2015.11.27 07:38:08.176,9.27158,9.27366,1.00,1.00
2015.11.27 07:38:09.069,9.27145,9.27353,1.07,1.00
2015.11.27 07:38:09.271,9.27132,9.27342,1.00,1.00
2015.11.27 07:38:09.585,9.27121,9.27329,1.07,1.00
2015.11.27 07:38:11.319,9.27121,9.27329,1.00,1.00
2015.11.27 07:38:11.474,9.27121,9.27329,1.07,1.00
2015.11.27 07:38:11.566,9.27146,9.27354,1.00,1.00
2015.11.27 07:38:12.404,9.27133,9.27341,1.07,1.00
2015.11.27 07:38:12.687,9.27133,9.27341,1.00,1.00
2015.11.27 07:38:14.203,9.27121,9.27329,1.00,1.00
2015.11.27 07:38:18.196,9.27133,9.27343,1.00,1.00
2015.11.27 07:38:18.398,9.27122,9.2733,1.00,1.00
2015.11.27 07:38:18.764,9.27122,9.2733,1.07,1.00
2015.11.27 07:38:18.989,9.2714,9.27347,1.00,1.00
2015.11.27 07:38:19.141,9.2714,9.27347,1.07,1.00
2015.11.27 07:38:19.458,9.27139,9.27347,1.00,1.50
2015.11.27 07:38:20.515,9.27153,9.27347,1.00,1.00
2015.11.27 07:38:20.831,9.27153,9.27347,1.37,1.00
2015.11.27 07:38:21.033,9.27153,9.27347,1.07,1.00
2015.11.27 07:38:21.236,9.27141,9.27347,1.07,1.00
2015.11.27 07:38:25.628,9.27138,9.27346,1.07,1.00
2015.11.27 07:38:32.220,9.27138,9.27346,1.00,1.00
2015.11.27 07:38:32.321,9.27126,9.27334,1.07,1.00
2015.11.27 07:38:33.538,9.27126,9.27334,1.00,1.00
2015.11.27 07:38:35.227,9.27108,9.27318,1.37,1.00
2015.11.27 07:38:35.386,9.27121,9.27329,1.00,1.00
2015.11.27 07:38:36.412,9.27133,9.27341,1.00,1.00
2015.11.27 07:38:37.127,9.2711,9.2732,1.07,1.00
2015.11.27 07:38:37.420,9.27123,9.27333,1.00,1.00
2015.11.27 07:38:41.676,9.27136,9.27344,1.00,1.00
2015.11.27 07:38:42.015,9.27122,9.2733,1.00,1.00
2015.11.27 07:38:42.377,9.27135,9.27343,1.00,1.00
2015.11.27 07:38:43.451,9.27119,9.27327,1.00,1.00
2015.11.27 07:38:45.708,9.27121,9.27329,1.00,1.00
2015.11.27 07:38:51.475,9.27134,9.27342,1.00,1.00
2015.11.27 07:38:51.800,9.27151,9.27347,1.00,1.00
2015.11.27 07:38:52.471,9.27139,9.27347,1.00,1.50
2015.11.27 07:38:57.269,9.27152,9.27347,1.00,1.00
2015.11.27 07:38:58.232,9.2714,9.27347,1.00,1.00
2015.11.27 07:38:58.485,9.2714,9.27347,1.37,1.00
2015.11.27 07:38:59.354,9.2714,9.27347,1.00,1.00
2015.11.27 07:39:01.424,9.2714,9.27348,1.00,1.00
2015.11.27 07:39:01.617,9.27156,9.27364,1.00,1.00
2015.11.27 07:39:01.921,9.27144,9.27352,1.12,1.00
2015.11.27 07:39:02.123,9.27171,9.27381,1.07,1.00
2015.11.27 07:39:02.586,9.2716,9.27368,1.37,1.00
2015.11.27 07:39:02.949,9.2716,9.27368,1.10,1.00
2015.11.27 07:39:05.617,9.27164,9.27372,1.00,1.00
2015.11.27 07:39:10.417,9.27152,9.2736,1.07,1.00
2015.11.27 07:39:18.726,9.27138,9.27348,1.37,1.00
2015.11.27 07:39:19.168,9.27151,9.27359,1.07,1.00
2015.11.27 07:39:19.673,9.27163,9.27371,1.00,1.00
2015.11.27 07:39:19.775,9.2715,9.27358,1.12,1.00
2015.11.27 07:39:21.970,9.27162,9.2737,1.00,1.00
2015.11.27 07:39:22.479,9.27149,9.27357,1.37,1.00
2015.11.27 07:39:25.673,9.27157,9.27365,1.07,1.00
2015.11.27 07:39:30.180,9.27145,9.27353,1.37,1.00
2015.11.27 07:39:38.615,9.27157,9.27365,1.07,1.00
2015.11.27 07:39:53.444,9.27145,9.27353,1.37,1.00
2015.11.27 07:40:00.733,9.27157,9.27365,1.07,1.00
2015.11.27 07:40:05.705,9.27146,9.27356,1.37,1.00
2015.11.27 07:40:17.147,9.27146,9.27356,1.00,1.00
2015.11.27 07:40:23.299,9.27159,9.27367,1.00,1.00
2015.11.27 07:40:45.659,9.27157,9.27365,1.07,1.00
2015.11.27 07:40:51.441,9.27157,9.27365,1.00,1.00
2015.11.27 07:40:52.181,9.27145,9.27353,1.00,1.00
2015.11.27 07:40:52.763,9.27145,9.27353,1.37,1.00
2015.11.27 07:40:52.814,9.27158,9.27366,1.10,1.00
2015.11.27 07:41:05.615,9.27167,9.27375,1.00,1.00
2015.11.27 07:41:09.240,9.27154,9.27362,1.07,1.00
2015.11.27 07:41:09.716,9.27167,9.27375,1.00,1.00
2015.11.27 07:41:10.744,9.27182,9.2739,1.00,1.00
2015.11.27 07:41:11.080,9.27184,9.27392,1.00,1.00
2015.11.27 07:41:18.117,9.27172,9.2738,1.07,1.00
2015.11.27 07:41:18.737,9.27184,9.27392,1.00,1.00
2015.11.27 07:41:19.622,9.27172,9.2738,1.00,1.00
2015.11.27 07:41:22.243,9.27158,9.27366,1.00,1.00
2015.11.27 07:41:25.677,9.27163,9.27371,1.00,1.00
2015.11.27 07:41:38.666,9.27175,9.27383,1.00,1.00
2015.11.27 07:41:45.688,9.27169,9.27377,1.00,1.00
2015.11.27 07:41:57.331,9.27157,9.27365,1.00,1.00
2015.11.27 07:42:00.437,9.27145,9.27353,1.00,1.00
2015.11.27 07:42:00.767,9.27133,9.27341,1.00,1.00
2015.11.27 07:42:03.249,9.27147,9.27355,1.00,1.00
2015.11.27 07:42:05.925,9.27159,9.27367,1.00,1.00
2015.11.27 07:42:07.440,9.27147,9.27355,1.00,1.00
2015.11.27 07:42:09.906,9.27134,9.27344,1.07,1.00
2015.11.27 07:42:12.336,9.27152,9.2736,1.00,1.00
2015.11.27 07:42:13.621,9.2714,9.27348,1.00,1.00
2015.11.27 07:42:14.240,9.27127,9.27335,1.07,1.00
2015.11.27 07:42:14.443,9.27142,9.2735,1.00,1.00
2015.11.27 07:42:14.646,9.27156,9.27364,1.00,1.00
2015.11.27 07:42:14.952,9.27169,9.27377,1.00,1.00
2015.11.27 07:42:16.238,9.27169,9.27377,1.07,1.00
2015.11.27 07:42:16.541,9.27157,9.27365,1.37,1.00
2015.11.27 07:42:16.863,9.27144,9.27352,1.75,1.00
2015.11.27 07:42:25.645,9.27135,9.27345,1.75,1.00
2015.11.27 07:42:26.885,9.27135,9.27345,1.37,1.00
2015.11.27 07:42:27.057,9.2715,9.27358,1.07,1.00
2015.11.27 07:42:30.274,9.27136,9.27344,1.37,1.00
2015.11.27 07:42:32.414,9.27136,9.27344,1.37,1.00
2015.11.27 07:42:32.465,9.27148,9.27356,1.37,1.00
2015.11.27 07:42:32.566,9.27162,9.2737,1.00,1.00
2015.11.27 07:42:33.885,9.27147,9.27357,1.37,1.00
2015.11.27 07:42:45.703,9.27151,9.27359,1.37,1.00
2015.11.27 07:43:00.345,9.27135,9.27345,1.75,1.00
2015.11.27 07:43:02.226,9.27149,9.27357,1.37,1.00
2015.11.27 07:43:05.638,9.27142,9.2735,1.37,1.00
2015.11.27 07:43:10.676,9.27142,9.2735,1.07,1.00
2015.11.27 07:43:10.952,9.27125,9.27333,1.37,1.00
2015.11.27 07:43:11.490,9.27125,9.27333,1.00,1.00
2015.11.27 07:43:17.709,9.27127,9.27333,1.00,1.00
2015.11.27 07:43:17.810,9.27146,9.27356,1.00,1.00
2015.11.27 07:43:17.912,9.27132,9.2734,1.00,1.00
2015.11.27 07:43:18.461,9.27133,9.27341,1.00,1.00
2015.11.27 07:43:18.763,9.27133,9.27341,1.07,1.00
2015.11.27 07:43:19.185,9.27145,9.27353,1.37,1.00
2015.11.27 07:43:19.287,9.27157,9.27365,1.07,1.00
2015.11.27 07:43:19.388,9.27141,9.27349,1.37,1.00
2015.11.27 07:43:19.489,9.27155,9.27363,1.07,1.00
2015.11.27 07:43:20.019,9.27141,9.27349,1.37,1.00
2015.11.27 07:43:20.386,9.27141,9.27349,1.00,1.00
2015.11.27 07:43:20.453,9.27129,9.27337,1.37,1.00
2015.11.27 07:43:20.791,9.27145,9.27353,1.37,1.00
2015.11.27 07:43:25.686,9.27136,9.27344,1.37,1.00
2015.11.27 07:43:31.821,9.27149,9.27357,1.07,1.00
2015.11.27 07:43:31.922,9.27137,9.27345,1.37,1.00
2015.11.27 07:43:33.520,9.27156,9.27364,1.07,1.00
2015.11.27 07:43:33.832,9.27169,9.27377,1.00,1.00
2015.11.27 07:43:34.135,9.27157,9.27365,1.10,1.00
2015.11.27 07:43:34.522,9.27157,9.27365,1.07,1.00
2015.11.27 07:43:34.674,9.27145,9.27353,1.00,1.00
2015.11.27 07:43:34.725,9.27132,9.27342,1.37,1.00
2015.11.27 07:43:35.960,9.27148,9.27356,1.00,1.00
2015.11.27 07:43:36.012,9.27159,9.27369,1.00,1.00
2015.11.27 07:43:36.737,9.27172,9.2738,1.00,1.00
2015.11.27 07:43:37.142,9.27186,9.27396,1.00,1.00
2015.11.27 07:43:39.720,9.27167,9.27373,1.37,1.00
2015.11.27 07:43:43.449,9.27146,9.27354,1.75,1.00
2015.11.27 07:43:43.499,9.27146,9.27354,1.12,1.00
2015.11.27 07:43:43.601,9.27146,9.27354,1.00,1.00
2015.11.27 07:43:43.652,9.27131,9.27339,1.07,1.00
2015.11.27 07:43:44.764,9.27118,9.27326,1.37,1.00
2015.11.27 07:43:44.948,9.27118,9.27326,1.07,1.00
2015.11.27 07:43:45.326,9.27115,9.27313,1.07,1.00
2015.11.27 07:43:47.423,9.27105,9.27313,1.07,1.00
2015.11.27 07:43:48.827,9.27115,9.27313,1.00,1.00
2015.11.27 07:43:50.437,9.27125,9.27333,1.00,1.50
2015.11.27 07:43:51.631,9.27115,9.27317,1.00,1.00
2015.11.27 07:43:55.463,9.27125,9.27333,1.00,1.00
2015.11.27 07:43:55.954,9.27142,9.2735,1.00,1.00
2015.11.27 07:43:57.489,9.27156,9.27364,1.07,1.00
2015.11.27 07:43:58.032,9.27156,9.27364,1.37,1.00
2015.11.27 07:43:58.684,9.27169,9.27377,1.07,1.00
2015.11.27 07:43:59.195,9.27156,9.27364,1.37,1.00
2015.11.27 07:43:59.297,9.27174,9.27382,1.07,1.00
2015.11.27 07:44:00.466,9.2719,9.27398,1.00,1.00
2015.11.27 07:44:00.669,9.27178,9.27386,1.00,1.00
2015.11.27 07:44:00.999,9.27162,9.2737,1.37,1.00
2015.11.27 07:44:01.051,9.27162,9.2737,1.07,1.00
2015.11.27 07:44:01.102,9.27145,9.27352,1.87,1.00
2015.11.27 07:44:01.153,9.27145,9.27338,1.57,1.00
2015.11.27 07:44:01.542,9.2713,9.27338,1.10,1.00
2015.11.27 07:44:05.663,9.27123,9.27331,1.00,1.00
2015.11.27 07:44:06.585,9.27126,9.27331,1.50,1.00
2015.11.27 07:44:06.905,9.27126,9.27331,1.87,1.00
2015.11.27 07:44:07.006,9.27138,9.27346,1.07,1.00
2015.11.27 07:44:07.057,9.27138,9.27346,1.37,1.00
2015.11.27 07:44:07.968,9.27158,9.27366,1.10,1.00
2015.11.27 07:44:08.069,9.27172,9.2738,1.00,1.00
2015.11.27 07:44:08.634,9.27172,9.2738,1.07,1.00
2015.11.27 07:44:10.292,9.27184,9.27392,1.07,1.00
2015.11.27 07:44:10.817,9.27186,9.27392,1.87,1.00
2015.11.27 07:44:11.524,9.27216,9.27392,1.50,1.00
2015.11.27 07:44:15.593,9.27206,9.27392,1.50,1.00
2015.11.27 07:44:15.700,9.27206,9.2738,1.50,1.00
2015.11.27 07:44:15.903,9.27206,9.27395,1.50,1.00
2015.11.27 07:44:16.384,9.27209,9.27414,1.00,1.00
2015.11.27 07:44:16.485,9.27209,9.27417,1.00,1.00
2015.11.27 07:44:16.587,9.27206,9.27397,1.50,1.00
2015.11.27 07:44:17.593,9.27216,9.27397,1.50,1.00
2015.11.27 07:44:18.013,9.27189,9.27397,1.00,1.00
2015.11.27 07:44:18.064,9.27166,9.27368,1.50,1.00
2015.11.27 07:44:18.166,9.27147,9.27355,1.07,1.00
2015.11.27 07:44:18.217,9.2713,9.27338,1.37,1.00
2015.11.27 07:44:18.318,9.2713,9.27338,1.10,1.00
2015.11.27 07:44:25.604,9.2712,9.27328,1.12,1.00
2015.11.27 07:44:30.128,9.271,9.27272,2.25,1.00
2015.11.27 07:44:30.432,9.271,9.27259,1.75,1.00
2015.11.27 07:44:30.940,9.271,9.27259,1.37,1.00
2015.11.27 07:44:37.855,9.271,9.27245,1.37,1.00
2015.11.27 07:44:39.501,9.271,9.27245,1.00,1.00
2015.11.27 07:44:40.112,9.27115,9.27245,1.00,1.00
2015.11.27 07:44:43.202,9.27104,9.27245,1.00,1.00
2015.11.27 07:44:45.657,9.27104,9.27247,1.00,1.00
2015.11.27 07:44:52.663,9.27104,9.27266,1.00,1.00
2015.11.27 07:45:00.327,9.27104,9.27293,1.00,1.00
2015.11.27 07:45:02.203,9.27086,9.27293,1.50,1.00
2015.11.27 07:45:02.319,9.27086,9.27293,1.87,1.00
2015.11.27 07:45:02.714,9.27086,9.27293,2.25,1.00
2015.11.27 07:45:03.533,9.271,9.27293,1.37,1.00
2015.11.27 07:45:03.759,9.271,9.27277,1.37,1.00
2015.11.27 07:45:05.697,9.271,9.27275,1.37,1.00
2015.11.27 07:45:22.080,9.27223,9.27275,1.00,1.00
2015.11.27 07:45:22.131,9.27243,9.27391,1.00,1.00
2015.11.27 07:45:22.276,9.27259,9.27404,1.00,1.50
2015.11.27 07:45:22.479,9.27259,9.27428,1.00,1.00
2015.11.27 07:45:22.530,9.27284,9.27428,1.00,1.00
2015.11.27 07:45:25.104,9.27292,9.27428,1.00,1.00
2015.11.27 07:45:25.256,9.27282,9.27428,1.00,1.00
2015.11.27 07:45:25.630,9.27278,9.27428,1.00,1.00
2015.11.27 07:45:26.413,9.27278,9.27454,1.00,1.57
2015.11.27 07:45:26.464,9.27292,9.2747,1.00,1.50
2015.11.27 07:45:26.744,9.27305,9.2747,1.00,1.12
2015.11.27 07:45:27.823,9.27305,9.27428,1.00,1.00
2015.11.27 07:45:29.092,9.27305,9.2747,1.00,1.12
2015.11.27 07:45:30.400,9.27305,9.27426,1.00,1.00
2015.11.27 07:45:30.542,9.27178,9.27386,1.00,1.00
2015.11.27 07:45:30.650,9.27144,9.27352,1.12,1.00
2015.11.27 07:45:31.241,9.27153,9.27352,1.00,1.00
2015.11.27 07:45:32.050,9.27156,9.27364,1.00,1.00
2015.11.27 07:45:32.252,9.27169,9.27377,1.00,1.00
2015.11.27 07:45:32.651,9.27153,9.27363,1.57,1.00
2015.11.27 07:45:33.572,9.27161,9.27363,1.00,1.00
2015.11.27 07:45:34.573,9.27153,9.27363,1.50,1.00
2015.11.27 07:45:36.973,9.27161,9.27363,1.00,1.00
2015.11.27 07:45:37.815,9.27153,9.27363,1.50,1.00
2015.11.27 07:45:42.195,9.27166,9.27374,1.00,1.00
2015.11.27 07:45:42.506,9.27182,9.2739,1.00,1.00
2015.11.27 07:45:42.902,9.27168,9.27376,1.00,1.00
2015.11.27 07:45:43.206,9.27156,9.27364,1.00,1.00
2015.11.27 07:45:44.104,9.27161,9.27364,1.00,1.00
2015.11.27 07:45:45.490,9.27156,9.27364,1.00,1.00
2015.11.27 07:45:45.666,9.27158,9.27366,1.00,1.00
2015.11.27 07:46:05.609,9.2716,9.2737,1.00,1.00
2015.11.27 07:46:07.680,9.2716,9.2737,1.07,1.00
2015.11.27 07:46:07.983,9.27187,9.27395,1.00,1.00
2015.11.27 07:46:08.343,9.27207,9.27415,1.00,1.00
2015.11.27 07:46:09.965,9.27187,9.27394,1.00,1.00
2015.11.27 07:46:10.468,9.27186,9.27394,1.00,1.00
2015.11.27 07:46:10.764,9.27198,9.27408,1.00,1.00
2015.11.27 07:46:11.909,9.27201,9.27408,1.00,1.00
2015.11.27 07:46:12.010,9.27222,9.2743,1.00,1.00
2015.11.27 07:46:12.467,9.27234,9.27442,1.00,1.00
2015.11.27 07:46:13.576,9.27249,9.27442,1.00,1.00
2015.11.27 07:46:13.677,9.27249,9.27454,1.00,1.00
2015.11.27 07:46:13.897,9.27266,9.27474,1.00,1.50
2015.11.27 07:46:14.223,9.27266,9.27458,1.00,1.00
2015.11.27 07:46:14.375,9.27249,9.27451,1.00,1.00
2015.11.27 07:46:14.476,9.27255,9.27463,1.00,1.00
2015.11.27 07:46:14.678,9.27236,9.27446,1.00,1.00
2015.11.27 07:46:15.170,9.27257,9.27465,1.00,1.00
2015.11.27 07:46:15.680,9.2727,9.27478,1.00,1.00
2015.11.27 07:46:15.986,9.27237,9.27445,1.00,1.00
2015.11.27 07:46:16.636,9.27251,9.27461,1.00,1.00
2015.11.27 07:46:17.381,9.27251,9.27458,1.00,1.00
2015.11.27 07:46:17.483,9.2723,9.27438,1.00,1.00
2015.11.27 07:46:17.685,9.2723,9.27436,1.00,1.00
2015.11.27 07:46:17.737,9.27208,9.27416,1.00,1.00
2015.11.27 07:46:18.576,9.27208,9.27416,1.07,1.00
2015.11.27 07:46:19.323,9.27208,9.27416,1.00,1.00
2015.11.27 07:46:19.375,9.27201,9.27404,1.00,1.00
2015.11.27 07:46:19.426,9.27196,9.27404,1.00,1.00
2015.11.27 07:46:19.628,9.27201,9.27404,1.00,1.00
2015.11.27 07:46:19.982,9.2721,9.2742,1.00,1.00
2015.11.27 07:46:20.083,9.27223,9.27431,1.00,1.00
2015.11.27 07:46:20.659,9.27211,9.27419,1.00,1.00
2015.11.27 07:46:21.093,9.27211,9.27407,1.00,1.00
2015.11.27 07:46:21.245,9.27167,9.27375,1.00,1.00
2015.11.27 07:46:21.296,9.27167,9.27372,1.00,1.00
2015.11.27 07:46:21.347,9.27143,9.27353,1.07,1.00
2015.11.27 07:46:21.398,9.27201,9.27353,1.00,1.00
2015.11.27 07:46:21.448,9.27201,9.27366,1.00,1.00
2015.11.27 07:46:21.550,9.27201,9.27379,1.00,1.00
2015.11.27 07:46:22.432,9.27208,9.27391,1.00,1.00
2015.11.27 07:46:22.786,9.27249,9.27391,1.00,1.00
2015.11.27 07:46:23.323,9.27183,9.2739,1.00,1.00
2015.11.27 07:46:23.374,9.27162,9.2737,1.07,1.00
2015.11.27 07:46:23.424,9.27162,9.2737,1.00,1.00
2015.11.27 07:46:23.577,9.27153,9.27358,1.00,1.00
2015.11.27 07:46:24.597,9.27153,9.27345,1.00,1.00
2015.11.27 07:46:24.814,9.27137,9.27345,1.07,1.00
2015.11.27 07:46:24.966,9.2715,9.27358,1.00,1.00
2015.11.27 07:46:25.017,9.2715,9.27355,1.00,1.00
2015.11.27 07:46:25.068,9.27127,9.27335,1.00,1.00
2015.11.27 07:46:25.169,9.27105,9.27315,1.00,1.00
2015.11.27 07:46:25.372,9.27116,9.27315,1.00,1.00
2015.11.27 07:46:25.499,9.27123,9.27331,1.00,1.00
2015.11.27 07:46:25.706,9.27117,9.27327,1.00,1.00
2015.11.27 07:46:25.756,9.27104,9.27312,1.00,1.00
2015.11.27 07:46:26.476,9.2712,9.27328,1.00,1.00
2015.11.27 07:46:27.111,9.27121,9.27328,1.00,1.00
2015.11.27 07:46:27.476,9.27121,9.27315,1.00,1.00
2015.11.27 07:46:28.180,9.27146,9.27335,1.00,1.00
2015.11.27 07:46:28.231,9.27146,9.27354,1.00,1.00
2015.11.27 07:46:28.282,9.27126,9.27327,1.00,1.00
2015.11.27 07:46:28.332,9.27121,9.27327,1.00,1.00
2015.11.27 07:46:28.600,9.27125,9.27327,1.00,1.00
2015.11.27 07:46:28.702,9.27145,9.27353,1.00,1.00
2015.11.27 07:46:28.804,9.27133,9.27341,1.00,1.00
2015.11.27 07:46:29.165,9.27121,9.27321,1.00,1.00
2015.11.27 07:46:29.508,9.27133,9.27341,1.00,1.00
2015.11.27 07:46:29.660,9.27121,9.27328,1.00,1.00
2015.11.27 07:46:31.772,9.27121,9.27316,1.00,1.00
2015.11.27 07:46:35.181,9.27136,9.27346,1.00,1.10
2015.11.27 07:46:35.232,9.27136,9.27329,1.00,1.00
2015.11.27 07:46:35.536,9.27121,9.27309,1.00,1.00
2015.11.27 07:46:35.945,9.27125,9.27328,1.00,1.00
2015.11.27 07:46:35.996,9.27121,9.27308,1.00,1.00
2015.11.27 07:46:36.097,9.27125,9.27333,1.00,1.00
2015.11.27 07:46:36.148,9.27125,9.27327,1.00,1.00
2015.11.27 07:46:36.466,9.27121,9.27306,1.00,1.00
2015.11.27 07:46:36.517,9.27137,9.27345,1.00,1.00
2015.11.27 07:46:36.742,9.27133,9.27341,1.00,1.00
2015.11.27 07:46:37.013,9.27144,9.27354,1.00,1.00
2015.11.27 07:46:39.216,9.27128,9.27338,1.00,1.00
2015.11.27 07:46:39.622,9.27142,9.2735,1.00,1.00
2015.11.27 07:46:41.936,9.27161,9.27369,1.00,1.00
2015.11.27 07:46:42.240,9.27189,9.27392,1.00,1.00
2015.11.27 07:46:42.290,9.27164,9.27372,1.00,1.00
2015.11.27 07:46:43.423,9.2715,9.27358,1.07,1.00
2015.11.27 07:46:43.626,9.27153,9.27358,1.00,1.00
2015.11.27 07:46:44.132,9.27153,9.27344,1.00,1.00
2015.11.27 07:46:44.901,9.27154,9.27362,1.00,1.00
2015.11.27 07:46:44.952,9.27154,9.27358,1.00,1.00
2015.11.27 07:46:45.260,9.27153,9.27338,1.00,1.00
2015.11.27 07:46:45.416,9.27161,9.27361,1.00,1.00
2015.11.27 07:46:45.467,9.27161,9.27351,1.00,1.00
2015.11.27 07:46:45.804,9.27161,9.27332,1.00,1.00
2015.11.27 07:46:52.066,9.27122,9.27332,1.00,1.00
2015.11.27 07:46:52.826,9.27116,9.27318,1.00,1.00
2015.11.27 07:46:52.877,9.2711,9.27318,1.00,1.00
2015.11.27 07:46:53.498,9.27146,9.27318,1.00,1.00
2015.11.27 07:47:05.652,9.27146,9.27321,1.00,1.00
2015.11.27 07:47:10.564,9.27146,9.27308,1.00,1.00
2015.11.27 07:47:13.681,9.27146,9.27322,1.00,1.00
2015.11.27 07:47:25.612,9.27146,9.27319,1.00,1.00
2015.11.27 07:47:46.324,9.27114,9.27319,1.00,1.00
2015.11.27 07:47:46.375,9.27199,9.27384,1.00,1.87
2015.11.27 07:47:46.476,9.27176,9.2736,1.00,1.00
2015.11.27 07:47:46.578,9.27212,9.27384,1.00,1.50
2015.11.27 07:47:46.679,9.27196,9.27384,1.00,1.50
2015.11.27 07:47:46.781,9.2715,9.27358,1.00,1.00
2015.11.27 07:47:47.285,9.27141,9.27346,1.00,1.00
2015.11.27 07:47:48.349,9.2715,9.27358,1.00,1.00
2015.11.27 07:47:48.876,9.27169,9.27377,1.00,1.00
2015.11.27 07:47:49.179,9.27198,9.27408,1.00,1.07
2015.11.27 07:47:49.230,9.27198,9.27408,1.00,1.07
2015.11.27 07:47:49.508,9.27198,9.27408,1.00,1.00
2015.11.27 07:47:50.051,9.27213,9.27421,1.00,1.00
2015.11.27 07:48:05.711,9.27211,9.27419,1.00,1.00
2015.11.27 07:48:11.449,9.27211,9.27419,1.00,1.37
2015.11.27 07:48:13.023,9.27199,9.27407,1.00,1.00
2015.11.27 07:48:13.649,9.27199,9.27407,1.00,1.37
2015.11.27 07:48:25.602,9.27204,9.27412,1.00,1.50
2015.11.27 07:48:34.006,9.27222,9.27414,1.00,1.75
2015.11.27 07:48:34.058,9.27208,9.27414,1.00,1.75
2015.11.27 07:48:35.212,9.27208,9.27416,1.00,1.00
2015.11.27 07:48:35.427,9.27229,9.27434,1.00,1.37
2015.11.27 07:48:36.316,9.27229,9.27434,1.00,1.07
2015.11.27 07:48:38.948,9.27248,9.27444,1.00,1.00
2015.11.27 07:48:39.570,9.27248,9.27449,1.00,1.07
2015.11.27 07:48:39.722,9.27248,9.27456,1.00,1.00
2015.11.27 07:48:39.773,9.27266,9.27474,1.00,2.25
2015.11.27 07:48:40.079,9.27278,9.27486,1.00,1.00
2015.11.27 07:48:40.643,9.27293,9.27501,1.00,1.07
2015.11.27 07:48:40.744,9.27293,9.27501,1.00,1.00
2015.11.27 07:48:41.368,9.27305,9.27513,1.00,1.00
2015.11.27 07:48:44.450,9.27291,9.27499,1.00,1.00
2015.11.27 07:48:45.638,9.27295,9.27503,1.00,1.00
2015.11.27 07:48:47.780,9.2731,9.27518,1.00,1.00
2015.11.27 07:48:48.420,9.2731,9.27518,1.00,1.07
2015.11.27 07:48:48.664,9.2729,9.27498,1.00,1.00
2015.11.27 07:48:48.766,9.2727,9.2745,1.00,1.00
2015.11.27 07:48:48.817,9.27265,9.2745,1.00,1.00
2015.11.27 07:48:50.470,9.27266,9.2747,1.00,1.00
2015.11.27 07:48:50.707,9.27266,9.27474,1.00,1.00
2015.11.27 07:48:51.705,9.2728,9.27488,1.00,1.00
2015.11.27 07:48:54.458,9.27268,9.27476,1.00,1.00
2015.11.27 07:48:54.888,9.27284,9.27492,1.00,1.00
2015.11.27 07:48:55.491,9.27269,9.27477,1.00,1.00
2015.11.27 07:48:55.832,9.27284,9.27492,1.00,1.00
2015.11.27 07:48:57.398,9.27265,9.27473,1.00,1.00
2015.11.27 07:48:57.910,9.27265,9.27456,1.00,1.00
2015.11.27 07:49:11.020,9.27265,9.27442,1.00,1.00
2015.11.27 07:49:17.049,9.27265,9.27436,1.00,1.00
2015.11.27 07:49:17.558,9.27265,9.27417,1.00,1.00
2015.11.27 07:49:17.867,9.27265,9.27401,1.00,1.00
2015.11.27 07:49:19.181,9.27246,9.27401,1.00,1.00
2015.11.27 07:49:19.232,9.27246,9.27422,1.00,1.00
2015.11.27 07:49:19.283,9.27246,9.27418,1.00,1.00
2015.11.27 07:49:19.622,9.27246,9.27414,1.00,1.00
2015.11.27 07:49:20.022,9.27246,9.27401,1.00,1.00
2015.11.27 07:49:20.711,9.27246,9.27426,1.00,1.00
2015.11.27 07:49:21.578,9.27266,9.27426,1.00,1.00
2015.11.27 07:49:21.730,9.27266,9.27456,1.00,1.00
2015.11.27 07:49:21.832,9.27266,9.27444,1.00,1.00
2015.11.27 07:49:25.620,9.27266,9.27433,1.00,1.00
2015.11.27 07:49:39.228,9.27266,9.27447,1.00,1.00
2015.11.27 07:49:39.463,9.27266,9.2746,1.00,1.00
2015.11.27 07:49:39.759,9.27278,9.27486,1.00,1.00
2015.11.27 07:49:40.717,9.27278,9.27472,1.00,1.00
2015.11.27 07:49:40.868,9.27266,9.27464,1.00,1.00
2015.11.27 07:49:41.067,9.27266,9.27452,1.00,1.00
2015.11.27 07:49:45.644,9.27266,9.2745,1.00,1.00
2015.11.27 07:49:46.989,9.27266,9.27438,1.00,1.00
2015.11.27 07:49:47.191,9.27266,9.27467,1.00,1.00
2015.11.27 07:49:47.242,9.27266,9.27455,1.00,1.00
2015.11.27 07:49:47.671,9.27266,9.27435,1.00,1.00
2015.11.27 07:49:48.304,9.27266,9.27453,1.00,1.00
2015.11.27 07:49:48.355,9.27266,9.2745,1.00,1.00
2015.11.27 07:49:48.683,9.27266,9.27453,1.00,1.00
2015.11.27 07:49:50.015,9.27266,9.27432,1.00,1.00
2015.11.27 07:49:51.517,9.27266,9.27459,1.00,1.00
2015.11.27 07:49:51.979,9.27266,9.27439,1.00,1.00
2015.11.27 07:49:52.723,9.27266,9.27448,1.00,1.00
2015.11.27 07:49:52.897,9.27266,9.27428,1.00,1.00
2015.11.27 07:49:58.738,9.27266,9.27412,1.00,1.00
2015.11.27 07:50:02.878,9.27266,9.27458,1.00,1.00
2015.11.27 07:50:02.979,9.27266,9.27435,1.00,1.00
2015.11.27 07:50:03.470,9.27266,9.27427,1.00,1.00
2015.11.27 07:50:06.170,9.27266,9.27467,1.00,1.00
2015.11.27 07:50:06.271,9.27266,9.27445,1.00,1.00
2015.11.27 07:50:06.709,9.27266,9.27431,1.00,1.00
2015.11.27 07:50:07.372,9.27266,9.27452,1.00,1.00
2015.11.27 07:50:07.846,9.27266,9.27413,1.00,1.00
2015.11.27 07:50:08.150,9.27266,9.27434,1.00,1.00
2015.11.27 07:50:08.201,9.27266,9.27443,1.00,1.00
2015.11.27 07:50:09.184,9.27266,9.27412,1.00,1.00
2015.11.27 07:50:17.327,9.27204,9.27412,1.00,1.00
2015.11.27 07:50:17.378,9.27192,9.27399,1.00,1.00
2015.11.27 07:50:17.682,9.27226,9.27411,1.00,1.00
2015.11.27 07:50:18.670,9.27226,9.27398,1.00,1.00
2015.11.27 07:50:23.718,9.2723,9.27438,1.00,1.00
2015.11.27 07:50:23.819,9.27226,9.27404,1.00,1.00
2015.11.27 07:50:24.215,9.27226,9.27432,1.00,1.00
2015.11.27 07:50:24.316,9.27226,9.27399,1.00,1.00
2015.11.27 07:50:30.460,9.2723,9.27438,1.00,1.00
2015.11.27 07:50:40.455,9.27226,9.27408,1.00,1.00
2015.11.27 07:50:44.067,9.272,9.27408,1.00,1.00
2015.11.27 07:50:44.168,9.27188,9.27396,1.00,1.00
2015.11.27 07:50:44.472,9.27156,9.27364,1.00,1.00
2015.11.27 07:50:44.825,9.27136,9.2732,1.00,1.00
2015.11.27 07:50:44.876,9.2711,9.2732,1.00,1.00
2015.11.27 07:50:44.977,9.27129,9.2732,1.00,1.00
2015.11.27 07:50:45.422,9.27169,9.2732,1.00,1.00
2015.11.27 07:50:45.591,9.2711,9.2732,1.00,1.00
2015.11.27 07:50:45.643,9.2712,9.27328,1.00,1.00
2015.11.27 07:50:45.946,9.27104,9.27312,1.00,1.00
2015.11.27 07:50:46.412,9.27156,9.27312,1.00,1.00
2015.11.27 07:50:53.146,9.27156,9.27332,1.00,1.00
2015.11.27 07:50:53.197,9.27156,9.27344,1.00,1.00
2015.11.27 07:50:53.248,9.27156,9.27314,1.00,1.00
2015.11.27 07:50:54.643,9.27156,9.27334,1.00,1.00
2015.11.27 07:50:54.694,9.27156,9.27351,1.00,1.00
2015.11.27 07:50:54.745,9.27156,9.2731,1.00,1.00
2015.11.27 07:51:05.718,9.27156,9.27302,1.00,1.00
2015.11.27 07:51:16.333,9.27156,9.27321,1.00,1.00
2015.11.27 07:51:16.384,9.27147,9.27321,1.00,1.00
2015.11.27 07:51:16.485,9.27181,9.27321,1.00,1.00
2015.11.27 07:51:18.206,9.27163,9.27321,1.00,1.00
2015.11.27 07:51:18.482,9.272,9.27321,1.00,1.00
2015.11.27 07:51:20.957,9.272,9.27341,1.00,1.00
2015.11.27 07:51:21.058,9.272,9.27358,1.00,1.00
2015.11.27 07:51:21.443,9.272,9.2732,1.00,1.00
2015.11.27 07:51:22.662,9.272,9.2734,1.00,1.00
2015.11.27 07:51:22.714,9.272,9.27358,1.00,1.00
2015.11.27 07:51:25.024,9.272,9.27349,1.00,1.00
2015.11.27 07:51:25.619,9.272,9.27358,1.00,1.00
2015.11.27 07:51:25.793,9.272,9.27348,1.00,1.00
2015.11.27 07:51:27.022,9.272,9.27341,1.00,1.00
2015.11.27 07:51:27.360,9.272,9.27321,1.00,1.00
2015.11.27 07:51:27.970,9.272,9.27359,1.00,1.00
2015.11.27 07:51:28.437,9.272,9.27349,1.00,1.00
2015.11.27 07:51:28.538,9.2718,9.27349,1.00,1.00
2015.11.27 07:51:28.640,9.2718,9.2732,1.00,1.00
2015.11.27 07:51:28.741,9.2718,9.27346,1.00,1.00
2015.11.27 07:51:29.019,9.2718,9.27338,1.00,1.00
2015.11.27 07:51:29.326,9.2718,9.27318,1.00,1.00
2015.11.27 07:51:31.176,9.2718,9.27344,1.00,1.00
2015.11.27 07:51:31.277,9.2718,9.27325,1.00,1.00
2015.11.27 07:51:32.188,9.2718,9.27345,1.00,1.00
2015.11.27 07:51:32.291,9.2718,9.27325,1.00,1.00
2015.11.27 07:51:33.252,9.2718,9.2735,1.00,1.00
2015.11.27 07:51:33.353,9.2718,9.27324,1.00,1.00
2015.11.27 07:51:37.631,9.2718,9.27345,1.00,1.00
2015.11.27 07:51:37.682,9.2718,9.27325,1.00,1.00
2015.11.27 07:51:48.411,9.2718,9.27358,1.00,1.00
2015.11.27 07:51:49.423,9.2718,9.27342,1.00,1.00
2015.11.27 07:51:54.687,9.2718,9.27341,1.00,1.00
2015.11.27 07:51:54.991,9.2718,9.27321,1.00,1.00
2015.11.27 07:51:55.042,9.2718,9.27334,1.00,1.00
2015.11.27 07:51:55.725,9.2718,9.27349,1.00,1.00
2015.11.27 07:51:56.722,9.2718,9.27318,1.00,1.00
2015.11.27 07:52:00.698,9.2718,9.27306,1.00,1.00
2015.11.27 07:52:00.950,9.2718,9.27334,1.00,1.00
2015.11.27 07:52:01.051,9.2718,9.27315,1.00,1.00
2015.11.27 07:52:02.954,9.2718,9.27328,1.00,1.00
2015.11.27 07:52:05.659,9.2718,9.27323,1.00,1.00
2015.11.27 07:52:22.166,9.2718,9.27341,1.00,1.00
2015.11.27 07:52:22.221,9.2718,9.27322,1.00,1.00
2015.11.27 07:52:28.802,9.27114,9.27322,1.75,1.00
2015.11.27 07:52:29.404,9.27114,9.27322,1.07,1.00
2015.11.27 07:52:29.855,9.27126,9.27322,1.00,1.00
2015.11.27 07:52:29.906,9.27141,9.27349,1.00,1.00
2015.11.27 07:52:30.007,9.27126,9.27323,1.00,1.00
2015.11.27 07:52:30.595,9.27116,9.27323,1.07,1.00
2015.11.27 07:52:30.905,9.27116,9.27323,1.00,1.00
2015.11.27 07:52:34.386,9.27116,9.27323,1.07,1.00
2015.11.27 07:52:42.615,9.27125,9.27323,1.00,1.00
2015.11.27 07:52:42.767,9.27145,9.27355,1.00,1.00
2015.11.27 07:52:42.886,9.27145,9.2734,1.00,1.00
2015.11.27 07:52:43.039,9.27141,9.27349,1.00,1.00
2015.11.27 07:52:43.191,9.27141,9.2734,1.00,1.00
2015.11.27 07:52:43.500,9.27116,9.27321,1.07,1.00
2015.11.27 07:52:44.742,9.27142,9.27349,1.00,1.00
2015.11.27 07:52:44.912,9.27122,9.27324,1.07,1.00
2015.11.27 07:52:45.334,9.27126,9.27324,1.00,1.00
2015.11.27 07:52:45.540,9.27146,9.27354,1.00,1.00
2015.11.27 07:52:45.875,9.27146,9.2735,1.00,1.00
2015.11.27 07:52:46.333,9.27111,9.27319,1.37,1.00
2015.11.27 07:52:47.547,9.27136,9.27344,1.00,1.00
2015.11.27 07:52:47.822,9.27116,9.27324,1.57,1.00
2015.11.27 07:52:48.835,9.27135,9.27343,1.00,1.50
2015.11.27 07:52:48.886,9.27116,9.27324,1.07,1.00
2015.11.27 07:52:49.295,9.27126,9.27324,1.00,1.00
2015.11.27 07:52:50.284,9.27114,9.27324,1.07,1.00
2015.11.27 07:53:05.696,9.27121,9.27329,1.07,1.00
2015.11.27 07:53:18.052,9.27121,9.27329,1.37,1.00
2015.11.27 07:53:20.052,9.27121,9.27329,1.07,1.00
2015.11.27 07:53:21.482,9.27121,9.27329,1.07,1.00
2015.11.27 07:53:25.549,9.2712,9.27328,1.07,1.00
2015.11.27 07:53:35.180,9.27138,9.27346,1.00,1.00
2015.11.27 07:53:35.428,9.27121,9.27331,1.07,1.00
2015.11.27 07:53:36.988,9.27145,9.27336,1.00,1.00
2015.11.27 07:53:37.089,9.27124,9.27321,1.07,1.00
2015.11.27 07:53:39.273,9.27115,9.27321,1.00,1.00
2015.11.27 07:53:39.563,9.27113,9.27321,1.00,1.00
2015.11.27 07:53:40.349,9.27126,9.27321,1.00,1.00
2015.11.27 07:53:40.782,9.27116,9.27321,1.00,1.00
2015.11.27 07:53:41.606,9.27125,9.27333,1.00,1.00
2015.11.27 07:53:42.240,9.27126,9.27333,1.00,1.00
2015.11.27 07:53:42.742,9.27125,9.27333,1.00,1.00
2015.11.27 07:53:45.598,9.27119,9.27327,1.00,1.00
2015.11.27 07:53:52.084,9.27137,9.27345,1.00,1.00
2015.11.27 07:53:52.478,9.27119,9.27327,1.00,1.00
2015.11.27 07:54:05.282,9.27132,9.27342,1.00,1.07
2015.11.27 07:54:05.508,9.27108,9.27316,1.00,1.00
2015.11.27 07:54:05.650,9.27115,9.27323,1.00,1.00
2015.11.27 07:54:06.090,9.27165,9.27323,1.00,1.00
2015.11.27 07:54:09.711,9.27146,9.27323,1.00,1.00
2015.11.27 07:54:10.831,9.27139,9.27323,1.00,1.00
2015.11.27 07:54:10.882,9.27205,9.27343,1.00,1.00
2015.11.27 07:54:10.933,9.27205,9.27401,1.00,1.75
2015.11.27 07:54:10.984,9.27185,9.27366,1.00,1.00
2015.11.27 07:54:11.035,9.27176,9.27366,1.00,1.00
2015.11.27 07:54:11.086,9.272,9.27386,1.00,1.75
2015.11.27 07:54:11.187,9.27181,9.27349,1.00,1.00
2015.11.27 07:54:11.238,9.27172,9.27349,1.00,1.00
2015.11.27 07:54:11.289,9.27152,9.27327,1.00,1.00
2015.11.27 07:54:11.508,9.27146,9.27327,1.00,1.00
2015.11.27 07:54:15.564,9.27127,9.27327,1.00,1.00
2015.11.27 07:54:15.615,9.27205,9.27349,1.00,1.00
2015.11.27 07:54:15.716,9.27176,9.2738,1.00,1.10
2015.11.27 07:54:15.818,9.27202,9.27394,1.00,2.25
2015.11.27 07:54:15.919,9.27178,9.27386,1.00,1.10
2015.11.27 07:54:16.021,9.27166,9.27374,1.00,1.00
2015.11.27 07:54:16.353,9.2715,9.27358,1.00,1.00
2015.11.27 07:54:18.022,9.27161,9.27358,1.00,1.00
2015.11.27 07:54:18.325,9.27215,9.27404,1.00,1.12
2015.11.27 07:54:18.427,9.27203,9.27404,1.00,1.12
2015.11.27 07:54:18.528,9.27176,9.27384,1.00,1.07
2015.11.27 07:54:18.730,9.27161,9.27371,1.00,1.00
2015.11.27 07:54:20.027,9.27165,9.27371,1.00,1.00
2015.11.27 07:54:20.426,9.27212,9.27404,1.00,1.07
2015.11.27 07:54:20.530,9.2718,9.27388,1.00,1.00
2015.11.27 07:54:20.689,9.2718,9.27388,1.00,1.07
2015.11.27 07:54:25.600,9.27171,9.27379,1.00,1.00
2015.11.27 07:54:26.447,9.27153,9.27361,1.00,1.00
2015.11.27 07:54:28.122,9.27153,9.27361,1.00,1.07
2015.11.27 07:54:31.829,9.27176,9.27381,1.00,1.37
2015.11.27 07:54:32.046,9.27156,9.27354,1.00,1.00
2015.11.27 07:54:32.236,9.27146,9.27354,1.50,1.00
2015.11.27 07:54:34.813,9.27146,9.27354,1.50,1.07
2015.11.27 07:54:37.153,9.27169,9.27374,1.00,1.75
2015.11.27 07:54:37.255,9.27149,9.27355,1.00,1.07
2015.11.27 07:54:37.306,9.27146,9.27355,1.00,1.07
2015.11.27 07:54:37.356,9.27146,9.27355,1.00,1.37
2015.11.27 07:54:38.436,9.27171,9.27374,1.00,1.75
2015.11.27 07:54:38.487,9.27171,9.27381,1.00,1.37
2015.11.27 07:54:38.538,9.27152,9.27356,1.00,1.00
2015.11.27 07:54:38.589,9.27148,9.27356,1.00,1.00
2015.11.27 07:54:43.666,9.27171,9.27376,1.00,1.07
2015.11.27 07:54:43.767,9.27152,9.27359,1.00,1.00
2015.11.27 07:54:44.268,9.27151,9.27359,1.00,1.00
2015.11.27 07:54:45.725,9.27151,9.27361,1.00,1.00
2015.11.27 07:54:49.213,9.2718,9.27385,1.00,1.37
2015.11.27 07:54:49.264,9.2718,9.27385,1.00,1.00
2015.11.27 07:54:49.366,9.2718,9.27388,1.00,1.00
2015.11.27 07:54:49.568,9.27201,9.27384,1.00,1.00
2015.11.27 07:54:50.076,9.27201,9.27394,1.00,1.00
2015.11.27 07:54:50.579,9.27191,9.27394,1.00,1.00
2015.11.27 07:54:50.630,9.27191,9.27397,1.00,1.00
2015.11.27 07:54:50.681,9.27191,9.27385,1.00,1.00
2015.11.27 07:54:51.216,9.27191,9.27374,1.00,1.00
2015.11.27 07:54:51.628,9.27177,9.27374,1.00,1.50
2015.11.27 07:54:51.843,9.27177,9.27365,1.00,1.00
2015.11.27 07:54:51.894,9.27157,9.27362,1.00,1.00
2015.11.27 07:54:52.618,9.27154,9.27354,1.00,1.00
2015.11.27 07:54:52.930,9.27148,9.27354,1.00,1.00
2015.11.27 07:54:53.909,9.27142,9.27339,1.00,1.00
2015.11.27 07:54:53.960,9.27131,9.27339,1.50,1.00
2015.11.27 07:54:54.011,9.27116,9.27324,2.25,1.00
2015.11.27 07:54:54.323,9.27116,9.27312,1.50,1.00
2015.11.27 07:54:54.603,9.27104,9.27312,1.00,1.00
2015.11.27 07:54:55.709,9.27083,9.27286,1.00,1.00
2015.11.27 07:54:55.760,9.27078,9.27286,1.00,1.00
2015.11.27 07:54:55.912,9.27066,9.27273,1.50,1.00
2015.11.27 07:54:56.248,9.27066,9.27268,1.50,1.00
2015.11.27 07:54:56.561,9.2706,9.27268,1.00,1.00
2015.11.27 07:54:56.913,9.27095,9.27288,1.00,1.00
2015.11.27 07:54:56.964,9.27095,9.27303,1.00,1.00
2015.11.27 07:54:57.015,9.27075,9.27277,1.00,1.00
2015.11.27 07:54:57.066,9.27069,9.27277,1.00,1.00
2015.11.27 07:54:57.436,9.27095,9.27297,1.00,1.00
2015.11.27 07:54:57.589,9.27064,9.27272,1.00,1.00
2015.11.27 07:55:02.380,9.27066,9.27274,1.00,1.00
2015.11.27 07:55:03.391,9.27066,9.2724,1.00,1.00
2015.11.27 07:55:03.635,9.26965,9.27166,1.12,1.00
2015.11.27 07:55:03.787,9.26958,9.27166,1.00,1.00
2015.11.27 07:55:04.667,9.27008,9.27216,1.00,1.00
2015.11.27 07:55:05.644,9.2701,9.27218,1.00,1.00
2015.11.27 07:55:06.856,9.26997,9.27205,1.00,1.00
2015.11.27 07:55:07.197,9.26971,9.27179,1.00,1.00
2015.11.27 07:55:07.867,9.26971,9.27153,1.00,2.89
2015.11.27 07:55:08.213,9.26915,9.27123,1.00,1.00
2015.11.27 07:55:09.135,9.26894,9.27088,1.00,1.00
2015.11.27 07:55:09.186,9.2688,9.27088,1.00,1.00
2015.11.27 07:55:09.925,9.26867,9.27075,1.00,1.00
2015.11.27 07:55:10.229,9.26839,9.27047,1.00,1.00
2015.11.27 07:55:11.085,9.26839,9.27044,1.00,1.50
2015.11.27 07:55:11.187,9.26806,9.27014,1.00,1.00
2015.11.27 07:55:12.189,9.26777,9.26985,1.00,1.00
2015.11.27 07:55:12.775,9.26788,9.26985,1.00,1.00
2015.11.27 07:55:13.079,9.26945,9.27147,1.00,1.75
2015.11.27 07:55:13.130,9.26925,9.2713,1.00,1.75
2015.11.27 07:55:13.232,9.26902,9.27048,1.00,1.00
2015.11.27 07:55:13.333,9.26819,9.27015,1.00,1.00
2015.11.27 07:55:13.384,9.26807,9.27015,1.00,1.00
2015.11.27 07:55:13.600,9.26793,9.27003,1.00,1.00
2015.11.27 07:55:14.179,9.26781,9.26991,1.00,1.00
2015.11.27 07:55:15.433,9.26765,9.26973,1.00,1.00
2015.11.27 07:55:15.882,9.2678,9.26987,1.00,1.00
2015.11.27 07:55:16.264,9.2681,9.26988,1.00,1.00
2015.11.27 07:55:16.471,9.26842,9.2705,1.00,1.50
2015.11.27 07:55:16.522,9.26842,9.2705,1.00,1.07
2015.11.27 07:55:16.573,9.26874,9.27071,1.00,1.50
2015.11.27 07:55:16.885,9.26889,9.27091,1.00,1.75
2015.11.27 07:55:16.936,9.26875,9.27083,1.00,1.75
2015.11.27 07:55:17.138,9.26888,9.27096,1.00,1.75
2015.11.27 07:55:17.189,9.26888,9.27096,1.00,1.00
2015.11.27 07:55:17.543,9.26888,9.27096,1.00,1.07
2015.11.27 07:55:18.310,9.26888,9.27096,1.00,1.00
2015.11.27 07:55:19.145,9.26902,9.27106,1.00,1.00
2015.11.27 07:55:19.512,9.26902,9.27079,1.00,1.00
2015.11.27 07:55:19.817,9.26902,9.27059,1.00,1.00
2015.11.27 07:55:20.432,9.26902,9.2711,1.00,1.00
2015.11.27 07:55:20.629,9.26921,9.27129,1.00,1.00
2015.11.27 07:55:20.956,9.26921,9.27099,1.00,1.00
2015.11.27 07:55:26.670,9.2694,9.27099,1.00,1.00
2015.11.27 07:55:29.525,9.26927,9.27099,1.00,1.00
2015.11.27 07:55:32.094,9.26927,9.27133,1.00,1.00
2015.11.27 07:55:32.326,9.26946,9.27154,1.00,1.00
2015.11.27 07:55:32.377,9.26946,9.27149,1.00,1.00
2015.11.27 07:55:32.428,9.2692,9.2713,1.00,1.00
2015.11.27 07:55:35.707,9.2692,9.27111,1.00,1.00
2015.11.27 07:55:36.515,9.2692,9.2713,1.00,1.00
2015.11.27 07:55:36.667,9.2692,9.27115,1.00,1.00
2015.11.27 07:55:36.718,9.26886,9.27094,1.00,1.00
2015.11.27 07:55:36.769,9.2689,9.27094,1.00,1.00
2015.11.27 07:55:36.820,9.26909,9.27119,1.00,1.00
2015.11.27 07:55:39.192,9.2689,9.27097,1.00,1.00
2015.11.27 07:55:39.247,9.26913,9.27121,1.00,1.00
2015.11.27 07:55:41.585,9.26913,9.27107,1.00,1.00
2015.11.27 07:55:41.636,9.26879,9.27087,1.00,1.00
2015.11.27 07:55:41.737,9.26898,9.27108,1.00,1.00
2015.11.27 07:55:42.000,9.26898,9.271,1.00,1.00
2015.11.27 07:55:42.050,9.26872,9.2708,1.00,1.00
2015.11.27 07:55:43.259,9.26884,9.27092,1.00,1.00
2015.11.27 07:55:44.239,9.26872,9.2708,1.00,1.00
2015.11.27 07:55:45.666,9.26881,9.27089,1.00,1.00
2015.11.27 07:55:46.117,9.26885,9.27089,1.00,1.00
2015.11.27 07:55:46.445,9.26904,9.27107,1.00,2.89
2015.11.27 07:55:52.022,9.26904,9.27102,1.00,2.89
2015.11.27 07:55:52.899,9.26893,9.27101,1.00,1.00
2015.11.27 07:56:05.599,9.26896,9.27102,1.00,2.89
2015.11.27 07:56:12.451,9.26884,9.27092,1.00,1.00
2015.11.27 07:56:13.032,9.26884,9.27089,1.00,2.89
2015.11.27 07:56:13.342,9.26884,9.27064,1.00,1.00
2015.11.27 07:56:13.443,9.26869,9.27064,1.00,1.00
2015.11.27 07:56:22.582,9.26869,9.27077,1.00,1.00
2015.11.27 07:56:23.086,9.26886,9.27096,1.00,1.00
2015.11.27 07:56:23.136,9.26886,9.27093,1.00,2.89
2015.11.27 07:56:27.811,9.26886,9.27094,1.00,1.50
2015.11.27 07:56:27.862,9.26872,9.27082,1.00,1.00
2015.11.27 07:56:33.512,9.26872,9.27064,1.00,1.50
2015.11.27 07:56:33.613,9.2686,9.27064,1.00,1.50
2015.11.27 07:56:36.544,9.2686,9.2707,1.00,1.00
2015.11.27 07:56:42.481,9.2686,9.27064,1.00,1.50
2015.11.27 07:56:45.709,9.26859,9.27064,1.00,1.50
2015.11.27 07:56:48.577,9.26859,9.27054,1.00,1.50
2015.11.27 07:56:49.537,9.26836,9.27038,1.00,1.00
2015.11.27 07:56:49.588,9.26849,9.27057,1.00,1.00
2015.11.27 07:56:49.690,9.26862,9.2707,1.00,1.00
2015.11.27 07:56:53.697,9.2685,9.27058,1.00,1.00
2015.11.27 07:57:00.621,9.26867,9.27075,1.00,1.00
2015.11.27 07:57:05.482,9.26867,9.27074,1.00,1.50
2015.11.27 07:57:05.632,9.26859,9.27067,1.00,1.00
2015.11.27 07:57:25.677,9.26861,9.27069,1.00,1.00
2015.11.27 07:57:33.217,9.26843,9.27051,1.00,1.00
2015.11.27 07:57:33.520,9.26865,9.27073,1.00,1.00
2015.11.27 07:57:45.693,9.26857,9.27065,1.00,1.00
2015.11.27 07:57:56.759,9.26841,9.27049,1.00,1.00
2015.11.27 07:57:57.062,9.26863,9.27069,1.00,1.00
2015.11.27 07:57:57.113,9.26863,9.27071,1.00,1.00
2015.11.27 07:57:59.389,9.26849,9.27057,1.00,1.00
2015.11.27 07:57:59.726,9.26849,9.27057,1.37,1.00
2015.11.27 07:57:59.928,9.26849,9.27057,1.07,1.00
2015.11.27 07:58:00.437,9.26849,9.27057,1.07,1.00
2015.11.27 07:58:00.557,9.26849,9.27044,1.07,1.50
2015.11.27 07:58:00.879,9.26834,9.27042,1.37,1.00
2015.11.27 07:58:01.131,9.26834,9.27042,1.37,1.00
2015.11.27 07:58:01.698,9.26834,9.27042,1.37,1.00
2015.11.27 07:58:02.691,9.26834,9.27042,1.37,1.00
2015.11.27 07:58:03.022,9.26834,9.27042,1.75,1.00
2015.11.27 07:58:03.237,9.26834,9.27042,1.75,1.00
2015.11.27 07:58:03.882,9.26834,9.27042,1.75,1.00
2015.11.27 07:58:04.341,9.26836,9.27042,1.75,1.00
2015.11.27 07:58:04.442,9.26836,9.27042,1.75,1.00
2015.11.27 07:58:04.644,9.26834,9.27042,1.75,1.00
2015.11.27 07:58:05.444,9.26836,9.27042,1.37,1.00
2015.11.27 07:58:05.607,9.26844,9.27052,1.37,1.00
2015.11.27 07:58:05.658,9.26844,9.27052,1.37,1.00
2015.11.27 07:58:06.620,9.26844,9.27052,1.75,1.00
2015.11.27 07:58:07.211,9.26844,9.27052,1.75,1.00
2015.11.27 07:58:07.431,9.26844,9.27052,1.75,1.00
2015.11.27 07:58:08.198,9.26844,9.27052,1.37,1.00
2015.11.27 07:58:08.400,9.26844,9.27052,1.37,1.00
2015.11.27 07:58:09.373,9.26844,9.27052,1.75,1.00
2015.11.27 07:58:09.958,9.26844,9.27052,1.75,1.00
2015.11.27 07:58:10.285,9.26844,9.27052,1.75,1.00
2015.11.27 07:58:10.886,9.26858,9.27066,1.37,1.00
2015.11.27 07:58:10.944,9.26858,9.27066,1.07,1.00
2015.11.27 07:58:11.506,9.26858,9.27064,1.07,1.50
2015.11.27 07:58:11.814,9.26858,9.27064,1.07,1.50
2015.11.27 07:58:12.266,9.26858,9.27064,1.00,1.50
2015.11.27 07:58:12.699,9.26838,9.27033,1.37,1.00
2015.11.27 07:58:13.256,9.26825,9.27033,1.37,1.00
2015.11.27 07:58:14.224,9.26825,9.27033,1.37,1.00
2015.11.27 07:58:15.513,9.26837,9.27045,1.37,1.00
2015.11.27 07:58:16.833,9.26826,9.27032,1.37,1.00
2015.11.27 07:58:16.985,9.26836,9.27032,1.00,1.00
2015.11.27 07:58:17.086,9.26826,9.27032,1.00,1.00
2015.11.27 07:58:17.622,9.26815,9.2702,1.00,1.00
2015.11.27 07:58:18.286,9.26815,9.27019,1.00,1.00
2015.11.27 07:58:18.638,9.26836,9.27019,1.00,1.00
2015.11.27 07:58:18.989,9.26836,9.27005,1.00,1.00
2015.11.27 07:58:19.290,9.26836,9.26979,1.00,1.00
2015.11.27 07:58:20.317,9.26836,9.2702,1.00,1.00
2015.11.27 07:58:20.501,9.26824,9.27032,1.00,1.00
2015.11.27 07:58:20.653,9.26836,9.27044,1.00,1.00
2015.11.27 07:58:20.957,9.26858,9.27064,1.07,1.50
2015.11.27 07:58:21.369,9.26858,9.27064,1.00,1.50
2015.11.27 07:58:21.420,9.26838,9.27043,1.07,1.00
2015.11.27 07:58:21.522,9.26849,9.27057,1.00,1.00
2015.11.27 07:58:22.710,9.26849,9.27057,1.07,1.00
2015.11.27 07:58:23.129,9.26849,9.27057,1.00,1.00
2015.11.27 07:58:24.134,9.26849,9.27057,1.07,1.00
2015.11.27 07:58:24.441,9.26849,9.27057,1.75,1.00
2015.11.27 07:58:24.967,9.26849,9.27057,1.75,1.00
2015.11.27 07:58:25.502,9.26849,9.27057,1.75,1.00
2015.11.27 07:58:25.759,9.26858,9.27066,1.75,1.00
2015.11.27 07:58:25.911,9.26858,9.27066,1.75,1.00
2015.11.27 07:58:26.222,9.26858,9.27066,1.75,1.00
2015.11.27 07:58:26.873,9.26858,9.27066,1.75,1.00
2015.11.27 07:58:27.329,9.26858,9.27066,1.75,1.00
2015.11.27 07:58:27.676,9.26858,9.27066,1.75,1.00
2015.11.27 07:58:28.355,9.26858,9.27066,1.75,1.00
2015.11.27 07:58:28.960,9.26858,9.27066,1.75,1.00
2015.11.27 07:58:29.314,9.26858,9.27066,1.75,1.00
2015.11.27 07:58:29.415,9.26858,9.27066,1.75,1.00
2015.11.27 07:58:30.181,9.26858,9.27066,1.75,1.50
2015.11.27 07:58:30.333,9.26864,9.27072,1.75,1.00
2015.11.27 07:58:30.536,9.26864,9.27072,1.75,1.00
2015.11.27 07:58:30.739,9.26864,9.27072,1.75,1.00
2015.11.27 07:58:30.936,9.26864,9.27072,1.75,1.00
2015.11.27 07:58:31.741,9.26864,9.27072,1.75,1.00
2015.11.27 07:58:31.943,9.26864,9.27072,1.75,1.00
2015.11.27 07:58:32.145,9.26864,9.27072,1.75,1.00
2015.11.27 07:58:32.396,9.26864,9.27072,1.75,1.00
2015.11.27 07:58:33.129,9.26864,9.27072,1.75,1.00
2015.11.27 07:58:33.493,9.26864,9.27072,1.75,1.00
2015.11.27 07:58:34.490,9.26864,9.27072,1.75,1.00
2015.11.27 07:58:34.895,9.26864,9.27072,1.75,1.00
2015.11.27 07:58:35.141,9.26864,9.27072,1.75,1.00
2015.11.27 07:58:36.238,9.26864,9.27072,1.75,1.00
2015.11.27 07:58:36.445,9.26864,9.27072,1.75,1.00
2015.11.27 07:58:45.663,9.26867,9.27077,1.75,1.00
2015.11.27 07:58:46.910,9.26867,9.27077,1.75,1.00
2015.11.27 07:58:47.259,9.26867,9.27077,1.75,1.00
2015.11.27 07:58:47.649,9.26867,9.27077,1.37,1.00
2015.11.27 07:58:47.883,9.26867,9.27077,1.75,1.00
2015.11.27 07:58:48.649,9.26867,9.27077,1.75,1.00
2015.11.27 07:58:49.238,9.26867,9.27077,1.75,1.00
2015.11.27 07:58:49.440,9.26867,9.27077,1.75,1.00
2015.11.27 07:58:50.182,9.26867,9.27077,1.75,1.00
2015.11.27 07:58:50.441,9.26867,9.27077,1.37,1.00
2015.11.27 07:58:51.400,9.26867,9.27077,1.75,1.00
2015.11.27 07:58:51.939,9.26867,9.27077,1.75,1.00
2015.11.27 07:58:52.192,9.26867,9.27077,1.37,1.00
2015.11.27 07:58:52.928,9.26867,9.27077,1.37,1.00
2015.11.27 07:58:53.181,9.26867,9.27077,1.75,1.00
2015.11.27 07:58:54.516,9.26867,9.27074,1.75,1.50
2015.11.27 07:58:54.820,9.26854,9.27062,1.75,1.00
2015.11.27 07:58:55.124,9.26854,9.27062,1.75,1.00
2015.11.27 07:58:55.175,9.26854,9.27062,1.75,1.00
2015.11.27 07:58:55.277,9.26846,9.27045,1.75,1.00
2015.11.27 07:58:55.562,9.26856,9.27058,1.75,1.00
2015.11.27 07:58:55.737,9.26866,9.27074,1.37,2.25
2015.11.27 07:58:56.130,9.26866,9.27066,1.75,1.00
2015.11.27 07:58:56.441,9.26865,9.27073,1.75,1.00
2015.11.27 07:58:56.698,9.26865,9.27073,1.75,1.00
2015.11.27 07:58:56.900,9.26865,9.27063,1.75,1.00
2015.11.27 07:58:57.406,9.26854,9.27062,1.75,1.00
2015.11.27 07:58:57.890,9.26854,9.27062,1.75,1.00
2015.11.27 07:58:58.357,9.26854,9.27062,1.75,1.00
2015.11.27 07:58:58.460,9.26854,9.27062,1.75,1.00
2015.11.27 07:58:59.446,9.26854,9.27062,1.75,1.00
2015.11.27 07:58:59.729,9.26854,9.27062,1.37,1.00
2015.11.27 07:59:00.992,9.26854,9.27062,1.75,1.00
2015.11.27 07:59:01.447,9.26854,9.27062,1.75,1.00
2015.11.27 07:59:01.670,9.26854,9.27062,1.75,1.00
2015.11.27 07:59:02.530,9.26854,9.27062,1.75,1.00
2015.11.27 07:59:02.631,9.26854,9.27062,1.75,1.00
2015.11.27 07:59:02.953,9.26854,9.27062,1.75,1.00
2015.11.27 07:59:03.211,9.26854,9.27062,1.75,1.00
2015.11.27 07:59:03.996,9.26854,9.27062,1.75,1.00
2015.11.27 07:59:04.199,9.26854,9.27062,1.75,1.00
2015.11.27 07:59:04.379,9.26854,9.27062,1.75,1.00
2015.11.27 07:59:04.946,9.26854,9.27062,1.75,1.00
2015.11.27 07:59:05.680,9.26858,9.27066,1.75,1.00
2015.11.27 07:59:05.731,9.26858,9.27066,1.50,1.00
2015.11.27 07:59:05.948,9.26858,9.27066,1.75,1.00
2015.11.27 07:59:06.958,9.26858,9.27066,1.75,1.00
2015.11.27 07:59:07.490,9.26858,9.27066,1.75,1.00
2015.11.27 07:59:07.692,9.26858,9.27066,1.75,1.00
2015.11.27 07:59:08.589,9.26858,9.27066,1.75,1.00
2015.11.27 07:59:08.690,9.26858,9.27066,1.75,1.00
2015.11.27 07:59:09.215,9.26858,9.27066,1.75,1.00
2015.11.27 07:59:09.686,9.26858,9.27066,1.75,1.00
2015.11.27 07:59:10.221,9.26858,9.27066,1.75,1.00
2015.11.27 07:59:10.466,9.26858,9.27066,1.75,1.00
2015.11.27 07:59:10.689,9.26858,9.27066,1.75,1.00
2015.11.27 07:59:11.463,9.26858,9.27066,1.75,1.00
2015.11.27 07:59:11.795,9.26858,9.27066,1.75,1.00
2015.11.27 07:59:11.998,9.26858,9.27066,1.75,1.00
2015.11.27 07:59:12.200,9.26858,9.27066,1.75,1.00
2015.11.27 07:59:13.220,9.26858,9.27066,1.75,1.00
2015.11.27 07:59:13.447,9.26858,9.27066,1.75,1.00
2015.11.27 07:59:14.754,9.26858,9.27066,1.75,1.00
2015.11.27 07:59:15.175,9.26858,9.27066,1.75,1.00
2015.11.27 07:59:15.416,9.26858,9.27066,1.75,1.00
2015.11.27 07:59:16.177,9.26858,9.27066,1.75,1.00
2015.11.27 07:59:17.481,9.26858,9.27066,1.75,1.00
2015.11.27 07:59:18.632,9.26858,9.27066,1.75,1.00
2015.11.27 07:59:19.119,9.26858,9.27066,1.75,1.00
2015.11.27 07:59:19.487,9.26858,9.27066,1.75,1.00
2015.11.27 07:59:20.261,9.26858,9.27066,1.75,1.00
2015.11.27 07:59:20.667,9.26858,9.27066,1.75,1.00
2015.11.27 07:59:20.718,9.26842,9.2705,1.75,1.00
2015.11.27 07:59:20.921,9.26865,9.2707,1.75,1.00
2015.11.27 07:59:20.972,9.26865,9.27073,1.75,1.00
2015.11.27 07:59:21.167,9.26845,9.27045,1.75,1.00
2015.11.27 07:59:21.218,9.26851,9.27059,1.75,1.00
2015.11.27 07:59:21.909,9.26851,9.27059,1.75,1.00
2015.11.27 07:59:21.960,9.26863,9.27073,1.75,1.00
2015.11.27 07:59:22.213,9.26863,9.27073,1.37,1.00
2015.11.27 07:59:23.427,9.26863,9.27073,1.75,1.00
2015.11.27 07:59:23.968,9.26863,9.27073,1.75,1.00
2015.11.27 07:59:24.121,9.26867,9.27075,1.75,1.00
2015.11.27 07:59:24.425,9.26847,9.27049,1.75,1.00
2015.11.27 07:59:24.527,9.26858,9.27066,1.75,1.00
2015.11.27 07:59:24.973,9.26858,9.27066,1.75,1.00
2015.11.27 07:59:25.177,9.26858,9.27066,1.75,1.00
2015.11.27 07:59:25.431,9.26858,9.27066,1.75,1.00
2015.11.27 07:59:25.659,9.26861,9.27069,1.75,1.00
2015.11.27 07:59:26.165,9.26861,9.27069,1.75,1.00
2015.11.27 07:59:26.369,9.26871,9.27081,1.75,1.00
2015.11.27 07:59:26.711,9.26871,9.27081,1.75,1.00
2015.11.27 07:59:26.965,9.26859,9.27069,1.75,1.00
2015.11.27 07:59:27.968,9.26874,9.27082,1.75,1.00
2015.11.27 07:59:28.171,9.26862,9.2707,1.75,1.00
2015.11.27 07:59:28.707,9.26862,9.2707,1.75,1.00
2015.11.27 07:59:29.270,9.26862,9.2707,1.75,1.00
2015.11.27 07:59:29.473,9.26862,9.2707,1.37,1.00
2015.11.27 07:59:29.723,9.26862,9.2707,1.50,1.00
2015.11.27 07:59:30.154,9.26964,9.2709,1.00,1.00
2015.11.27 07:59:30.204,9.26964,9.27094,1.00,1.50
2015.11.27 07:59:30.357,9.26945,9.27094,1.00,1.50
2015.11.27 07:59:30.557,9.26954,9.27094,1.00,1.50
2015.11.27 07:59:30.608,9.26949,9.27124,1.00,1.50
2015.11.27 07:59:30.660,9.2693,9.26989,1.00,1.00
2015.11.27 07:59:30.980,9.26836,9.26955,1.75,1.00
2015.11.27 07:59:31.031,9.26836,9.26955,1.75,1.00
2015.11.27 07:59:31.233,9.26826,9.26955,1.75,1.00
2015.11.27 07:59:31.486,9.26816,9.26955,3.00,1.00
2015.11.27 07:59:31.588,9.26816,9.26938,1.75,1.00
2015.11.27 07:59:32.433,9.26836,9.26938,1.75,1.00
2015.11.27 07:59:32.686,9.26846,9.26938,1.37,1.00
2015.11.27 07:59:33.191,9.26826,9.26921,1.75,1.00
2015.11.27 07:59:34.192,9.26816,9.26921,1.75,1.00
2015.11.27 07:59:36.166,9.26816,9.26941,1.75,1.00
2015.11.27 07:59:36.217,9.26816,9.26985,1.75,1.00
2015.11.27 07:59:36.460,9.26816,9.27001,1.75,1.00
2015.11.27 07:59:36.612,9.26826,9.27001,1.75,1.00
2015.11.27 07:59:36.714,9.26826,9.27013,1.75,1.00
2015.11.27 07:59:36.765,9.26826,9.27013,1.75,1.00
2015.11.27 07:59:36.968,9.26805,9.27013,1.75,1.00
2015.11.27 07:59:37.424,9.26805,9.27013,1.75,1.00
2015.11.27 07:59:39.179,9.26816,9.27013,1.75,1.00
2015.11.27 07:59:39.956,9.26816,9.27013,1.75,1.00
2015.11.27 07:59:40.158,9.26826,9.27013,1.75,1.00
2015.11.27 07:59:41.260,9.26806,9.27013,1.75,1.00
2015.11.27 07:59:41.927,9.26816,9.27013,1.75,1.00
2015.11.27 07:59:42.314,9.26816,9.26998,1.75,1.00
2015.11.27 07:59:42.415,9.26816,9.27014,1.75,1.00
2015.11.27 07:59:42.658,9.26816,9.27014,1.75,1.00
2015.11.27 07:59:42.942,9.26816,9.27014,1.75,1.00
2015.11.27 07:59:43.094,9.26826,9.27034,2.25,1.50
2015.11.27 07:59:43.196,9.26948,9.27054,1.00,1.00
2015.11.27 07:59:43.247,9.26948,9.27084,1.00,1.50
2015.11.27 07:59:43.348,9.26948,9.27104,1.00,1.50
2015.11.27 07:59:43.399,9.26965,9.27104,1.00,1.50
2015.11.27 07:59:44.336,9.26965,9.27099,1.00,2.89
2015.11.27 07:59:44.582,9.26965,9.27102,1.00,1.00
2015.11.27 07:59:44.937,9.26981,9.27102,1.00,1.00
2015.11.27 07:59:45.311,9.26981,9.27104,1.00,1.50
2015.11.27 07:59:45.426,9.26981,9.27114,1.00,1.50
2015.11.27 07:59:45.718,9.26988,9.27114,1.00,1.50
2015.11.27 07:59:46.218,9.26971,9.27114,1.00,4.39
2015.11.27 07:59:46.529,9.26971,9.27096,1.00,2.89
2015.11.27 07:59:47.079,9.26971,9.27114,1.00,1.50
2015.11.27 07:59:47.327,9.26988,9.27099,1.00,2.89
2015.11.27 07:59:47.634,9.26988,9.27102,1.00,1.00
2015.11.27 07:59:48.517,9.26988,9.27114,1.00,4.39
2015.11.27 07:59:49.068,9.26988,9.27113,1.00,2.89
2015.11.27 07:59:50.498,9.26988,9.27114,1.00,1.50
2015.11.27 07:59:50.704,9.26988,9.27105,1.00,2.89
2015.11.27 07:59:50.949,9.26958,9.27105,1.00,2.89
2015.11.27 07:59:51.801,9.26958,9.27119,1.00,2.89
2015.11.27 07:59:52.128,9.26958,9.27099,1.00,2.89
2015.11.27 07:59:52.380,9.26958,9.27101,1.00,1.00
2015.11.27 07:59:53.319,9.26958,9.27114,1.00,2.89
2015.11.27 07:59:53.370,9.26958,9.27124,1.00,1.50
2015.11.27 07:59:53.825,9.26958,9.27105,1.00,2.89
2015.11.27 07:59:55.116,9.26938,9.27105,1.00,2.89
2015.11.27 07:59:55.167,9.26816,9.27105,2.25,2.89
2015.11.27 07:59:56.792,9.26806,9.27105,2.25,2.89
