2013.02.04 14:00:00.328,8.58094,8.5822,2.25,1.50
2013.02.04 14:00:00.458,8.58089,8.5821,2.18,1.50
2013.02.04 14:00:00.585,8.58102,8.58226,1.50,1.50
2013.02.04 14:00:00.705,8.58128,8.58226,2.18,1.50
2013.02.04 14:00:00.824,8.58128,8.58246,2.18,1.50
2013.02.04 14:00:01.005,8.58145,8.58246,1.95,1.50
2013.02.04 14:00:01.065,8.58145,8.58258,1.95,1.50
2013.02.04 14:00:02.505,8.58145,8.58258,1.95,1.65
2013.02.04 14:00:02.625,8.58145,8.58245,1.65,1.50
2013.02.04 14:00:02.927,8.58145,8.5823,1.65,1.50
2013.02.04 14:00:02.997,8.58145,8.58237,1.65,1.50
2013.02.04 14:00:03.715,8.58145,8.58262,1.65,1.50
2013.02.04 14:00:03.774,8.58145,8.58266,1.65,1.50
2013.02.04 14:00:03.895,8.5819,8.58298,2.48,1.50
2013.02.04 14:00:04.136,8.58188,8.58298,2.03,1.50
2013.02.04 14:00:04.465,8.58194,8.58298,1.13,1.50
2013.02.04 14:00:04.592,8.58228,8.58328,1.50,1.50
2013.02.04 14:00:04.895,8.58228,8.58343,1.50,1.50
2013.02.04 14:00:05.016,8.5823,8.58343,1.58,1.50
2013.02.04 14:00:05.379,8.5823,8.58276,1.95,1.50
2013.02.04 14:00:05.785,8.5823,8.58276,1.95,1.50
2013.02.04 14:00:07.058,8.5823,8.58319,1.95,1.50
2013.02.04 14:00:07.206,8.5823,8.5833,1.95,1.50
2013.02.04 14:00:09.795,8.5823,8.58338,2.10,1.50
2013.02.04 14:00:09.854,8.58239,8.58338,2.33,1.50
2013.02.04 14:00:10.155,8.5825,8.58338,2.10,1.50
2013.02.04 14:00:11.455,8.5825,8.58347,2.10,1.50
2013.02.04 14:00:14.805,8.58251,8.58347,2.70,1.50
2013.02.04 14:00:14.874,8.58251,8.58329,2.70,1.50
2013.02.04 14:00:14.935,8.58244,8.58329,2.55,1.50
2013.02.04 14:00:18.650,8.58229,8.58329,2.25,1.50
2013.02.04 14:00:19.465,8.58237,8.58329,1.50,1.50
2013.02.04 14:00:25.494,8.58237,8.58329,1.50,1.50
2013.02.04 14:00:25.614,8.58237,8.58337,1.50,1.50
2013.02.04 14:00:25.674,8.58245,8.58337,1.13,1.50
2013.02.04 14:00:25.794,8.58254,8.58346,1.13,1.50
2013.02.04 14:00:25.854,8.58287,8.58346,1.50,1.50
2013.02.04 14:00:25.914,8.58287,8.5838,1.50,1.50
2013.02.04 14:00:30.795,8.58287,8.5838,1.50,1.50
2013.02.04 14:00:38.815,8.58296,8.5838,2.03,1.50
2013.02.04 14:00:41.695,8.58302,8.5838,2.85,1.50
2013.02.04 14:00:41.754,8.58302,8.58388,2.85,1.50
2013.02.04 14:00:44.124,8.58302,8.58395,2.85,1.50
2013.02.04 14:00:46.738,8.58302,8.58379,2.85,1.50
2013.02.04 14:00:46.865,8.58295,8.58379,2.03,1.50
2013.02.04 14:00:52.785,8.58295,8.58388,2.03,1.50
2013.02.04 14:00:53.004,8.58295,8.58376,2.03,1.50
2013.02.04 14:00:53.365,8.58295,8.58386,2.03,1.50
2013.02.04 14:00:56.766,8.58295,8.58376,2.03,1.50
2013.02.04 14:00:57.606,8.58295,8.58387,2.03,1.50
2013.02.04 14:00:57.677,8.58302,8.58387,2.55,1.50
2013.02.04 14:00:57.914,8.58302,8.58395,2.55,1.50
2013.02.04 14:01:02.484,8.58302,8.58368,2.55,1.50
2013.02.04 14:01:02.545,8.58279,8.58368,2.78,1.50
2013.02.04 14:01:02.866,8.58262,8.58368,2.40,1.50
2013.02.04 14:01:04.896,8.58272,8.58368,1.50,1.50
2013.02.04 14:01:05.205,8.58286,8.58388,2.63,1.50
2013.02.04 14:01:06.555,8.58286,8.58377,2.63,1.50
2013.02.04 14:01:09.104,8.58286,8.58393,2.63,1.50
2013.02.04 14:01:10.335,8.58286,8.58404,2.63,1.50
2013.02.04 14:01:11.015,8.58286,8.58388,2.63,1.50
2013.02.04 14:01:12.816,8.58288,8.58414,2.40,1.50
2013.02.04 14:01:12.885,8.58311,8.58414,1.50,1.50
2013.02.04 14:01:13.855,8.58321,8.58414,2.55,1.50
2013.02.04 14:01:14.215,8.58321,8.58416,2.55,1.50
2013.02.04 14:01:14.455,8.58322,8.58406,1.80,1.50
2013.02.04 14:01:14.797,8.58322,8.58416,1.80,1.50
2013.02.04 14:01:15.335,8.58322,8.58407,1.80,1.50
2013.02.04 14:01:16.619,8.58322,8.58417,1.80,1.50
2013.02.04 14:01:16.785,8.58322,8.58407,1.80,1.50
2013.02.04 14:01:18.724,8.58315,8.58407,1.65,1.50
2013.02.04 14:01:18.786,8.58315,8.58415,1.65,1.50
2013.02.04 14:01:18.847,8.58315,8.58402,1.65,1.50
2013.02.04 14:01:19.714,8.58295,8.58402,1.50,1.50
2013.02.04 14:01:21.876,8.58285,8.58402,1.58,1.50
2013.02.04 14:01:22.115,8.58275,8.58385,1.50,1.50
2013.02.04 14:01:22.366,8.58275,8.58394,1.50,1.50
2013.02.04 14:01:23.907,8.58268,8.58394,2.25,1.50
2013.02.04 14:01:23.988,8.58241,8.58365,2.40,1.50
2013.02.04 14:01:25.072,8.58241,8.58365,2.40,1.50
2013.02.04 14:01:25.195,8.5825,8.58374,1.65,1.50
2013.02.04 14:01:25.256,8.58251,8.58374,1.65,1.50
2013.02.04 14:01:25.566,8.58259,8.58364,1.50,1.50
2013.02.04 14:01:25.755,8.58259,8.58379,1.50,1.50
2013.02.04 14:01:26.349,8.58259,8.58375,1.50,1.50
2013.02.04 14:01:27.292,8.58264,8.58388,2.25,1.50
2013.02.04 14:01:30.425,8.58271,8.58397,1.50,1.50
2013.02.04 14:01:30.484,8.58271,8.58397,2.25,1.50
2013.02.04 14:01:30.785,8.58269,8.58389,1.50,1.50
2013.02.04 14:01:34.305,8.58263,8.58389,2.40,1.50
2013.02.04 14:01:34.795,8.58263,8.58389,1.50,1.50
2013.02.04 14:01:34.856,8.58247,8.58371,2.40,1.50
2013.02.04 14:01:37.286,8.58257,8.58383,2.25,1.50
2013.02.04 14:01:38.206,8.58248,8.58374,2.25,1.50
2013.02.04 14:01:39.727,8.58266,8.58374,1.50,1.50
2013.02.04 14:01:41.725,8.58263,8.58374,2.25,1.50
2013.02.04 14:01:42.085,8.58259,8.58374,2.25,1.50
2013.02.04 14:01:42.211,8.58259,8.58363,2.25,1.50
2013.02.04 14:01:44.266,8.58259,8.58373,2.25,1.50
2013.02.04 14:01:45.004,8.58259,8.58364,2.25,1.50
2013.02.04 14:01:45.254,8.58248,8.58355,3.23,1.50
2013.02.04 14:01:45.314,8.58248,8.58347,2.48,1.50
2013.02.04 14:01:45.446,8.58244,8.58347,1.50,1.50
2013.02.04 14:01:45.804,8.58246,8.58357,1.50,1.50
2013.02.04 14:01:46.455,8.58256,8.58357,1.73,1.50
2013.02.04 14:01:48.155,8.58256,8.58357,1.73,1.65
2013.02.04 14:01:48.515,8.5823,8.58317,2.03,1.50
2013.02.04 14:01:48.655,8.5823,8.58327,2.03,1.50
2013.02.04 14:01:50.765,8.58209,8.58317,2.48,1.50
2013.02.04 14:01:54.304,8.58209,8.58303,2.48,1.50
2013.02.04 14:01:54.364,8.58209,8.58315,2.48,1.50
2013.02.04 14:01:55.015,8.58209,8.58326,2.48,1.50
2013.02.04 14:01:55.196,8.58209,8.58316,2.48,1.50
2013.02.04 14:01:55.635,8.58217,8.58325,1.50,1.50
2013.02.04 14:01:55.695,8.58217,8.58325,1.50,1.50
2013.02.04 14:01:57.905,8.58218,8.58344,2.25,1.65
2013.02.04 14:01:58.025,8.58218,8.58337,1.50,1.80
2013.02.04 14:01:58.085,8.58209,8.58335,1.50,2.40
2013.02.04 14:01:58.955,8.58217,8.58337,1.50,1.80
2013.02.04 14:01:59.304,8.58207,8.58333,1.50,2.40
2013.02.04 14:02:00.314,8.58195,8.58312,2.70,1.50
2013.02.04 14:02:01.665,8.58197,8.58319,1.50,1.50
2013.02.04 14:02:02.368,8.58197,8.58319,1.50,1.50
2013.02.04 14:02:07.379,8.58195,8.58319,2.25,1.50
2013.02.04 14:02:07.506,8.58183,8.58309,2.40,1.50
2013.02.04 14:02:11.849,8.58183,8.58309,2.40,1.50
2013.02.04 14:02:12.094,8.58202,8.58326,2.40,1.50
2013.02.04 14:02:13.049,8.58202,8.58326,2.40,1.50
2013.02.04 14:02:13.295,8.58231,8.58357,2.25,1.50
2013.02.04 14:02:14.894,8.58231,8.58357,1.50,1.50
2013.02.04 14:02:14.955,8.58221,8.58347,2.25,1.50
2013.02.04 14:02:15.725,8.58212,8.58327,1.50,1.50
2013.02.04 14:02:16.484,8.58212,8.58336,3.00,1.50
2013.02.04 14:02:18.384,8.58222,8.58348,1.50,1.50
2013.02.04 14:02:22.834,8.58214,8.5834,2.25,1.50
2013.02.04 14:02:28.356,8.58207,8.58325,1.50,1.50
2013.02.04 14:02:28.495,8.58211,8.58337,2.25,1.50
2013.02.04 14:02:29.415,8.58207,8.58327,1.50,1.50
2013.02.04 14:02:33.714,8.58213,8.58335,1.50,1.50
2013.02.04 14:02:33.774,8.58218,8.58342,1.50,1.50
2013.02.04 14:02:38.744,8.58213,8.58334,1.50,1.50
2013.02.04 14:02:49.855,8.58216,8.58342,2.25,1.50
2013.02.04 14:02:52.724,8.58216,8.58342,2.25,1.50
2013.02.04 14:02:53.064,8.58225,8.58349,2.25,1.50
2013.02.04 14:02:54.775,8.58215,8.58341,2.25,1.50
2013.02.04 14:03:02.304,8.58204,8.58328,1.50,1.50
2013.02.04 14:03:02.364,8.58214,8.58338,2.25,1.50
2013.02.04 14:03:03.254,8.58204,8.5833,3.00,1.50
2013.02.04 14:03:04.236,8.58213,8.58337,2.25,1.50
2013.02.04 14:03:05.744,8.58213,8.58337,3.15,1.50
2013.02.04 14:03:09.305,8.5823,8.58354,1.50,1.50
2013.02.04 14:03:10.695,8.5823,8.58354,1.50,2.25
2013.02.04 14:03:10.755,8.58219,8.58343,1.50,1.50
2013.02.04 14:03:17.581,8.58219,8.58343,2.25,1.50
2013.02.04 14:03:17.824,8.58226,8.58352,2.40,1.50
2013.02.04 14:03:17.885,8.58238,8.58362,2.25,1.50
2013.02.04 14:03:18.005,8.58227,8.58353,2.40,1.50
2013.02.04 14:03:18.208,8.58236,8.5836,2.25,1.50
2013.02.04 14:03:18.495,8.58226,8.5835,2.40,1.50
2013.02.04 14:03:18.894,8.58234,8.5836,2.25,1.50
2013.02.04 14:03:19.405,8.58225,8.58349,3.15,1.50
2013.02.04 14:03:19.464,8.58235,8.58359,2.25,1.50
2013.02.04 14:03:20.335,8.58225,8.58349,1.65,1.50
2013.02.04 14:03:21.674,8.58233,8.58357,2.40,1.50
2013.02.04 14:03:21.794,8.58233,8.58357,2.40,1.50
2013.02.04 14:03:21.856,8.5824,8.58366,2.25,1.50
2013.02.04 14:03:24.929,8.5824,8.58366,2.40,1.50
2013.02.04 14:03:25.010,8.58251,8.58377,2.40,1.50
2013.02.04 14:03:25.206,8.58251,8.58377,1.50,1.50
2013.02.04 14:03:25.945,8.58235,8.58356,1.65,1.50
2013.02.04 14:03:26.535,8.58238,8.58356,1.50,1.50
2013.02.04 14:03:26.595,8.58238,8.58364,3.00,1.50
2013.02.04 14:03:29.795,8.58251,8.58377,2.40,1.50
2013.02.04 14:03:29.857,8.58251,8.58377,2.40,1.50
2013.02.04 14:03:30.045,8.58251,8.58377,2.25,1.50
2013.02.04 14:03:30.104,8.58242,8.58366,2.40,1.50
2013.02.04 14:03:31.575,8.58237,8.58357,1.65,1.50
2013.02.04 14:03:31.870,8.5824,8.58364,2.40,1.50
2013.02.04 14:03:32.975,8.58252,8.58364,1.50,1.50
2013.02.04 14:03:33.094,8.58252,8.58374,1.50,1.50
2013.02.04 14:03:34.725,8.58261,8.58385,2.25,1.50
2013.02.04 14:03:34.965,8.58267,8.58385,1.65,1.50
2013.02.04 14:03:35.326,8.58332,8.58442,2.25,2.25
2013.02.04 14:03:35.506,8.58332,8.58461,2.25,2.48
2013.02.04 14:03:35.864,8.58335,8.5847,1.50,1.80
2013.02.04 14:03:36.045,8.5836,8.5847,1.50,1.80
2013.02.04 14:03:36.505,8.58352,8.5847,1.50,1.80
2013.02.04 14:03:37.025,8.58352,8.58471,1.50,2.63
2013.02.04 14:03:37.144,8.58345,8.58471,1.50,2.63
2013.02.04 14:03:37.205,8.58327,8.58467,3.38,2.25
2013.02.04 14:03:37.385,8.58327,8.58458,2.63,1.50
2013.02.04 14:03:37.745,8.58325,8.5846,1.73,2.40
2013.02.04 14:03:42.315,8.58325,8.58448,1.73,1.88
2013.02.04 14:03:42.570,8.58275,8.58399,2.25,1.65
2013.02.04 14:03:42.635,8.5827,8.58399,1.88,1.65
2013.02.04 14:03:42.816,8.58251,8.58393,2.25,2.70
2013.02.04 14:03:46.190,8.58251,8.58393,2.25,2.55
2013.02.04 14:03:46.262,8.58258,8.58391,1.50,2.25
2013.02.04 14:03:46.331,8.58297,8.58391,1.50,1.50
2013.02.04 14:03:46.470,8.58297,8.58432,1.50,2.40
2013.02.04 14:03:46.542,8.58315,8.58432,2.55,1.65
2013.02.04 14:03:46.847,8.58315,8.58424,2.55,1.50
2013.02.04 14:03:47.535,8.58323,8.58424,1.80,1.50
2013.02.04 14:03:49.016,8.58323,8.58431,1.80,1.50
2013.02.04 14:03:50.429,8.58323,8.58422,1.80,1.50
2013.02.04 14:03:53.725,8.58323,8.5843,1.80,1.50
2013.02.04 14:03:53.785,8.58326,8.5843,2.63,1.50
2013.02.04 14:03:53.845,8.58326,8.58435,2.63,1.50
2013.02.04 14:03:56.895,8.58311,8.58435,1.95,1.50
2013.02.04 14:03:57.232,8.58313,8.58435,2.70,1.50
2013.02.04 14:03:57.777,8.58312,8.58435,2.85,1.50
2013.02.04 14:04:00.136,8.58312,8.58444,2.85,1.65
2013.02.04 14:04:09.715,8.58312,8.58444,2.85,1.50
2013.02.04 14:04:11.380,8.58317,8.58435,1.50,1.50
2013.02.04 14:04:11.704,8.58317,8.58443,1.50,1.50
2013.02.04 14:04:15.185,8.58317,8.58443,1.50,1.50
2013.02.04 14:04:17.125,8.58325,8.58443,2.10,1.50
2013.02.04 14:04:17.395,8.58325,8.58455,2.10,1.65
2013.02.04 14:04:17.766,8.58325,8.58447,2.10,1.50
2013.02.04 14:04:24.356,8.58325,8.58456,2.10,1.65
2013.02.04 14:04:25.634,8.58325,8.58456,2.10,1.50
2013.02.04 14:04:25.815,8.58327,8.58456,2.63,1.50
2013.02.04 14:04:25.875,8.58327,8.58465,2.63,2.40
2013.02.04 14:04:26.226,8.58327,8.58458,2.63,1.50
2013.02.04 14:04:27.405,8.5833,8.58458,2.40,1.50
2013.02.04 14:04:27.717,8.5833,8.58466,2.40,2.40
2013.02.04 14:04:29.555,8.58342,8.58475,1.50,3.08
2013.02.04 14:04:29.655,8.58333,8.58475,2.25,3.08
2013.02.04 14:04:32.114,8.5833,8.58471,2.40,1.13
2013.02.04 14:04:32.235,8.58327,8.58468,2.25,2.03
2013.02.04 14:04:32.544,8.58317,8.58448,2.63,1.65
2013.02.04 14:04:38.596,8.58311,8.58456,2.25,2.40
2013.02.04 14:04:41.592,8.58311,8.58456,2.25,2.40
2013.02.04 14:04:41.895,8.58311,8.58456,2.25,2.40
2013.02.04 14:04:42.075,8.58319,8.58463,1.50,1.88
2013.02.04 14:04:51.206,8.58332,8.58464,1.50,2.10
2013.02.04 14:04:54.035,8.58322,8.58464,1.50,2.10
2013.02.04 14:04:57.644,8.58322,8.58464,1.50,2.10
2013.02.04 14:04:57.834,8.58322,8.58465,2.25,2.40
2013.02.04 14:04:57.894,8.58331,8.58472,1.50,2.10
2013.02.04 14:04:58.745,8.58337,8.58472,2.25,2.10
2013.02.04 14:04:59.084,8.58338,8.58474,1.50,2.40
2013.02.04 14:05:02.914,8.58338,8.5847,1.50,2.40
2013.02.04 14:05:04.626,8.58338,8.5847,1.50,2.63
2013.02.04 14:05:04.865,8.58315,8.58446,2.85,1.65
2013.02.04 14:05:13.664,8.58315,8.58451,1.65,1.50
2013.02.04 14:05:13.785,8.58319,8.58451,2.70,1.50
2013.02.04 14:05:14.386,8.58319,8.5846,2.70,1.65
2013.02.04 14:05:14.793,8.58327,8.5846,1.50,1.65
2013.02.04 14:05:18.765,8.58327,8.58469,1.50,2.40
2013.02.04 14:05:29.595,8.58328,8.58471,2.25,2.40
2013.02.04 14:05:29.776,8.58328,8.58471,3.15,1.65
2013.02.04 14:05:30.185,8.58331,8.58473,2.55,1.65
2013.02.04 14:05:34.734,8.58338,8.58478,1.50,2.40
2013.02.04 14:05:42.876,8.58338,8.58482,1.50,2.25
2013.02.04 14:05:42.998,8.58347,8.5849,4.28,1.50
2013.02.04 14:05:43.065,8.58354,8.58501,2.25,1.50
2013.02.04 14:05:43.125,8.58376,8.58519,1.50,1.80
2013.02.04 14:05:43.436,8.58389,8.58519,1.50,1.80
2013.02.04 14:05:43.797,8.58403,8.58522,1.50,1.50
2013.02.04 14:05:44.105,8.58414,8.58522,1.50,1.50
2013.02.04 14:05:44.445,8.58445,8.58522,1.50,1.50
2013.02.04 14:05:44.765,8.58454,8.58522,1.50,1.50
2013.02.04 14:05:45.125,8.58474,8.58522,1.50,1.50
2013.02.04 14:05:45.735,8.58474,8.58535,1.50,1.73
2013.02.04 14:05:46.021,8.58485,8.58535,1.50,1.73
2013.02.04 14:05:53.006,8.58485,8.58534,1.50,2.48
2013.02.04 14:05:53.235,8.58464,8.58534,1.50,2.48
2013.02.04 14:05:59.475,8.58464,8.58552,1.50,1.50
2013.02.04 14:05:59.768,8.58468,8.58552,1.50,1.50
2013.02.04 14:06:00.205,8.58494,8.58552,1.50,1.50
2013.02.04 14:06:01.896,8.58494,8.58552,1.50,1.65
2013.02.04 14:06:02.307,8.58503,8.58552,1.50,1.65
2013.02.04 14:06:03.042,8.58503,8.58552,1.50,1.50
2013.02.04 14:06:03.115,8.58493,8.58552,1.50,1.50
2013.02.04 14:06:04.036,8.58502,8.58552,1.50,1.50
2013.02.04 14:06:04.416,8.58502,8.58552,1.50,1.65
2013.02.04 14:06:05.003,8.58491,8.58552,1.50,1.65
2013.02.04 14:06:06.655,8.58491,8.58552,1.50,1.50
2013.02.04 14:06:06.716,8.58491,8.58552,1.50,2.25
2013.02.04 14:06:06.868,8.58481,8.58552,1.50,2.25
2013.02.04 14:06:10.357,8.58481,8.58552,1.50,1.50
2013.02.04 14:06:10.535,8.58489,8.58552,1.50,1.50
2013.02.04 14:06:17.885,8.585,8.58552,1.50,1.50
2013.02.04 14:06:19.256,8.585,8.58579,1.50,2.93
2013.02.04 14:06:19.316,8.58519,8.58596,1.50,3.00
2013.02.04 14:06:26.416,8.58435,8.58555,1.58,1.88
2013.02.04 14:06:26.475,8.58429,8.58552,1.50,1.88
2013.02.04 14:06:26.535,8.58413,8.58537,2.25,1.65
2013.02.04 14:06:26.595,8.58459,8.58552,1.50,1.88
2013.02.04 14:06:26.715,8.58409,8.58528,2.78,1.88
2013.02.04 14:06:26.775,8.58404,8.58526,1.50,1.13
2013.02.04 14:06:27.185,8.58404,8.58526,1.50,1.13
2013.02.04 14:06:27.365,8.58369,8.58493,1.50,1.65
2013.02.04 14:06:27.425,8.58357,8.58481,3.00,1.50
2013.02.04 14:06:27.485,8.58357,8.58469,1.50,1.50
2013.02.04 14:06:27.545,8.58352,8.58469,1.50,1.50
2013.02.04 14:06:27.606,8.5843,8.58493,1.50,1.13
2013.02.04 14:06:27.965,8.5831,8.58456,2.18,1.65
2013.02.04 14:06:28.547,8.58369,8.58471,1.50,1.13
2013.02.04 14:06:33.365,8.58389,8.58474,1.50,1.73
2013.02.04 14:06:33.605,8.58399,8.58477,1.50,2.25
2013.02.04 14:06:34.586,8.5841,8.58482,1.50,2.40
2013.02.04 14:06:38.625,8.5841,8.58481,1.50,1.13
2013.02.04 14:06:38.785,8.584,8.58477,1.50,1.73
2013.02.04 14:06:49.636,8.584,8.58479,1.50,2.55
2013.02.04 14:06:49.826,8.5841,8.58479,1.50,2.55
2013.02.04 14:06:54.555,8.5841,8.58481,1.50,1.13
2013.02.04 14:06:54.796,8.58399,8.58481,1.50,1.13
2013.02.04 14:07:04.265,8.58374,8.58408,1.50,1.65
2013.02.04 14:07:04.325,8.5835,8.58433,1.50,1.88
2013.02.04 14:07:04.385,8.5835,8.58436,1.50,1.13
2013.02.04 14:07:04.816,8.5835,8.58425,1.50,2.85
2013.02.04 14:07:04.935,8.5835,8.58442,1.50,1.50
2013.02.04 14:07:05.356,8.58389,8.58442,1.50,1.50
2013.02.04 14:07:07.114,8.58384,8.58442,1.50,2.10
2013.02.04 14:07:07.236,8.58311,8.58385,2.33,1.50
2013.02.04 14:07:07.294,8.5827,8.58385,2.40,1.50
2013.02.04 14:07:07.354,8.58278,8.58393,2.25,1.50
2013.02.04 14:07:07.415,8.58278,8.58404,2.40,1.50
2013.02.04 14:07:07.724,8.5838,8.5845,1.50,1.73
2013.02.04 14:07:08.149,8.5838,8.58448,1.50,2.85
2013.02.04 14:07:08.654,8.58369,8.58448,1.50,2.85
2013.02.04 14:07:09.116,8.58389,8.58438,1.50,1.13
2013.02.04 14:07:09.235,8.58298,8.58424,2.25,1.65
2013.02.04 14:07:09.295,8.58298,8.58424,1.50,2.40
2013.02.04 14:07:09.355,8.58277,8.58394,1.50,1.50
2013.02.04 14:07:09.596,8.58324,8.58402,1.50,1.65
2013.02.04 14:07:10.269,8.5835,8.5843,1.50,1.13
2013.02.04 14:07:10.685,8.5835,8.58423,1.50,1.88
2013.02.04 14:07:10.926,8.58339,8.5842,1.50,1.13
2013.02.04 14:07:11.826,8.58339,8.58413,1.50,1.13
2013.02.04 14:07:12.135,8.5832,8.5837,1.50,1.73
2013.02.04 14:07:12.255,8.5832,8.58393,1.50,2.18
2013.02.04 14:07:13.105,8.58309,8.58393,1.50,2.18
2013.02.04 14:07:14.316,8.58309,8.58383,1.50,1.65
2013.02.04 14:07:14.989,8.58178,8.58309,1.50,1.50
2013.02.04 14:07:15.062,8.5825,8.58355,1.50,2.40
2013.02.04 14:07:15.376,8.5825,8.5835,1.50,1.65
2013.02.04 14:07:15.605,8.58229,8.5835,1.50,1.65
2013.02.04 14:07:16.686,8.58249,8.58253,1.50,1.50
2013.02.04 14:07:16.746,8.58112,8.58253,1.50,1.50
2013.02.04 14:07:16.805,8.58114,8.58253,1.50,1.50
2013.02.04 14:07:17.166,8.5824,8.58298,1.50,1.95
2013.02.04 14:07:17.285,8.5824,8.58306,1.50,2.03
2013.02.04 14:07:18.025,8.5823,8.58306,1.50,2.03
2013.02.04 14:07:18.945,8.58226,8.58296,1.50,1.35
2013.02.04 14:07:19.005,8.58122,8.58238,2.10,1.50
2013.02.04 14:07:19.067,8.58094,8.58238,2.25,1.50
2013.02.04 14:07:19.135,8.58115,8.58238,1.50,1.50
2013.02.04 14:07:19.693,8.58139,8.58252,1.50,1.50
2013.02.04 14:07:20.937,8.58159,8.58252,1.50,2.25
2013.02.04 14:07:21.637,8.58159,8.5825,1.50,1.13
2013.02.04 14:07:21.946,8.58169,8.5825,1.50,1.88
2013.02.04 14:07:22.185,8.58169,8.58252,1.50,2.25
2013.02.04 14:07:22.246,8.58169,8.58295,1.50,1.50
2013.02.04 14:07:22.307,8.58244,8.58295,1.50,1.50
2013.02.04 14:07:22.636,8.5827,8.58327,1.50,2.48
2013.02.04 14:07:23.355,8.5826,8.58327,1.50,2.48
2013.02.04 14:07:26.854,8.58163,8.58317,2.40,1.13
2013.02.04 14:07:27.095,8.58145,8.58245,1.50,2.40
2013.02.04 14:07:27.155,8.58169,8.5825,1.50,1.13
2013.02.04 14:07:27.466,8.58169,8.58241,1.50,1.13
2013.02.04 14:07:28.135,8.5816,8.58241,1.50,1.13
2013.02.04 14:07:31.715,8.58195,8.58284,1.50,1.88
2013.02.04 14:07:31.775,8.5822,8.58284,3.00,1.88
2013.02.04 14:07:32.656,8.58259,8.58295,1.50,2.63
2013.02.04 14:07:32.781,8.58249,8.58295,1.50,2.63
2013.02.04 14:07:34.485,8.58249,8.58353,1.50,1.65
2013.02.04 14:07:34.545,8.5829,8.58353,1.50,1.65
2013.02.04 14:07:35.165,8.5821,8.58296,2.70,1.50
2013.02.04 14:07:35.225,8.58206,8.58291,2.78,1.50
2013.02.04 14:07:35.285,8.58206,8.58251,2.78,1.50
2013.02.04 14:07:35.587,8.58159,8.58253,1.50,2.63
2013.02.04 14:07:37.385,8.58159,8.58214,1.50,1.50
2013.02.04 14:07:37.445,8.58086,8.5816,2.18,4.50
2013.02.04 14:07:37.506,8.58076,8.58105,1.43,1.50
2013.02.04 14:07:37.565,8.58013,8.58105,1.65,1.50
2013.02.04 14:07:37.744,8.58003,8.58105,2.10,1.50
2013.02.04 14:07:38.045,8.58003,8.58114,2.10,1.50
2013.02.04 14:07:38.612,8.58035,8.58114,1.50,1.50
2013.02.04 14:07:38.680,8.5806,8.58142,1.50,2.25
2013.02.04 14:07:38.805,8.5806,8.58172,1.50,1.50
2013.02.04 14:07:39.106,8.5806,8.58184,1.50,3.23
2013.02.04 14:07:39.405,8.5806,8.58184,1.50,2.25
2013.02.04 14:07:39.525,8.58135,8.58202,1.50,2.33
2013.02.04 14:07:39.645,8.5802,8.58145,2.70,1.50
2013.02.04 14:07:39.975,8.58119,8.58202,1.50,2.33
2013.02.04 14:07:40.235,8.5802,8.58132,1.95,1.50
2013.02.04 14:07:42.308,8.5804,8.58119,1.95,1.65
2013.02.04 14:07:42.496,8.58025,8.58119,1.50,1.65
2013.02.04 14:07:42.556,8.58015,8.58119,2.40,1.65
2013.02.04 14:07:42.616,8.58034,8.58119,1.50,1.65
2013.02.04 14:07:43.040,8.58059,8.58152,1.50,2.63
2013.02.04 14:07:44.185,8.58005,8.5812,1.50,1.65
2013.02.04 14:07:44.244,8.57996,8.5812,2.25,1.65
2013.02.04 14:07:44.375,8.57998,8.5812,1.35,1.65
2013.02.04 14:07:44.555,8.5807,8.58191,1.50,1.58
2013.02.04 14:07:45.385,8.58139,8.58191,1.50,1.58
2013.02.04 14:07:46.106,8.58002,8.58135,1.65,1.50
2013.02.04 14:07:46.697,8.5802,8.58159,1.65,3.00
2013.02.04 14:07:46.825,8.58026,8.58189,2.25,1.50
2013.02.04 14:07:47.005,8.5803,8.58197,1.50,1.65
2013.02.04 14:07:47.065,8.58039,8.58201,1.50,2.40
2013.02.04 14:07:47.305,8.5805,8.58193,1.50,1.50
2013.02.04 14:07:47.997,8.58056,8.58204,1.50,2.40
2013.02.04 14:07:48.435,8.58056,8.58182,1.50,1.13
2013.02.04 14:07:48.555,8.5803,8.58177,1.50,1.88
2013.02.04 14:07:48.623,8.58102,8.58181,1.50,1.13
2013.02.04 14:07:49.745,8.58016,8.58163,1.50,1.65
2013.02.04 14:07:50.925,8.58016,8.58082,1.50,1.88
2013.02.04 14:07:50.986,8.57991,8.5807,1.50,2.85
2013.02.04 14:07:51.044,8.57953,8.5807,1.50,2.85
2013.02.04 14:07:51.104,8.57977,8.5806,1.50,1.13
2013.02.04 14:07:51.164,8.57885,8.58052,1.50,1.88
2013.02.04 14:07:51.224,8.57895,8.58052,2.85,1.88
2013.02.04 14:07:51.525,8.57863,8.5803,1.50,1.65
2013.02.04 14:07:52.092,8.5795,8.58025,1.50,1.95
2013.02.04 14:07:53.615,8.57953,8.58022,1.50,1.65
2013.02.04 14:07:53.804,8.57963,8.58022,1.50,1.65
2013.02.04 14:07:54.305,8.57963,8.58016,1.50,2.33
2013.02.04 14:07:54.425,8.57922,8.58016,1.50,2.33
2013.02.04 14:07:58.573,8.57922,8.58016,1.50,2.33
2013.02.04 14:07:58.887,8.57952,8.58002,1.50,2.33
2013.02.04 14:07:59.076,8.57923,8.58002,1.50,2.33
2013.02.04 14:07:59.715,8.57923,8.58001,1.50,1.80
2013.02.04 14:08:03.995,8.57923,8.58026,1.50,1.13
2013.02.04 14:08:04.054,8.57927,8.58026,1.50,1.13
2013.02.04 14:08:04.519,8.57952,8.58026,1.50,1.13
2013.02.04 14:08:04.815,8.57952,8.58033,1.50,1.50
2013.02.04 14:08:04.938,8.57952,8.58035,1.50,1.50
2013.02.04 14:08:05.185,8.57922,8.58043,1.50,2.25
2013.02.04 14:08:05.245,8.57922,8.58071,1.50,2.40
2013.02.04 14:08:06.555,8.57922,8.58071,1.88,2.25
2013.02.04 14:08:06.675,8.57922,8.58071,1.88,1.50
2013.02.04 14:08:06.795,8.58012,8.58141,2.10,1.58
2013.02.04 14:08:06.915,8.58102,8.58141,1.50,1.58
2013.02.04 14:08:06.975,8.58102,8.58208,1.50,2.70
2013.02.04 14:08:07.845,8.58151,8.58208,1.50,2.70
2013.02.04 14:08:07.968,8.58153,8.58233,1.50,2.03
2013.02.04 14:08:08.855,8.58177,8.58233,1.50,2.03
2013.02.04 14:08:09.035,8.58183,8.58243,1.50,1.65
2013.02.04 14:08:09.154,8.5817,8.58213,1.50,1.50
2013.02.04 14:08:09.274,8.57973,8.58123,1.69,2.10
2013.02.04 14:08:09.334,8.57973,8.58123,1.50,2.10
2013.02.04 14:08:09.394,8.58013,8.58123,1.50,2.10
2013.02.04 14:08:09.694,8.58013,8.58145,1.50,1.73
2013.02.04 14:08:09.815,8.58104,8.58165,1.50,1.88
2013.02.04 14:08:10.055,8.57995,8.58154,2.40,2.93
2013.02.04 14:08:11.035,8.57995,8.58161,2.40,3.98
2013.02.04 14:08:11.215,8.58021,8.58165,1.65,2.18
2013.02.04 14:08:12.070,8.58018,8.5816,2.25,2.40
2013.02.04 14:08:12.255,8.58004,8.58153,1.50,1.65
2013.02.04 14:08:12.375,8.57992,8.58139,1.50,1.50
2013.02.04 14:08:12.555,8.57984,8.58131,2.40,1.50
2013.02.04 14:08:13.109,8.58072,8.58162,1.50,1.65
2013.02.04 14:08:13.521,8.58072,8.58161,1.50,2.63
2013.02.04 14:08:14.437,8.58092,8.58161,1.50,2.25
2013.02.04 14:08:14.555,8.58092,8.58175,1.50,1.65
2013.02.04 14:08:15.146,8.58097,8.58183,1.50,1.65
2013.02.04 14:08:15.578,8.58122,8.58183,1.50,1.65
2013.02.04 14:08:15.725,8.58112,8.58183,1.50,1.65
2013.02.04 14:08:15.905,8.58112,8.58172,1.50,1.13
2013.02.04 14:08:15.968,8.58102,8.58162,1.50,1.13
2013.02.04 14:08:16.035,8.58092,8.58162,1.50,1.13
2013.02.04 14:08:16.155,8.58043,8.58162,1.50,1.13
2013.02.04 14:08:16.335,8.58033,8.58156,1.50,1.13
2013.02.04 14:08:16.466,8.58023,8.58156,1.50,1.13
2013.02.04 14:08:20.675,8.58023,8.58097,1.50,1.13
2013.02.04 14:08:20.795,8.57942,8.5809,1.50,1.88
2013.02.04 14:08:20.855,8.57945,8.5809,1.13,1.50
2013.02.04 14:08:21.035,8.57972,8.58092,2.40,1.50
2013.02.04 14:08:21.094,8.57962,8.58107,2.40,1.80
2013.02.04 14:08:21.583,8.57962,8.58111,2.40,1.50
2013.02.04 14:08:21.649,8.57962,8.58108,2.40,1.50
2013.02.04 14:08:21.970,8.58013,8.58135,1.50,3.00
2013.02.04 14:08:22.447,8.58013,8.58156,2.40,2.25
2013.02.04 14:08:22.819,8.58053,8.58157,1.50,2.03
2013.02.04 14:08:23.545,8.58053,8.58155,1.50,2.18
2013.02.04 14:08:23.905,8.58063,8.58155,1.50,2.18
2013.02.04 14:08:24.417,8.58063,8.58156,1.50,2.03
2013.02.04 14:08:25.095,8.58072,8.58189,1.50,1.80
2013.02.04 14:08:25.745,8.58072,8.58213,1.50,3.08
2013.02.04 14:08:26.057,8.58083,8.58213,1.50,3.08
2013.02.04 14:08:27.385,8.58083,8.58201,1.50,1.13
2013.02.04 14:08:27.505,8.58063,8.58192,1.50,1.65
2013.02.04 14:08:28.575,8.58052,8.58192,1.50,1.65
2013.02.04 14:08:28.905,8.58052,8.58196,1.50,1.73
2013.02.04 14:08:28.965,8.58064,8.58201,2.10,1.50
2013.02.04 14:08:29.587,8.58093,8.58222,1.50,2.40
2013.02.04 14:08:29.909,8.58093,8.58216,1.50,1.65
2013.02.04 14:08:30.095,8.58093,8.58213,1.50,1.50
2013.02.04 14:08:30.405,8.58093,8.58236,2.25,1.65
2013.02.04 14:08:30.496,8.58113,8.58243,1.50,1.65
2013.02.04 14:08:30.797,8.58065,8.5818,2.93,1.65
2013.02.04 14:08:31.447,8.58065,8.58153,2.93,1.13
2013.02.04 14:08:31.505,8.58013,8.58139,1.50,1.13
2013.02.04 14:08:31.625,8.58052,8.58139,1.50,1.13
2013.02.04 14:08:32.595,8.58028,8.58134,1.50,2.48
2013.02.04 14:08:32.657,8.58,8.58134,1.50,2.48
2013.02.04 14:08:37.306,8.57991,8.58124,1.50,1.65
2013.02.04 14:08:38.065,8.57991,8.58076,1.50,2.63
2013.02.04 14:08:39.395,8.57991,8.58087,1.50,1.95
2013.02.04 14:08:39.455,8.58001,8.58087,1.50,1.95
2013.02.04 14:08:40.276,8.58001,8.58106,1.50,2.78
2013.02.04 14:08:40.395,8.58022,8.58106,1.50,2.78
2013.02.04 14:08:40.708,8.58022,8.58104,1.50,2.70
2013.02.04 14:08:41.685,8.58022,8.58112,1.50,2.48
2013.02.04 14:08:42.385,8.58031,8.58112,1.50,2.48
2013.02.04 14:08:44.785,8.58031,8.5811,1.50,2.33
2013.02.04 14:08:44.845,8.58022,8.5811,1.50,2.33
2013.02.04 14:08:45.026,8.58022,8.58105,1.50,1.80
2013.02.04 14:08:46.857,8.58022,8.58094,1.50,2.18
2013.02.04 14:08:46.925,8.58011,8.58094,1.50,2.18
2013.02.04 14:08:49.818,8.58011,8.58103,1.50,1.65
2013.02.04 14:08:57.116,8.58011,8.58117,1.50,2.10
2013.02.04 14:08:57.175,8.58031,8.58117,1.50,2.10
2013.02.04 14:08:57.756,8.58031,8.58127,1.50,1.95
2013.02.04 14:08:58.355,8.58041,8.58127,1.50,1.95
2013.02.04 14:08:58.415,8.58041,8.58147,1.50,2.70
2013.02.04 14:08:59.029,8.58061,8.58147,1.50,2.70
2013.02.04 14:09:02.068,8.58041,8.58131,1.50,2.63
2013.02.04 14:09:02.196,8.58051,8.58131,1.50,2.63
2013.02.04 14:09:02.833,8.58047,8.58131,1.50,2.63
2013.02.04 14:09:02.906,8.58047,8.58121,1.50,1.73
2013.02.04 14:09:03.217,8.57987,8.58111,2.25,1.13
2013.02.04 14:09:03.277,8.57973,8.58076,1.50,1.65
2013.02.04 14:09:03.455,8.57969,8.5807,1.73,2.93
2013.02.04 14:09:03.756,8.58031,8.5809,1.50,2.55
2013.02.04 14:09:05.175,8.58031,8.5808,1.50,1.13
2013.02.04 14:09:05.355,8.57968,8.5806,1.50,2.10
2013.02.04 14:09:05.475,8.57942,8.5806,1.50,2.10
2013.02.04 14:09:06.189,8.57942,8.5806,2.48,1.95
2013.02.04 14:09:06.256,8.57951,8.58097,2.48,2.25
2013.02.04 14:09:06.438,8.57997,8.58098,1.50,2.93
2013.02.04 14:09:06.785,8.58021,8.58098,1.50,2.93
2013.02.04 14:09:07.646,8.58021,8.58111,1.50,1.80
2013.02.04 14:09:08.395,8.58032,8.58111,1.50,1.80
2013.02.04 14:09:08.755,8.58032,8.58093,1.50,1.73
2013.02.04 14:09:09.416,8.58012,8.58093,1.50,1.73
2013.02.04 14:09:10.285,8.58012,8.58114,1.50,2.63
2013.02.04 14:09:10.405,8.58041,8.58114,1.50,2.63
2013.02.04 14:09:11.116,8.58041,8.58115,1.50,2.55
2013.02.04 14:09:11.938,8.58041,8.58101,1.50,2.03
2013.02.04 14:09:12.434,8.58011,8.581,1.50,2.78
2013.02.04 14:09:13.286,8.58011,8.58114,1.50,2.33
2013.02.04 14:09:13.525,8.58031,8.58114,1.50,2.33
2013.02.04 14:09:13.856,8.58031,8.58127,1.50,1.50
2013.02.04 14:09:14.375,8.58042,8.58127,1.50,1.50
2013.02.04 14:09:16.805,8.58042,8.58108,1.50,2.25
2013.02.04 14:09:16.866,8.58022,8.58108,1.50,2.25
2013.02.04 14:09:17.185,8.58022,8.58101,1.50,1.58
2013.02.04 14:09:17.866,8.58012,8.58101,1.50,1.58
2013.02.04 14:09:18.365,8.58012,8.58118,1.50,2.85
2013.02.04 14:09:18.632,8.58012,8.58114,1.50,1.50
2013.02.04 14:09:18.937,8.58032,8.58105,1.50,2.85
2013.02.04 14:09:19.245,8.58032,8.58095,1.50,1.65
2013.02.04 14:09:19.555,8.58032,8.5809,1.50,1.80
2013.02.04 14:09:19.885,8.58002,8.5809,1.50,1.80
2013.02.04 14:09:20.886,8.58002,8.58091,1.50,1.88
2013.02.04 14:09:21.806,8.58007,8.58117,1.50,2.93
2013.02.04 14:09:21.866,8.58031,8.58117,1.50,2.93
2013.02.04 14:09:22.556,8.58031,8.58142,1.50,1.95
2013.02.04 14:09:22.813,8.58061,8.58142,1.50,1.95
2013.02.04 14:09:24.475,8.58061,8.58148,1.50,2.33
2013.02.04 14:09:26.350,8.58061,8.58148,1.65,2.33
2013.02.04 14:09:26.416,8.58061,8.58179,2.40,2.40
2013.02.04 14:09:26.536,8.58086,8.58179,1.50,2.40
2013.02.04 14:09:27.082,8.58111,8.58205,1.50,1.95
2013.02.04 14:09:27.156,8.58111,8.5822,1.50,1.65
2013.02.04 14:09:29.405,8.58111,8.58162,1.50,1.13
2013.02.04 14:09:29.525,8.58046,8.58156,1.50,1.13
2013.02.04 14:09:29.585,8.58046,8.58158,1.50,2.03
2013.02.04 14:09:29.645,8.58051,8.58158,1.50,2.03
2013.02.04 14:09:29.826,8.58012,8.58154,2.25,2.25
2013.02.04 14:09:29.945,8.58027,8.58154,1.65,1.50
2013.02.04 14:09:30.125,8.58029,8.58174,1.65,2.25
2013.02.04 14:09:30.365,8.58022,8.58165,2.40,1.50
2013.02.04 14:09:30.686,8.58072,8.58184,1.50,1.65
2013.02.04 14:09:34.686,8.58072,8.58169,1.50,1.80
2013.02.04 14:09:34.865,8.58032,8.58169,1.50,1.80
2013.02.04 14:09:35.168,8.58032,8.58159,1.50,2.40
2013.02.04 14:09:35.517,8.58032,8.58144,1.50,2.33
2013.02.04 14:09:35.810,8.58022,8.58144,1.50,2.33
2013.02.04 14:09:35.936,8.58022,8.58144,1.50,2.33
2013.02.04 14:09:36.395,8.58022,8.58124,1.50,1.95
2013.02.04 14:09:36.457,8.58022,8.58158,1.65,2.48
2013.02.04 14:09:36.796,8.58061,8.58158,1.50,2.48
2013.02.04 14:09:37.175,8.58061,8.58172,1.50,2.55
2013.02.04 14:09:37.466,8.58061,8.58162,1.50,1.88
2013.02.04 14:09:37.895,8.58012,8.58125,1.50,2.48
2013.02.04 14:09:39.756,8.58012,8.5815,1.50,2.40
2013.02.04 14:09:39.815,8.58017,8.5815,1.50,2.40
2013.02.04 14:09:40.116,8.58042,8.58149,1.50,1.65
2013.02.04 14:09:40.848,8.58042,8.58149,1.50,1.80
2013.02.04 14:09:41.493,8.58042,8.58124,1.50,2.18
2013.02.04 14:09:41.788,8.58017,8.58124,1.50,2.18
2013.02.04 14:09:41.856,8.58012,8.58124,1.50,2.18
2013.02.04 14:09:43.050,8.58012,8.58127,1.50,1.95
2013.02.04 14:09:43.236,8.58032,8.58127,1.50,1.95
2013.02.04 14:09:43.356,8.58032,8.58142,1.50,1.80
2013.02.04 14:09:45.566,8.58011,8.58142,1.50,2.10
2013.02.04 14:09:45.817,8.58011,8.5814,1.50,2.03
2013.02.04 14:09:46.616,8.58022,8.5814,1.50,2.03
2013.02.04 14:09:49.215,8.58022,8.58145,1.50,1.80
2013.02.04 14:09:49.336,8.58071,8.58145,1.50,1.80
2013.02.04 14:09:50.806,8.58051,8.58145,1.50,1.80
2013.02.04 14:09:50.865,8.58051,8.58148,1.50,2.18
2013.02.04 14:09:51.287,8.58051,8.58152,1.50,1.58
2013.02.04 14:09:51.706,8.58051,8.58154,1.50,1.88
2013.02.04 14:09:54.436,8.58031,8.58154,1.50,2.70
2013.02.04 14:09:57.296,8.58031,8.58157,1.50,2.78
2013.02.04 14:09:57.487,8.58051,8.58157,1.50,2.78
2013.02.04 14:09:58.176,8.58051,8.58157,1.65,2.78
2013.02.04 14:09:58.236,8.58061,8.58207,2.40,2.25
2013.02.04 14:09:58.367,8.58111,8.58217,1.50,2.18
2013.02.04 14:09:58.895,8.58111,8.58223,1.50,1.58
2013.02.04 14:09:59.736,8.58141,8.58223,1.50,1.58
2013.02.04 14:09:59.945,8.58141,8.58228,1.50,2.55
2013.02.04 14:10:00.296,8.58162,8.58228,1.50,2.55
2013.02.04 14:10:01.715,8.58162,8.58235,1.50,2.33
2013.02.04 14:10:01.835,8.5817,8.58235,1.50,2.33
2013.02.04 14:10:02.916,8.5817,8.58235,1.50,2.48
2013.02.04 14:10:03.096,8.58099,8.58225,1.50,1.95
2013.02.04 14:10:03.679,8.58099,8.5822,1.50,2.33
2013.02.04 14:10:06.616,8.58099,8.5822,1.50,2.33
2013.02.04 14:10:06.795,8.58088,8.58211,1.50,2.18
2013.02.04 14:10:10.525,8.58119,8.58228,1.50,2.03
2013.02.04 14:10:17.077,8.58118,8.58228,1.50,2.03
2013.02.04 14:10:17.406,8.58118,8.58228,1.65,2.03
2013.02.04 14:10:17.466,8.58118,8.58251,1.65,2.25
2013.02.04 14:10:17.586,8.58158,8.58254,1.50,1.80
2013.02.04 14:10:18.685,8.58158,8.58254,1.50,1.95
2013.02.04 14:10:19.286,8.58158,8.58234,1.50,2.93
2013.02.04 14:10:19.362,8.58118,8.58242,1.50,2.25
2013.02.04 14:10:19.895,8.58128,8.58244,1.50,1.80
2013.02.04 14:10:20.436,8.58128,8.58233,1.50,2.78
2013.02.04 14:10:20.625,8.58128,8.58252,1.50,2.25
2013.02.04 14:10:20.876,8.58117,8.58241,1.50,1.50
2013.02.04 14:10:21.385,8.58117,8.58241,1.50,1.65
2013.02.04 14:10:21.810,8.58117,8.58214,1.50,2.93
2013.02.04 14:10:33.305,8.58117,8.58213,1.50,2.10
2013.02.04 14:10:33.679,8.58139,8.58213,1.50,2.10
2013.02.04 14:10:36.736,8.58139,8.58181,1.50,2.55
2013.02.04 14:10:36.857,8.58078,8.58166,1.50,2.55
2013.02.04 14:10:36.925,8.58078,8.58142,1.50,1.58
2013.02.04 14:10:37.771,8.58082,8.58142,1.50,1.58
2013.02.04 14:10:38.020,8.57997,8.58107,1.50,2.18
2013.02.04 14:10:38.562,8.57978,8.5807,1.50,2.03
2013.02.04 14:10:39.135,8.57918,8.58042,1.50,1.50
2013.02.04 14:10:40.106,8.57918,8.58042,1.50,1.88
2013.02.04 14:10:40.235,8.57892,8.57991,1.50,2.25
2013.02.04 14:10:40.295,8.57867,8.57991,1.50,2.25
2013.02.04 14:10:40.639,8.57867,8.57986,1.50,1.65
2013.02.04 14:10:40.945,8.57867,8.57986,1.50,1.80
2013.02.04 14:10:41.305,8.57867,8.57952,1.50,1.65
2013.02.04 14:10:41.696,8.57836,8.57914,1.50,2.25
2013.02.04 14:10:42.294,8.57811,8.57914,1.50,2.25
2013.02.04 14:10:42.356,8.57805,8.57914,1.50,2.25
2013.02.04 14:10:43.065,8.57805,8.57883,1.50,2.18
2013.02.04 14:10:43.391,8.57754,8.5788,1.50,2.25
2013.02.04 14:10:43.458,8.57754,8.5788,2.25,2.25
2013.02.04 14:10:43.766,8.5786,8.57937,1.50,2.33
2013.02.04 14:10:44.066,8.5786,8.57955,1.50,2.40
2013.02.04 14:10:44.690,8.5786,8.57954,1.50,2.33
2013.02.04 14:10:44.815,8.57854,8.57954,1.50,2.33
2013.02.04 14:10:44.935,8.57854,8.57947,1.50,2.18
2013.02.04 14:10:45.115,8.57834,8.57947,1.50,2.18
2013.02.04 14:10:45.345,8.57803,8.57929,1.50,1.50
2013.02.04 14:10:45.405,8.57803,8.57912,1.50,2.70
2013.02.04 14:10:46.365,8.57783,8.57909,1.50,2.25
2013.02.04 14:10:50.882,8.57655,8.57854,4.35,1.35
2013.02.04 14:10:51.005,8.57633,8.57779,4.98,1.65
2013.02.04 14:10:51.066,8.57654,8.57792,1.50,2.40
2013.02.04 14:10:51.246,8.57607,8.57752,1.65,1.50
2013.02.04 14:10:51.485,8.57623,8.57767,1.50,1.50
2013.02.04 14:10:51.605,8.57631,8.57775,1.50,1.50
2013.02.04 14:10:52.056,8.57684,8.57792,1.50,1.73
2013.02.04 14:10:53.236,8.57695,8.57792,1.50,1.73
2013.02.04 14:10:54.406,8.57695,8.57795,1.50,2.93
2013.02.04 14:10:54.706,8.57713,8.57795,1.50,2.93
2013.02.04 14:10:54.947,8.57713,8.57799,1.50,1.65
2013.02.04 14:10:55.126,8.57724,8.57799,1.50,1.65
2013.02.04 14:10:55.625,8.57743,8.57799,1.50,1.65
2013.02.04 14:11:01.496,8.57753,8.57799,1.50,1.65
2013.02.04 14:11:02.326,8.57753,8.57802,1.50,1.95
2013.02.04 14:11:08.466,8.57744,8.57802,1.50,1.95
2013.02.04 14:11:09.785,8.57784,8.57832,1.50,2.93
2013.02.04 14:11:09.904,8.57821,8.57972,3.00,1.50
2013.02.04 14:11:10.775,8.57822,8.57972,1.50,1.50
2013.02.04 14:11:11.014,8.5781,8.57952,1.50,1.50
2013.02.04 14:11:11.224,8.57825,8.57952,1.50,1.50
2013.02.04 14:11:11.584,8.5782,8.57952,1.50,1.50
2013.02.04 14:11:11.845,8.57775,8.57922,1.50,1.69
2013.02.04 14:11:11.964,8.5777,8.57915,1.50,1.69
2013.02.04 14:11:16.745,8.57775,8.57924,1.50,1.69
2013.02.04 14:11:18.785,8.57771,8.57914,1.50,1.69
2013.02.04 14:11:21.554,8.57778,8.57924,1.50,1.69
2013.02.04 14:11:22.113,8.57773,8.57916,1.50,1.69
2013.02.04 14:11:22.354,8.57764,8.57911,1.50,1.69
2013.02.04 14:11:22.714,8.57783,8.57929,1.50,1.69
2013.02.04 14:11:22.900,8.57778,8.57922,1.50,1.69
2013.02.04 14:11:23.876,8.57787,8.5793,1.50,1.69
2013.02.04 14:11:24.405,8.57792,8.57938,1.50,1.69
2013.02.04 14:11:24.466,8.57784,8.57929,1.50,1.69
2013.02.04 14:11:24.744,8.57777,8.5792,1.50,1.69
2013.02.04 14:11:25.102,8.57779,8.57921,1.50,1.69
2013.02.04 14:11:25.455,8.5777,8.57913,1.50,1.69
2013.02.04 14:11:25.626,8.57778,8.57926,1.50,1.69
2013.02.04 14:11:26.175,8.57779,8.57922,1.50,1.69
2013.02.04 14:11:26.662,8.57793,8.57936,1.50,1.69
2013.02.04 14:11:26.724,8.57785,8.57932,1.50,1.69
2013.02.04 14:11:26.845,8.57775,8.57924,1.50,1.69
2013.02.04 14:11:27.745,8.57783,8.57932,1.50,1.69
2013.02.04 14:11:28.465,8.57776,8.57924,1.50,1.69
2013.02.04 14:11:28.911,8.57772,8.57916,1.50,1.69
2013.02.04 14:11:29.132,8.57776,8.57924,1.50,1.69
2013.02.04 14:11:29.445,8.57762,8.57904,1.50,1.69
2013.02.04 14:11:29.918,8.57769,8.57914,1.50,1.69
2013.02.04 14:11:30.537,8.57775,8.57921,1.50,1.69
2013.02.04 14:11:32.196,8.57787,8.57922,1.50,1.69
2013.02.04 14:11:33.745,8.57772,8.57917,1.50,1.69
2013.02.04 14:11:33.965,8.57781,8.57922,1.50,1.69
2013.02.04 14:11:34.419,8.57787,8.57922,1.50,1.69
2013.02.04 14:11:35.076,8.57795,8.57922,1.50,1.69
2013.02.04 14:11:35.386,8.57837,8.57899,1.50,1.58
2013.02.04 14:11:35.565,8.57833,8.57899,1.50,1.58
2013.02.04 14:11:38.836,8.57826,8.57899,1.50,1.58
2013.02.04 14:11:39.328,8.57832,8.57899,1.50,1.58
2013.02.04 14:11:40.166,8.57827,8.57899,1.50,1.58
2013.02.04 14:11:42.648,8.57835,8.57899,1.50,1.58
2013.02.04 14:11:42.976,8.5785,8.57899,1.50,1.58
2013.02.04 14:11:43.466,8.57845,8.57899,1.50,1.58
2013.02.04 14:11:44.036,8.5785,8.57899,1.50,1.58
2013.02.04 14:11:44.686,8.57857,8.57899,1.50,1.58
2013.02.04 14:11:45.406,8.5785,8.57899,1.50,1.58
2013.02.04 14:11:45.746,8.57869,8.57909,1.50,2.10
2013.02.04 14:11:46.348,8.57854,8.57909,1.50,2.10
2013.02.04 14:11:46.427,8.57838,8.57909,1.50,2.10
2013.02.04 14:11:46.497,8.57829,8.57909,1.50,2.10
2013.02.04 14:11:46.736,8.57835,8.57909,1.50,2.10
2013.02.04 14:11:46.856,8.57824,8.57909,1.50,2.10
2013.02.04 14:11:47.138,8.57837,8.57909,1.50,2.10
2013.02.04 14:11:47.445,8.57843,8.57909,1.50,2.10
2013.02.04 14:11:47.505,8.57833,8.57909,1.50,2.10
2013.02.04 14:11:47.678,8.57828,8.57909,1.50,2.10
2013.02.04 14:11:47.957,8.57833,8.57909,1.50,2.10
2013.02.04 14:11:48.236,8.57829,8.57909,1.50,2.10
2013.02.04 14:11:49.309,8.57834,8.57909,1.50,2.10
2013.02.04 14:11:49.376,8.57831,8.57909,1.50,2.10
2013.02.04 14:11:50.028,8.57836,8.57909,1.50,2.10
2013.02.04 14:11:51.975,8.57848,8.57909,1.50,2.10
2013.02.04 14:11:52.335,8.57835,8.57909,1.50,2.10
2013.02.04 14:11:52.827,8.57831,8.57909,1.50,2.10
2013.02.04 14:11:53.715,8.57836,8.57909,1.50,2.10
2013.02.04 14:11:54.108,8.57838,8.57909,1.50,2.10
2013.02.04 14:11:54.408,8.57823,8.57909,1.50,2.10
2013.02.04 14:11:54.886,8.57837,8.57909,1.50,2.10
2013.02.04 14:11:55.827,8.57829,8.57909,1.50,2.10
2013.02.04 14:11:56.255,8.57824,8.57909,1.50,2.10
2013.02.04 14:12:02.946,8.57831,8.57919,1.50,2.18
2013.02.04 14:12:03.427,8.57755,8.57876,1.95,1.50
2013.02.04 14:12:03.676,8.57755,8.57877,2.10,1.50
2013.02.04 14:12:04.035,8.57815,8.57906,1.50,1.08
2013.02.04 14:12:04.278,8.57747,8.57892,1.50,1.50
2013.02.04 14:12:04.396,8.57747,8.57882,1.50,1.50
2013.02.04 14:12:04.740,8.57739,8.57866,2.03,1.50
2013.02.04 14:12:05.350,8.57801,8.57903,1.50,2.25
2013.02.04 14:12:05.487,8.57824,8.57927,1.50,2.63
2013.02.04 14:12:05.557,8.5782,8.57927,1.50,2.63
2013.02.04 14:12:05.687,8.57827,8.57927,1.50,2.63
2013.02.04 14:12:05.999,8.57838,8.57927,1.50,2.63
2013.02.04 14:12:06.945,8.57767,8.57916,2.25,1.50
2013.02.04 14:12:07.005,8.57767,8.57887,2.25,1.50
2013.02.04 14:12:07.328,8.57798,8.57898,1.50,2.73
2013.02.04 14:12:07.635,8.57823,8.57908,1.50,2.94
2013.02.04 14:12:07.755,8.57763,8.57906,4.28,2.25
2013.02.04 14:12:07.876,8.57763,8.57868,4.28,1.50
2013.02.04 14:12:08.056,8.57763,8.57906,4.13,1.65
2013.02.04 14:12:08.116,8.57753,8.57901,1.50,2.40
2013.02.04 14:12:08.177,8.57835,8.57907,1.50,1.95
2013.02.04 14:12:08.376,8.57826,8.57907,1.50,1.95
2013.02.04 14:12:09.006,8.57826,8.5793,1.50,2.40
2013.02.04 14:12:09.067,8.57835,8.5793,1.50,2.40
2013.02.04 14:12:09.385,8.57843,8.5793,1.50,2.40
2013.02.04 14:12:12.327,8.57831,8.5793,1.50,2.40
2013.02.04 14:12:13.011,8.5783,8.5793,1.50,2.40
2013.02.04 14:12:23.736,8.57823,8.5793,1.50,2.40
2013.02.04 14:12:32.006,8.5778,8.57906,1.50,1.50
2013.02.04 14:13:02.356,8.57793,8.57906,2.10,1.50
2013.02.04 14:13:02.416,8.57807,8.57913,1.35,1.50
2013.02.04 14:13:02.546,8.57815,8.57931,1.35,1.50
2013.02.04 14:13:02.605,8.57807,8.57931,3.00,1.50
2013.02.04 14:13:02.665,8.57891,8.57961,1.50,1.50
2013.02.04 14:13:02.847,8.57818,8.57914,1.65,1.50
2013.02.04 14:13:03.588,8.57818,8.57904,1.65,1.50
2013.02.04 14:13:03.716,8.57818,8.57916,1.65,1.50
2013.02.04 14:13:03.847,8.57818,8.57899,1.65,1.50
2013.02.04 14:13:04.856,8.57818,8.57909,1.65,1.50
2013.02.04 14:13:05.036,8.5784,8.57966,1.50,1.50
2013.02.04 14:13:10.042,8.57818,8.57912,1.65,1.50
2013.02.04 14:13:10.297,8.57818,8.57926,1.65,1.50
2013.02.04 14:13:10.496,8.57841,8.57952,1.50,1.50
2013.02.04 14:13:10.556,8.57841,8.57965,1.50,1.50
2013.02.04 14:13:18.877,8.57841,8.57962,1.50,1.13
2013.02.04 14:13:19.115,8.5778,8.57906,1.65,1.50
2013.02.04 14:13:19.176,8.5778,8.57906,1.50,1.65
2013.02.04 14:13:20.195,8.57757,8.57883,1.50,1.50
2013.02.04 14:13:35.466,8.57757,8.57883,1.50,2.25
2013.02.04 14:13:35.777,8.57702,8.57828,1.50,2.25
2013.02.04 14:13:40.595,8.57711,8.57834,1.50,2.18
2013.02.04 14:13:48.016,8.57711,8.57835,1.50,2.25
2013.02.04 14:13:49.637,8.57719,8.57835,1.50,2.25
2013.02.04 14:13:54.616,8.57678,8.57758,1.50,1.50
2013.02.04 14:13:54.675,8.5764,8.57725,2.18,1.65
2013.02.04 14:13:54.735,8.57589,8.57702,2.42,1.65
2013.02.04 14:13:54.856,8.57562,8.57669,1.73,1.50
2013.02.04 14:13:54.976,8.57523,8.57662,1.50,3.00
2013.02.04 14:13:55.156,8.57514,8.5766,1.50,2.25
2013.02.04 14:13:55.216,8.57524,8.57662,1.50,3.00
2013.02.04 14:13:55.576,8.57524,8.5761,1.50,2.40
2013.02.04 14:13:55.876,8.57507,8.5759,1.50,2.40
2013.02.04 14:13:58.285,8.57499,8.57572,1.50,1.58
2013.02.04 14:13:58.426,8.57488,8.57572,1.50,1.58
2013.02.04 14:13:59.229,8.57479,8.57572,1.50,1.58
2013.02.04 14:13:59.616,8.57468,8.57572,1.50,2.40
2013.02.04 14:13:59.675,8.57482,8.57572,1.50,2.40
2013.02.04 14:14:00.686,8.57503,8.57572,1.50,2.40
2013.02.04 14:14:02.246,8.57503,8.57576,1.50,1.65
2013.02.04 14:14:02.306,8.57494,8.57576,1.50,1.65
2013.02.04 14:14:02.367,8.57503,8.57576,1.50,1.65
2013.02.04 14:14:03.784,8.57495,8.57576,1.50,1.65
2013.02.04 14:14:03.910,8.57484,8.57576,1.50,1.80
2013.02.04 14:14:03.976,8.57484,8.57527,1.50,2.93
2013.02.04 14:14:04.036,8.57473,8.57527,1.50,2.93
2013.02.04 14:14:04.245,8.57449,8.57527,1.50,2.93
2013.02.04 14:14:04.306,8.57427,8.57527,1.50,2.93
2013.02.04 14:14:04.373,8.57443,8.57527,1.50,2.93
2013.02.04 14:14:04.757,8.57433,8.57519,1.50,2.10
2013.02.04 14:14:04.945,8.57408,8.57502,1.50,1.50
2013.02.04 14:14:05.006,8.57384,8.57502,1.58,1.50
2013.02.04 14:14:05.162,8.57384,8.57502,1.50,1.50
2013.02.04 14:14:05.638,8.57384,8.57482,1.50,1.50
2013.02.04 14:14:05.706,8.57364,8.57482,2.33,1.50
2013.02.04 14:14:06.272,8.57364,8.57482,1.58,1.50
2013.02.04 14:14:09.725,8.57364,8.57482,1.58,1.50
2013.02.04 14:14:11.340,8.57358,8.57474,1.39,1.50
2013.02.04 14:14:12.597,8.57358,8.57474,1.39,1.88
2013.02.04 14:14:12.656,8.57352,8.57433,2.10,1.88
2013.02.04 14:14:12.776,8.57328,8.57367,1.20,2.48
2013.02.04 14:14:12.836,8.57287,8.57367,1.50,2.48
2013.02.04 14:14:13.016,8.5726,8.57367,1.50,2.48
2013.02.04 14:14:13.077,8.57216,8.57363,1.50,2.25
2013.02.04 14:14:13.319,8.57216,8.57348,1.50,2.25
2013.02.04 14:14:13.766,8.57216,8.57334,1.50,1.80
2013.02.04 14:14:14.007,8.57216,8.57339,1.50,2.78
2013.02.04 14:14:15.938,8.57216,8.57354,1.50,1.50
2013.02.04 14:14:20.114,8.57207,8.57354,1.50,3.00
2013.02.04 14:14:20.336,8.57198,8.57345,1.50,2.25
2013.02.04 14:14:21.256,8.57198,8.57312,1.50,1.50
2013.02.04 14:14:21.316,8.5719,8.57312,1.50,1.50
2013.02.04 14:14:21.436,8.57177,8.57304,1.95,1.50
2013.02.04 14:14:21.795,8.57174,8.57304,2.25,1.50
2013.02.04 14:14:25.607,8.57174,8.57304,2.40,1.50
2013.02.04 14:14:25.906,8.57224,8.57346,1.50,1.50
2013.02.04 14:14:25.966,8.57249,8.57357,1.50,2.18
2013.02.04 14:14:26.167,8.57238,8.57357,1.50,2.18
2013.02.04 14:14:26.606,8.57247,8.57357,1.50,2.18
2013.02.04 14:14:27.766,8.57247,8.57359,1.50,2.55
2013.02.04 14:14:30.565,8.57186,8.57333,1.50,1.50
2013.02.04 14:14:30.686,8.57186,8.57333,1.50,2.25
2013.02.04 14:14:31.046,8.57186,8.57331,1.50,1.58
2013.02.04 14:14:32.725,8.57186,8.5733,1.50,2.40
2013.02.04 14:14:37.949,8.57186,8.57327,1.50,2.70
2013.02.04 14:14:38.925,8.57179,8.57324,1.50,2.25
2013.02.04 14:14:39.666,8.57165,8.57314,2.10,1.50
2013.02.04 14:14:39.785,8.57175,8.57324,1.50,2.25
2013.02.04 14:14:40.247,8.57185,8.57325,1.50,1.73
2013.02.04 14:14:40.525,8.57185,8.57334,1.50,2.25
2013.02.04 14:14:40.710,8.57185,8.57334,2.25,1.50
2013.02.04 14:14:42.955,8.57185,8.57334,1.50,2.25
2013.02.04 14:14:45.035,8.57185,8.57334,1.50,2.25
2013.02.04 14:14:50.046,8.57185,8.57331,1.50,2.93
2013.02.04 14:14:50.185,8.57185,8.57334,1.50,2.25
2013.02.04 14:14:51.266,8.57185,8.57334,1.50,2.25
2013.02.04 14:14:56.335,8.57185,8.57334,1.50,3.98
2013.02.04 14:14:57.685,8.57185,8.5732,1.50,2.85
2013.02.04 14:14:59.335,8.57185,8.57323,1.50,1.88
2013.02.04 14:15:02.206,8.57185,8.57315,1.50,2.85
2013.02.04 14:15:04.295,8.57185,8.57321,1.50,2.10
2013.02.04 14:15:07.297,8.57185,8.57315,1.50,2.10
2013.02.04 14:15:08.696,8.57185,8.5732,1.50,2.55
2013.02.04 14:15:09.886,8.57197,8.5732,2.48,2.55
2013.02.04 14:15:10.006,8.57205,8.57344,1.73,1.50
2013.02.04 14:15:10.126,8.57263,8.57353,1.50,2.25
2013.02.04 14:15:10.536,8.57249,8.57359,1.50,1.73
2013.02.04 14:15:15.605,8.57304,8.57372,2.10,2.55
2013.02.04 14:15:15.664,8.57343,8.57394,2.48,1.50
2013.02.04 14:15:15.785,8.57358,8.57443,1.50,1.50
2013.02.04 14:15:15.906,8.57358,8.57502,1.73,1.50
2013.02.04 14:15:15.965,8.57355,8.57496,2.48,2.18
2013.02.04 14:15:16.527,8.57385,8.57495,1.88,1.80
2013.02.04 14:15:17.046,8.57385,8.57495,1.88,1.80
2013.02.04 14:15:17.286,8.57421,8.57498,2.25,2.03
2013.02.04 14:15:17.406,8.57421,8.57498,2.25,2.03
2013.02.04 14:15:17.526,8.57421,8.57524,2.25,1.95
2013.02.04 14:15:17.646,8.57455,8.57524,1.50,1.95
2013.02.04 14:15:17.967,8.57475,8.57524,1.50,1.95
2013.02.04 14:15:18.026,8.57475,8.57554,1.50,2.55
2013.02.04 14:15:18.266,8.57486,8.57575,1.50,2.03
2013.02.04 14:15:18.646,8.57486,8.57575,1.65,2.03
2013.02.04 14:15:18.827,8.57486,8.57629,1.65,2.33
2013.02.04 14:15:18.886,8.57546,8.57629,1.50,2.33
2013.02.04 14:15:19.066,8.57536,8.57629,1.50,2.33
2013.02.04 14:15:19.246,8.57545,8.57629,1.50,2.33
2013.02.04 14:15:19.718,8.57545,8.57624,1.50,2.48
2013.02.04 14:15:22.488,8.57596,8.57648,1.50,2.85
2013.02.04 14:15:22.795,8.57607,8.57648,1.50,2.85
2013.02.04 14:15:22.996,8.57607,8.5765,1.50,1.58
2013.02.04 14:15:26.489,8.57589,8.5765,1.50,1.58
2013.02.04 14:15:26.556,8.57589,8.57654,1.50,2.85
2013.02.04 14:15:26.616,8.57572,8.57654,1.50,2.85
2013.02.04 14:15:30.184,8.57615,8.5766,1.50,1.95
2013.02.04 14:15:30.316,8.57606,8.5766,1.50,1.95
2013.02.04 14:15:32.606,8.57616,8.5766,1.50,1.95
2013.02.04 14:15:32.726,8.57603,8.5766,1.50,1.95
2013.02.04 14:15:32.785,8.57603,8.57685,1.50,1.95
2013.02.04 14:15:32.846,8.57568,8.57685,1.50,1.95
2013.02.04 14:15:32.966,8.57546,8.57685,1.50,1.95
2013.02.04 14:15:33.206,8.5753,8.57673,1.50,1.50
2013.02.04 14:15:33.956,8.57521,8.57668,1.50,1.50
2013.02.04 14:15:34.976,8.57521,8.57662,1.50,2.18
2013.02.04 14:15:35.036,8.57516,8.57659,1.50,2.25
2013.02.04 14:15:35.155,8.57504,8.57649,1.50,1.50
2013.02.04 14:15:35.465,8.57509,8.57658,1.50,2.25
2013.02.04 14:15:35.717,8.57485,8.57634,1.50,1.50
2013.02.04 14:15:38.836,8.57485,8.57626,1.50,1.73
2013.02.04 14:15:55.717,8.5749,8.57626,1.50,1.73
2013.02.04 14:15:57.200,8.57477,8.57622,2.25,2.25
2013.02.04 14:15:57.345,8.57503,8.57626,1.50,1.73
2013.02.04 14:15:57.556,8.57496,8.57629,1.50,1.58
2013.02.04 14:15:58.016,8.57496,8.57642,2.25,2.25
2013.02.04 14:15:58.076,8.57505,8.57648,1.50,2.33
2013.02.04 14:15:58.595,8.57514,8.57648,1.50,2.33
2013.02.04 14:15:58.664,8.57503,8.57648,1.50,2.33
2013.02.04 14:16:04.679,8.57511,8.57648,1.50,2.33
2013.02.04 14:16:06.086,8.5752,8.57648,1.50,2.33
2013.02.04 14:16:06.433,8.57511,8.57648,1.50,2.33
2013.02.04 14:16:07.236,8.57502,8.57648,1.50,2.33
2013.02.04 14:16:08.106,8.57515,8.57648,1.50,2.33
2013.02.04 14:16:17.121,8.57503,8.57648,1.50,2.33
2013.02.04 14:16:19.176,8.57512,8.57648,1.50,2.33
2013.02.04 14:16:19.785,8.57521,8.57648,1.50,2.33
2013.02.04 14:16:20.156,8.57537,8.57648,1.50,2.33
2013.02.04 14:16:28.246,8.57537,8.57629,1.50,2.93
2013.02.04 14:16:28.306,8.57512,8.57629,1.50,2.93
2013.02.04 14:16:31.235,8.57512,8.57626,1.50,2.85
2013.02.04 14:16:37.606,8.57543,8.57626,2.10,2.85
2013.02.04 14:16:37.728,8.57567,8.57659,2.25,2.18
2013.02.04 14:16:39.697,8.57567,8.57674,2.25,2.70
2013.02.04 14:16:54.207,8.57576,8.57674,1.50,2.70
2013.02.04 14:16:56.816,8.57585,8.57674,1.50,2.70
2013.02.04 14:16:56.996,8.57556,8.57665,1.50,2.25
2013.02.04 14:17:03.498,8.57544,8.57665,1.50,2.25
2013.02.04 14:17:04.329,8.57535,8.57661,1.50,2.25
2013.02.04 14:17:05.516,8.57553,8.57665,1.50,2.25
2013.02.04 14:17:14.213,8.57553,8.57666,1.50,2.25
2013.02.04 14:17:20.482,8.57553,8.57651,1.50,2.85
2013.02.04 14:17:24.829,8.57545,8.57651,1.50,2.85
2013.02.04 14:17:43.466,8.57545,8.57638,1.50,1.52
2013.02.04 14:17:43.767,8.57455,8.57558,1.50,1.50
2013.02.04 14:17:44.303,8.57455,8.57529,1.50,1.50
2013.02.04 14:17:44.373,8.57404,8.57451,1.73,1.50
2013.02.04 14:17:44.876,8.57386,8.57456,1.73,1.50
2013.02.04 14:17:44.936,8.57391,8.57459,1.73,1.50
2013.02.04 14:17:44.996,8.57354,8.57459,2.48,1.50
2013.02.04 14:17:45.867,8.57354,8.5743,2.48,1.50
2013.02.04 14:17:46.226,8.57351,8.57417,2.55,1.50
2013.02.04 14:17:46.286,8.57334,8.57443,2.25,1.69
2013.02.04 14:17:46.406,8.57344,8.57468,1.50,1.50
2013.02.04 14:17:46.894,8.57328,8.57426,2.85,1.50
2013.02.04 14:17:47.377,8.57328,8.57407,2.85,1.50
2013.02.04 14:17:48.807,8.57328,8.57428,2.85,1.50
2013.02.04 14:17:49.196,8.57338,8.57428,1.13,1.50
2013.02.04 14:17:49.256,8.57395,8.57512,1.50,2.55
2013.02.04 14:17:49.323,8.57395,8.57502,1.50,1.35
2013.02.04 14:17:49.397,8.57376,8.57502,1.50,1.35
2013.02.04 14:17:49.516,8.57338,8.57463,1.50,2.63
2013.02.04 14:17:49.819,8.57293,8.57357,2.18,1.50
2013.02.04 14:17:50.406,8.57293,8.57411,2.18,1.50
2013.02.04 14:17:50.466,8.57291,8.57411,2.78,1.50
2013.02.04 14:17:50.708,8.57243,8.57381,1.50,1.65
2013.02.04 14:17:50.767,8.57218,8.57357,1.50,1.50
2013.02.04 14:17:51.306,8.57204,8.57337,2.93,1.50
2013.02.04 14:17:51.697,8.57234,8.57337,1.13,1.50
2013.02.04 14:17:51.757,8.57241,8.57361,2.40,1.65
2013.02.04 14:17:51.817,8.57248,8.57381,1.65,1.50
2013.02.04 14:17:51.876,8.57285,8.57381,1.50,1.50
2013.02.04 14:17:51.946,8.57285,8.57399,1.50,2.85
2013.02.04 14:17:52.547,8.57285,8.57403,1.50,1.95
2013.02.04 14:17:54.269,8.57266,8.57403,1.65,1.95
2013.02.04 14:17:54.336,8.57266,8.57392,1.50,1.50
2013.02.04 14:17:54.406,8.57215,8.57327,2.10,3.00
2013.02.04 14:17:54.586,8.57184,8.57265,1.65,1.50
2013.02.04 14:17:54.896,8.57179,8.57265,1.73,1.50
2013.02.04 14:17:55.786,8.57098,8.57245,2.25,2.25
2013.02.04 14:17:56.616,8.57096,8.57218,1.95,1.50
2013.02.04 14:17:57.005,8.57128,8.57218,2.40,1.50
2013.02.04 14:17:57.626,8.57164,8.57278,1.50,2.78
2013.02.04 14:17:57.987,8.57164,8.57285,1.50,2.03
2013.02.04 14:17:58.536,8.5715,8.57285,1.50,2.03
2013.02.04 14:17:59.507,8.5715,8.57289,1.50,2.63
2013.02.04 14:17:59.566,8.57141,8.57288,2.25,2.25
2013.02.04 14:18:01.256,8.57131,8.5728,3.30,2.25
2013.02.04 14:18:01.847,8.57131,8.57267,3.30,2.10
2013.02.04 14:18:02.206,8.57066,8.57171,2.03,1.50
2013.02.04 14:18:02.266,8.57047,8.57171,2.25,1.50
2013.02.04 14:18:03.187,8.57037,8.5715,1.80,1.50
2013.02.04 14:18:03.500,8.57037,8.57159,1.80,1.50
2013.02.04 14:18:03.626,8.57037,8.57166,1.80,1.50
2013.02.04 14:18:04.126,8.57047,8.57166,1.13,1.50
2013.02.04 14:18:04.446,8.57109,8.5722,1.50,2.18
2013.02.04 14:18:05.476,8.57099,8.5722,1.65,2.18
2013.02.04 14:18:05.535,8.57099,8.5721,1.65,1.50
2013.02.04 14:18:05.776,8.56956,8.57117,1.34,1.50
2013.02.04 14:18:05.895,8.5693,8.57117,4.35,1.50
2013.02.04 14:18:06.016,8.56935,8.57082,1.50,1.50
2013.02.04 14:18:06.076,8.56925,8.57082,2.55,1.50
2013.02.04 14:18:06.201,8.5692,8.57082,1.73,1.50
2013.02.04 14:18:06.412,8.56908,8.57082,2.10,1.50
2013.02.04 14:18:07.088,8.56939,8.57088,1.50,2.25
2013.02.04 14:18:07.606,8.56939,8.57088,1.50,2.25
2013.02.04 14:18:07.846,8.56939,8.57088,1.88,3.53
2013.02.04 14:18:07.966,8.56961,8.57088,2.55,1.50
2013.02.04 14:18:08.086,8.56961,8.57088,2.40,1.50
2013.02.04 14:18:08.207,8.56969,8.57088,2.18,1.50
2013.02.04 14:18:08.326,8.56939,8.57088,2.25,2.25
2013.02.04 14:18:08.506,8.56939,8.57084,2.25,2.63
2013.02.04 14:18:09.162,8.56939,8.5708,1.50,2.33
2013.02.04 14:18:09.759,8.56931,8.57067,1.50,2.33
2013.02.04 14:18:09.826,8.56912,8.57057,2.63,2.25
2013.02.04 14:18:10.386,8.56915,8.57057,1.13,2.25
2013.02.04 14:18:10.626,8.5693,8.57057,2.25,1.50
2013.02.04 14:18:10.747,8.5691,8.57057,2.25,3.53
2013.02.04 14:18:10.926,8.5691,8.57051,1.50,1.58
2013.02.04 14:18:11.517,8.56882,8.57027,2.78,2.25
2013.02.04 14:18:11.817,8.56882,8.57007,2.78,1.50
2013.02.04 14:18:12.347,8.56867,8.57007,2.63,1.50
2013.02.04 14:18:13.046,8.5687,8.57007,2.25,1.50
2013.02.04 14:18:13.106,8.5687,8.57017,3.75,2.25
2013.02.04 14:18:13.346,8.5687,8.57012,1.50,1.73
2013.02.04 14:18:13.676,8.56859,8.57003,2.25,2.48
2013.02.04 14:18:14.366,8.56855,8.56998,1.65,2.25
2013.02.04 14:18:14.726,8.5686,8.56998,1.50,1.65
2013.02.04 14:18:14.906,8.56821,8.56964,1.50,2.18
2013.02.04 14:18:14.996,8.56821,8.56952,1.50,1.50
2013.02.04 14:18:15.346,8.5681,8.56928,2.33,1.50
2013.02.04 14:18:15.648,8.56825,8.56928,2.63,1.50
2013.02.04 14:18:16.199,8.56839,8.56979,1.50,2.70
2013.02.04 14:18:16.735,8.56834,8.56977,2.40,2.25
2013.02.04 14:18:16.796,8.56834,8.56977,2.40,2.25
2013.02.04 14:18:17.315,8.5683,8.56973,1.88,2.25
2013.02.04 14:18:17.996,8.56824,8.56958,1.50,2.85
2013.02.04 14:18:18.304,8.56806,8.56928,1.80,1.50
2013.02.04 14:18:18.546,8.56797,8.56928,1.88,1.50
2013.02.04 14:18:18.766,8.56793,8.56928,2.18,1.50
2013.02.04 14:18:18.917,8.56793,8.56938,3.83,2.25
2013.02.04 14:18:18.987,8.56802,8.56938,3.08,1.50
2013.02.04 14:18:19.046,8.56802,8.56948,3.08,2.25
2013.02.04 14:18:19.226,8.568,8.56948,2.78,2.25
2013.02.04 14:18:19.535,8.568,8.56937,2.78,1.50
2013.02.04 14:18:20.525,8.56798,8.56937,1.65,1.50
2013.02.04 14:18:21.078,8.56807,8.56937,1.65,1.50
2013.02.04 14:18:23.055,8.56807,8.56927,1.65,1.50
2013.02.04 14:18:24.687,8.56798,8.56942,2.10,2.25
2013.02.04 14:18:24.807,8.56787,8.56898,1.50,1.50
2013.02.04 14:18:25.046,8.56823,8.56946,1.50,2.93
2013.02.04 14:18:25.817,8.56809,8.56946,1.50,2.93
2013.02.04 14:18:26.626,8.56809,8.56946,1.65,2.93
2013.02.04 14:18:26.926,8.5682,8.56965,2.40,2.63
2013.02.04 14:18:27.126,8.56827,8.56967,2.85,1.50
2013.02.04 14:18:29.345,8.56896,8.56981,1.50,1.80
2013.02.04 14:18:29.587,8.56949,8.57066,2.93,1.50
2013.02.04 14:18:29.646,8.56949,8.57066,2.93,1.50
2013.02.04 14:18:29.706,8.56949,8.57094,2.93,2.25
2013.02.04 14:18:29.903,8.56966,8.57102,1.65,2.25
2013.02.04 14:18:31.828,8.56976,8.57108,1.88,1.80
2013.02.04 14:18:31.947,8.57037,8.57161,4.11,2.63
2013.02.04 14:18:32.246,8.57024,8.57161,1.50,2.63
2013.02.04 14:18:32.306,8.57009,8.5714,2.25,1.50
2013.02.04 14:18:32.426,8.56993,8.5714,2.25,3.60
2013.02.04 14:18:32.546,8.57003,8.5714,1.50,2.10
2013.02.04 14:18:33.076,8.56986,8.57129,1.50,1.50
2013.02.04 14:18:34.866,8.56997,8.57129,1.35,1.50
2013.02.04 14:18:35.046,8.57044,8.57178,1.65,1.65
2013.02.04 14:18:35.167,8.57047,8.57178,3.22,1.65
2013.02.04 14:18:35.405,8.57044,8.57178,1.65,1.65
2013.02.04 14:18:35.586,8.57047,8.57178,2.02,1.65
2013.02.04 14:18:35.895,8.57069,8.57178,2.48,1.65
2013.02.04 14:18:36.016,8.57107,8.57189,2.40,1.50
2013.02.04 14:18:36.078,8.57107,8.57189,3.23,1.50
2013.02.04 14:18:36.136,8.57107,8.5721,3.23,1.50
2013.02.04 14:18:36.196,8.57178,8.57249,1.50,1.65
2013.02.04 14:18:36.377,8.57178,8.57243,1.50,2.70
2013.02.04 14:18:36.498,8.57178,8.57274,1.50,1.95
2013.02.04 14:18:39.049,8.57178,8.57277,1.50,2.33
2013.02.04 14:18:39.267,8.57185,8.57277,1.50,2.33
2013.02.04 14:18:45.078,8.57178,8.57277,1.50,2.33
2013.02.04 14:18:46.596,8.57178,8.57278,1.50,2.55
2013.02.04 14:18:51.627,8.57178,8.57267,1.50,1.50
2013.02.04 14:18:56.446,8.57178,8.57271,1.50,2.25
2013.02.04 14:18:56.716,8.57178,8.57266,1.50,1.50
2013.02.04 14:18:57.038,8.57178,8.57277,1.50,2.25
2013.02.04 14:18:57.806,8.57178,8.57268,1.50,1.50
2013.02.04 14:19:03.236,8.57178,8.57274,1.50,2.25
2013.02.04 14:19:05.317,8.57178,8.57246,1.50,2.85
2013.02.04 14:19:05.376,8.57111,8.57246,1.50,2.85
2013.02.04 14:19:05.437,8.57098,8.57232,2.25,1.50
2013.02.04 14:19:05.496,8.57098,8.57225,1.50,1.58
2013.02.04 14:19:06.336,8.57098,8.57212,1.50,1.50
2013.02.04 14:19:09.457,8.57098,8.57219,1.50,2.25
2013.02.04 14:19:10.726,8.57074,8.57185,2.48,1.50
2013.02.04 14:19:10.786,8.57047,8.57194,4.66,2.25
2013.02.04 14:19:10.906,8.57047,8.57158,3.16,1.50
2013.02.04 14:19:12.417,8.57047,8.57161,3.16,1.50
2013.02.04 14:19:13.165,8.57047,8.57157,3.16,1.50
2013.02.04 14:19:14.286,8.57048,8.57148,1.02,1.50
2013.02.04 14:19:14.598,8.57028,8.57118,1.42,1.50
2013.02.04 14:19:14.659,8.57006,8.57118,1.58,1.50
2013.02.04 14:19:14.798,8.57006,8.57128,1.58,1.50
2013.02.04 14:19:15.296,8.57006,8.57117,1.58,1.50
2013.02.04 14:19:15.427,8.57004,8.57128,1.50,1.50
2013.02.04 14:19:15.667,8.57005,8.57128,1.13,1.50
2013.02.04 14:19:15.846,8.57037,8.57132,1.50,1.50
2013.02.04 14:19:15.906,8.57037,8.57163,1.50,1.50
2013.02.04 14:19:16.816,8.5705,8.57176,1.50,1.50
2013.02.04 14:19:17.126,8.5706,8.57184,1.50,2.25
2013.02.04 14:19:19.253,8.57069,8.57189,1.50,2.03
2013.02.04 14:19:20.387,8.57069,8.57179,1.50,1.50
2013.02.04 14:19:20.567,8.57054,8.57169,1.50,1.50
2013.02.04 14:19:20.627,8.57012,8.57128,1.58,1.50
2013.02.04 14:19:22.990,8.57011,8.57128,2.70,1.50
2013.02.04 14:19:23.666,8.57038,8.57128,1.80,1.50
2013.02.04 14:19:23.786,8.57038,8.57141,1.80,1.50
2013.02.04 14:19:23.846,8.57038,8.57153,1.80,1.50
2013.02.04 14:19:24.207,8.57042,8.57153,2.40,1.50
2013.02.04 14:19:24.656,8.57052,8.57153,1.50,1.50
2013.02.04 14:19:24.716,8.57059,8.57185,1.65,1.50
2013.02.04 14:19:24.896,8.57059,8.57185,2.25,1.50
2013.02.04 14:19:24.956,8.57076,8.57202,1.50,1.50
2013.02.04 14:19:25.016,8.57076,8.57191,1.50,1.58
2013.02.04 14:19:25.076,8.57055,8.57181,1.50,2.25
2013.02.04 14:19:25.907,8.57041,8.57165,1.50,1.50
2013.02.04 14:19:30.327,8.5705,8.57176,1.50,1.50
2013.02.04 14:19:32.586,8.5705,8.57176,1.50,1.65
2013.02.04 14:19:32.886,8.56997,8.57121,2.85,1.50
2013.02.04 14:19:32.946,8.56997,8.57084,2.84,1.50
2013.02.04 14:19:33.006,8.57019,8.57094,1.73,1.50
2013.02.04 14:19:33.129,8.57045,8.57171,1.50,1.50
2013.02.04 14:19:33.877,8.57038,8.57162,1.13,1.50
2013.02.04 14:19:35.086,8.57038,8.57153,1.13,1.50
2013.02.04 14:19:37.758,8.57029,8.57142,2.63,1.50
2013.02.04 14:19:37.817,8.57029,8.57154,2.87,1.50
2013.02.04 14:19:37.937,8.57029,8.57144,2.63,1.50
2013.02.04 14:19:43.316,8.57039,8.57144,1.35,1.50
2013.02.04 14:19:43.676,8.57095,8.57169,1.88,1.50
2013.02.04 14:19:43.917,8.57095,8.5719,1.88,1.50
2013.02.04 14:19:45.040,8.57095,8.57181,1.88,1.50
2013.02.04 14:19:45.348,8.57064,8.57168,2.93,1.50
2013.02.04 14:19:45.408,8.57064,8.57145,2.93,1.50
2013.02.04 14:19:46.616,8.57064,8.5717,2.55,1.50
2013.02.04 14:19:48.319,8.57064,8.5717,2.55,1.65
2013.02.04 14:19:48.567,8.57013,8.57137,2.25,1.50
2013.02.04 14:19:51.126,8.57013,8.57084,2.25,1.13
2013.02.04 14:19:51.326,8.56963,8.57042,1.50,1.50
2013.02.04 14:19:51.873,8.56954,8.57054,1.80,1.50
2013.02.04 14:19:52.521,8.56954,8.57043,1.80,1.50
2013.02.04 14:19:54.166,8.56964,8.57043,1.13,1.50
2013.02.04 14:19:54.227,8.56964,8.57074,1.13,1.50
2013.02.04 14:19:54.286,8.57002,8.57126,2.40,2.25
2013.02.04 14:19:54.406,8.57002,8.57128,2.40,1.50
2013.02.04 14:19:55.967,8.57003,8.57128,1.13,1.50
2013.02.04 14:19:56.026,8.57062,8.5714,2.33,1.50
2013.02.04 14:19:56.207,8.57062,8.57166,2.33,1.50
2013.02.04 14:19:56.268,8.57062,8.57184,2.33,1.50
2013.02.04 14:19:56.447,8.57062,8.57176,2.33,1.50
2013.02.04 14:19:59.665,8.57062,8.57176,2.18,2.25
2013.02.04 14:19:59.969,8.57007,8.57081,2.25,1.50
2013.02.04 14:20:00.158,8.56937,8.57081,1.50,2.25
2013.02.04 14:20:00.218,8.56937,8.57079,1.50,1.29
2013.02.04 14:20:00.286,8.56928,8.57072,1.50,1.73
2013.02.04 14:20:00.467,8.56914,8.5706,1.50,1.50
2013.02.04 14:20:01.027,8.56898,8.57022,2.25,1.50
2013.02.04 14:20:01.088,8.56898,8.57022,2.25,1.50
2013.02.04 14:20:01.276,8.56894,8.57014,1.65,1.50
2013.02.04 14:20:01.340,8.5689,8.57014,2.25,1.50
2013.02.04 14:20:01.877,8.56889,8.56997,2.78,1.50
2013.02.04 14:20:02.117,8.56861,8.56987,1.50,2.25
2013.02.04 14:20:02.886,8.5685,8.56974,1.50,1.50
2013.02.04 14:20:09.216,8.5684,8.56966,2.25,1.50
2013.02.04 14:20:09.344,8.56856,8.56982,1.50,1.50
2013.02.04 14:20:11.306,8.56847,8.56971,1.50,1.50
2013.02.04 14:20:15.348,8.56838,8.56962,2.25,1.50
2013.02.04 14:20:16.777,8.5683,8.56952,2.25,1.50
2013.02.04 14:20:16.838,8.56826,8.56952,2.25,1.50
2013.02.04 14:20:16.897,8.56823,8.56929,2.70,1.50
2013.02.04 14:20:17.225,8.56823,8.56915,2.70,1.50
2013.02.04 14:20:17.576,8.56823,8.56907,2.70,1.50
2013.02.04 14:20:17.877,8.56817,8.56913,2.40,1.50
2013.02.04 14:20:18.057,8.56789,8.56913,1.50,2.25
2013.02.04 14:20:18.116,8.56769,8.56893,2.25,1.50
2013.02.04 14:20:18.931,8.56761,8.56881,2.55,1.50
2013.02.04 14:20:19.658,8.56761,8.5681,2.55,3.00
2013.02.04 14:20:19.788,8.5663,8.56751,1.50,1.13
2013.02.04 14:20:19.857,8.56609,8.56751,1.50,1.13
2013.02.04 14:20:19.917,8.5658,8.56709,2.25,1.50
2013.02.04 14:20:20.037,8.5658,8.56719,2.25,1.65
2013.02.04 14:20:20.166,8.56575,8.56719,3.53,1.65
2013.02.04 14:20:20.367,8.56575,8.5671,2.03,1.50
2013.02.04 14:20:20.668,8.56581,8.5671,1.65,1.50
2013.02.04 14:20:20.727,8.56581,8.5672,1.65,1.50
2013.02.04 14:20:21.106,8.56604,8.56728,2.25,2.25
2013.02.04 14:20:22.097,8.56604,8.56728,3.90,2.25
2013.02.04 14:20:22.986,8.56604,8.5672,2.40,1.50
2013.02.04 14:20:25.757,8.56596,8.5672,1.50,1.50
2013.02.04 14:20:25.816,8.56578,8.56702,2.25,2.25
2013.02.04 14:20:26.309,8.56557,8.56678,2.33,2.25
2013.02.04 14:20:26.836,8.56557,8.56662,2.33,1.50
2013.02.04 14:20:27.378,8.56557,8.56661,2.33,1.50
2013.02.04 14:20:27.497,8.56557,8.56676,2.33,1.50
2013.02.04 14:20:27.617,8.56561,8.56687,2.25,1.50
2013.02.04 14:20:27.826,8.56579,8.56703,1.50,1.50
2013.02.04 14:20:28.066,8.56594,8.56718,1.50,2.25
2013.02.04 14:20:28.467,8.56603,8.56723,1.50,2.63
2013.02.04 14:20:32.847,8.56617,8.56723,1.50,2.63
2013.02.04 14:20:35.557,8.56594,8.56718,1.50,2.25
2013.02.04 14:20:39.737,8.5657,8.56696,2.25,1.50
2013.02.04 14:20:40.098,8.56607,8.56706,1.65,1.50
2013.02.04 14:20:40.157,8.56607,8.56713,1.65,1.50
2013.02.04 14:20:41.259,8.56607,8.56703,1.65,1.50
2013.02.04 14:20:42.246,8.56607,8.56743,1.65,1.50
2013.02.04 14:20:43.917,8.56607,8.56734,1.65,1.50
2013.02.04 14:20:45.097,8.56607,8.5673,1.65,1.50
2013.02.04 14:20:45.857,8.56607,8.5673,1.80,1.50
2013.02.04 14:20:46.097,8.56635,8.56756,2.78,1.50
2013.02.04 14:20:46.157,8.56635,8.56765,2.78,1.50
2013.02.04 14:20:46.585,8.56635,8.56753,2.78,1.50
2013.02.04 14:20:48.512,8.56635,8.56768,2.78,2.40
2013.02.04 14:20:48.636,8.56595,8.56736,2.55,1.88
2013.02.04 14:20:48.816,8.56591,8.56717,1.50,1.65
2013.02.04 14:20:49.298,8.56567,8.56712,3.00,2.40
2013.02.04 14:20:49.946,8.56567,8.56691,1.50,1.50
2013.02.04 14:20:50.227,8.56567,8.56703,1.50,2.25
2013.02.04 14:20:50.858,8.5655,8.56694,1.80,2.25
2013.02.04 14:20:54.917,8.5655,8.56691,1.80,1.88
2013.02.04 14:20:55.156,8.56529,8.56662,3.08,1.50
2013.02.04 14:20:55.276,8.56538,8.56684,2.40,2.25
2013.02.04 14:20:55.336,8.56559,8.56684,1.95,1.50
2013.02.04 14:20:56.177,8.56559,8.56699,1.95,1.50
2013.02.04 14:20:56.596,8.56559,8.56621,1.95,2.10
2013.02.04 14:20:56.776,8.56465,8.5656,1.50,1.50
2013.02.04 14:20:56.835,8.5641,8.56557,1.88,2.25
2013.02.04 14:20:56.956,8.5641,8.56517,1.88,1.13
2013.02.04 14:20:57.357,8.56408,8.56517,1.50,1.13
2013.02.04 14:20:57.828,8.56408,8.56483,1.50,1.35
2013.02.04 14:20:58.067,8.5632,8.56452,2.40,1.88
2013.02.04 14:20:58.306,8.56311,8.56452,2.55,1.88
2013.02.04 14:20:58.716,8.56309,8.56433,1.50,1.13
2013.02.04 14:20:58.896,8.56281,8.56413,2.85,1.65
2013.02.04 14:20:59.396,8.5625,8.56413,2.25,1.65
2013.02.04 14:21:01.327,8.56312,8.56413,2.10,1.65
2013.02.04 14:21:01.628,8.56395,8.56541,2.85,1.50
2013.02.04 14:21:01.697,8.56395,8.56552,2.85,1.65
2013.02.04 14:21:01.902,8.56398,8.56552,2.10,1.65
2013.02.04 14:21:02.237,8.56398,8.56539,2.10,1.50
2013.02.04 14:21:02.764,8.56398,8.56512,2.10,1.50
2013.02.04 14:21:05.707,8.56398,8.56504,2.10,1.50
2013.02.04 14:21:07.627,8.56398,8.56535,2.10,1.65
2013.02.04 14:21:08.187,8.56408,8.56535,1.13,1.50
2013.02.04 14:21:08.247,8.56408,8.56542,1.73,1.50
2013.02.04 14:21:08.426,8.56447,8.56589,1.65,2.03
2013.02.04 14:21:09.076,8.56524,8.56638,2.03,1.50
2013.02.04 14:21:09.136,8.56524,8.56659,2.03,1.50
2013.02.04 14:21:09.387,8.56531,8.56679,2.40,2.25
2013.02.04 14:21:09.757,8.56539,8.56684,1.50,2.25
2013.02.04 14:21:09.937,8.56547,8.56687,1.50,2.18
2013.02.04 14:21:10.349,8.56557,8.56687,1.50,2.18
2013.02.04 14:21:13.807,8.56526,8.5667,2.48,1.50
2013.02.04 14:21:14.837,8.56528,8.5667,2.25,1.65
2013.02.04 14:21:14.956,8.56528,8.5667,2.25,2.40
2013.02.04 14:21:15.257,8.56512,8.5666,2.40,2.25
2013.02.04 14:21:15.797,8.56512,8.5666,2.40,2.25
2013.02.04 14:21:16.036,8.56527,8.56667,2.40,2.25
2013.02.04 14:21:16.096,8.56566,8.56675,1.50,1.73
2013.02.04 14:21:17.417,8.56558,8.56655,1.50,1.13
2013.02.04 14:21:17.597,8.56481,8.56624,1.50,1.50
2013.02.04 14:21:17.987,8.5649,8.56624,1.50,1.50
2013.02.04 14:21:18.675,8.56495,8.56624,1.50,1.50
2013.02.04 14:21:18.737,8.5649,8.56624,1.50,1.50
2013.02.04 14:21:24.116,8.56479,8.56621,2.25,1.50
2013.02.04 14:21:26.200,8.56483,8.56624,1.50,1.50
2013.02.04 14:21:32.657,8.5649,8.56624,1.50,1.50
2013.02.04 14:21:32.959,8.56446,8.56592,2.25,2.40
2013.02.04 14:21:35.253,8.5644,8.56572,1.80,1.13
2013.02.04 14:21:35.451,8.56476,8.56583,2.48,1.50
2013.02.04 14:21:35.517,8.56464,8.56564,2.25,1.50
2013.02.04 14:21:35.698,8.56464,8.56588,2.25,1.50
2013.02.04 14:21:36.057,8.56494,8.56589,1.50,1.50
2013.02.04 14:21:36.117,8.56494,8.56622,1.50,3.83
2013.02.04 14:21:36.377,8.5649,8.56622,1.50,3.83
2013.02.04 14:21:36.649,8.56471,8.56614,1.50,2.25
2013.02.04 14:21:36.836,8.56498,8.56624,1.50,2.25
2013.02.04 14:21:36.977,8.56491,8.56624,1.50,2.25
2013.02.04 14:21:37.522,8.56492,8.56624,1.50,2.25
2013.02.04 14:21:37.586,8.56518,8.56624,1.50,2.25
2013.02.04 14:21:41.926,8.56532,8.56624,1.50,2.25
2013.02.04 14:21:42.958,8.5654,8.56624,1.50,2.25
2013.02.04 14:21:43.028,8.56565,8.56683,1.50,1.58
2013.02.04 14:21:43.147,8.56579,8.56683,1.50,1.58
2013.02.04 14:21:43.448,8.56598,8.56681,1.50,2.85
2013.02.04 14:21:43.627,8.56586,8.56679,1.50,2.70
2013.02.04 14:21:43.897,8.56604,8.56679,1.50,2.70
2013.02.04 14:21:44.227,8.56626,8.56679,1.50,2.70
2013.02.04 14:21:46.159,8.56626,8.56702,1.50,1.95
2013.02.04 14:21:48.796,8.566,8.56702,1.50,1.95
2013.02.04 14:21:48.857,8.56575,8.56702,1.50,1.95
2013.02.04 14:21:50.872,8.56657,8.56766,1.50,2.10
2013.02.04 14:21:50.997,8.56651,8.56767,1.50,2.93
2013.02.04 14:21:51.196,8.56655,8.56767,1.50,2.93
2013.02.04 14:21:51.666,8.56666,8.56767,1.50,2.93
2013.02.04 14:21:55.399,8.56697,8.56767,1.50,2.93
2013.02.04 14:21:55.618,8.56689,8.56767,1.50,2.93
2013.02.04 14:21:55.988,8.56682,8.56767,1.50,2.93
2013.02.04 14:21:56.271,8.56686,8.56767,1.50,2.93
2013.02.04 14:21:57.287,8.56681,8.56767,1.50,2.93
2013.02.04 14:21:57.511,8.56686,8.56767,1.50,2.93
2013.02.04 14:21:58.468,8.56693,8.56767,1.50,2.93
2013.02.04 14:21:59.048,8.56693,8.56757,1.50,1.35
2013.02.04 14:21:59.166,8.56618,8.56712,2.25,1.50
2013.02.04 14:21:59.346,8.56565,8.56702,1.88,1.50
2013.02.04 14:21:59.407,8.56559,8.56699,1.50,1.58
2013.02.04 14:21:59.527,8.56549,8.56688,1.50,2.55
2013.02.04 14:21:59.838,8.5656,8.56676,1.50,1.50
2013.02.04 14:22:00.326,8.56573,8.56675,1.50,1.50
2013.02.04 14:22:00.657,8.56552,8.56675,1.50,1.65
2013.02.04 14:22:01.016,8.5656,8.56668,1.50,1.65
2013.02.04 14:22:01.326,8.56551,8.5667,1.50,1.65
2013.02.04 14:22:01.766,8.56554,8.5667,1.50,1.65
2013.02.04 14:22:03.567,8.56549,8.56663,1.50,1.65
2013.02.04 14:22:05.668,8.56549,8.56653,1.50,3.98
2013.02.04 14:22:05.727,8.56525,8.56581,1.50,1.13
2013.02.04 14:22:05.788,8.56474,8.56581,1.50,1.13
2013.02.04 14:22:05.847,8.5646,8.56581,1.50,1.13
2013.02.04 14:22:06.388,8.56449,8.56581,2.18,1.13
2013.02.04 14:22:12.055,8.56459,8.56572,1.13,3.00
2013.02.04 14:22:12.238,8.56515,8.56615,1.50,2.03
2013.02.04 14:22:12.366,8.56535,8.56615,1.50,2.03
2013.02.04 14:22:12.426,8.56535,8.56638,1.50,1.58
2013.02.04 14:22:12.487,8.56526,8.56638,1.50,1.58
2013.02.04 14:22:13.846,8.56526,8.56628,1.50,1.13
2013.02.04 14:22:13.908,8.56516,8.56628,1.50,1.13
2013.02.04 14:22:13.971,8.56491,8.56605,1.50,1.13
2013.02.04 14:22:14.037,8.56481,8.56605,2.25,1.13
2013.02.04 14:22:14.097,8.56459,8.56605,2.25,1.13
2013.02.04 14:22:14.728,8.56469,8.56605,1.50,1.13
2013.02.04 14:22:15.407,8.56461,8.56556,2.25,1.13
2013.02.04 14:22:15.526,8.56445,8.5654,1.50,1.65
2013.02.04 14:22:15.649,8.5642,8.5654,1.50,1.65
2013.02.04 14:22:15.717,8.56412,8.5654,1.50,1.65
2013.02.04 14:22:17.608,8.56412,8.56522,1.50,1.13
2013.02.04 14:22:17.667,8.56403,8.56506,1.50,1.13
2013.02.04 14:22:17.788,8.56394,8.56506,2.25,1.13
2013.02.04 14:22:17.847,8.56394,8.565,1.50,1.65
2013.02.04 14:22:17.908,8.56381,8.565,1.50,1.65
2013.02.04 14:22:19.127,8.56381,8.565,1.50,1.50
2013.02.04 14:22:19.188,8.56381,8.5651,1.50,2.18
2013.02.04 14:22:19.247,8.56389,8.56512,1.50,2.40
2013.02.04 14:22:20.156,8.56412,8.56512,1.50,2.40
2013.02.04 14:22:20.867,8.56412,8.56505,1.50,1.13
2013.02.04 14:22:21.047,8.56387,8.56502,1.50,1.65
2013.02.04 14:22:21.106,8.56359,8.56481,3.00,1.65
2013.02.04 14:22:22.087,8.56368,8.56481,1.50,1.65
2013.02.04 14:22:27.736,8.56368,8.56472,1.50,2.25
2013.02.04 14:22:27.873,8.56365,8.56472,1.50,2.25
2013.02.04 14:22:28.147,8.56365,8.56469,1.50,1.65
2013.02.04 14:22:28.271,8.56355,8.56431,1.50,1.50
2013.02.04 14:22:28.337,8.5631,8.56431,1.50,1.50
2013.02.04 14:22:28.458,8.5631,8.56441,1.50,1.73
2013.02.04 14:22:28.517,8.5631,8.5642,1.50,2.93
2013.02.04 14:22:28.636,8.56302,8.5642,1.50,2.93
2013.02.04 14:22:29.348,8.56291,8.5642,1.50,2.93
2013.02.04 14:22:29.535,8.56287,8.5642,1.50,2.93
2013.02.04 14:22:31.629,8.56287,8.56397,1.50,2.33
2013.02.04 14:22:31.747,8.56193,8.56312,1.50,1.73
2013.02.04 14:22:31.807,8.56177,8.56312,1.50,1.73
2013.02.04 14:22:31.926,8.5617,8.56312,1.50,1.73
2013.02.04 14:22:32.048,8.56182,8.56312,1.50,1.73
2013.02.04 14:22:32.306,8.56168,8.56299,1.50,2.70
2013.02.04 14:22:33.427,8.56168,8.56303,1.50,1.65
2013.02.04 14:22:33.547,8.56193,8.56293,1.50,1.50
2013.02.04 14:22:33.997,8.56201,8.56293,1.50,1.50
2013.02.04 14:22:36.647,8.56201,8.56301,1.50,1.13
2013.02.04 14:22:36.709,8.56193,8.56301,1.50,1.13
2013.02.04 14:22:36.887,8.56177,8.56282,1.50,1.65
2013.02.04 14:22:37.127,8.56184,8.56282,1.50,1.65
2013.02.04 14:22:39.921,8.56184,8.56237,1.50,2.48
2013.02.04 14:22:40.048,8.56167,8.56227,1.50,1.65
2013.02.04 14:22:40.107,8.56145,8.56212,1.50,1.13
2013.02.04 14:22:40.408,8.56131,8.56211,1.50,1.13
2013.02.04 14:22:40.468,8.56137,8.56211,1.50,1.13
2013.02.04 14:22:40.656,8.56113,8.56211,1.50,1.13
2013.02.04 14:22:41.027,8.56104,8.5622,1.50,1.50
2013.02.04 14:22:41.147,8.56096,8.5622,1.50,1.50
2013.02.04 14:22:41.266,8.56096,8.56193,1.50,1.50
2013.02.04 14:22:41.666,8.56066,8.56193,2.70,1.50
2013.02.04 14:22:42.247,8.56065,8.56144,1.50,1.88
2013.02.04 14:22:42.307,8.56046,8.56144,1.50,1.88
2013.02.04 14:22:42.366,8.56046,8.56134,1.50,1.13
2013.02.04 14:22:42.487,8.5603,8.56065,1.50,1.58
2013.02.04 14:22:42.606,8.55964,8.56065,1.50,1.65
2013.02.04 14:22:42.786,8.55875,8.56007,2.25,1.80
2013.02.04 14:22:42.846,8.55875,8.56007,1.50,1.80
2013.02.04 14:22:42.906,8.55915,8.56007,1.50,1.58
2013.02.04 14:22:43.266,8.55952,8.56018,1.50,2.10
2013.02.04 14:22:43.387,8.55913,8.56018,1.50,2.18
2013.02.04 14:22:43.447,8.55888,8.5597,1.50,1.50
2013.02.04 14:22:43.506,8.55846,8.5597,1.50,1.50
2013.02.04 14:22:43.566,8.5586,8.55986,1.50,2.48
2013.02.04 14:22:43.686,8.55851,8.55977,1.50,2.48
2013.02.04 14:22:44.425,8.55842,8.55968,1.50,2.25
2013.02.04 14:22:44.546,8.55824,8.5595,2.25,1.50
2013.02.04 14:22:44.867,8.55824,8.5595,2.25,1.88
2013.02.04 14:22:44.998,8.55799,8.55911,1.50,2.63
2013.02.04 14:22:45.059,8.55787,8.55911,1.50,2.63
2013.02.04 14:22:45.409,8.55808,8.55911,1.50,1.13
2013.02.04 14:22:45.536,8.55784,8.55908,1.50,1.88
2013.02.04 14:22:45.896,8.5584,8.55908,1.50,1.88
2013.02.04 14:22:45.956,8.55865,8.55919,1.50,1.73
2013.02.04 14:22:46.016,8.55838,8.55919,1.50,1.73
2013.02.04 14:22:46.136,8.55767,8.55893,2.25,2.40
2013.02.04 14:22:46.197,8.55742,8.55893,1.50,1.65
2013.02.04 14:22:46.316,8.55737,8.55884,1.50,2.55
2013.02.04 14:22:47.357,8.55737,8.55873,1.50,1.13
2013.02.04 14:22:47.539,8.55712,8.5585,1.50,3.15
2013.02.04 14:22:47.607,8.55695,8.5585,2.25,3.15
2013.02.04 14:22:47.727,8.55695,8.55848,1.65,2.63
2013.02.04 14:22:48.558,8.55695,8.55849,1.65,1.80
2013.02.04 14:22:48.859,8.55739,8.55849,1.50,1.80
2013.02.04 14:22:50.268,8.55739,8.55821,1.50,2.33
2013.02.04 14:22:50.326,8.55716,8.55821,1.50,2.33
2013.02.04 14:22:50.386,8.55694,8.55821,1.50,2.33
2013.02.04 14:22:51.587,8.55694,8.55775,1.50,1.73
2013.02.04 14:22:53.673,8.55694,8.55786,1.50,2.63
2013.02.04 14:22:56.087,8.55669,8.55786,1.50,2.78
2013.02.04 14:22:56.147,8.55652,8.55786,1.50,2.78
2013.02.04 14:22:56.207,8.55652,8.5578,1.50,2.93
2013.02.04 14:22:56.536,8.55763,8.55822,1.50,1.50
2013.02.04 14:22:56.737,8.55781,8.55903,1.50,2.40
2013.02.04 14:22:57.037,8.5579,8.55903,1.50,2.40
2013.02.04 14:23:00.487,8.55867,8.55985,2.18,1.13
2013.02.04 14:23:00.846,8.55906,8.56002,1.50,1.13
2013.02.04 14:23:00.906,8.55906,8.56005,1.50,1.65
2013.02.04 14:23:02.906,8.55906,8.56005,1.50,1.65
2013.02.04 14:23:03.446,8.55896,8.56005,1.50,1.65
2013.02.04 14:23:04.377,8.55896,8.56003,1.50,1.13
2013.02.04 14:23:04.559,8.55854,8.5598,1.50,2.63
2013.02.04 14:23:07.086,8.55854,8.55978,1.65,1.50
2013.02.04 14:23:07.146,8.55874,8.55988,1.50,2.03
2013.02.04 14:23:07.266,8.55883,8.55988,1.50,2.03
2013.02.04 14:23:07.327,8.55883,8.56009,2.25,1.50
2013.02.04 14:23:07.386,8.55945,8.56029,1.50,1.73
2013.02.04 14:23:07.506,8.55926,8.56029,1.50,1.73
2013.02.04 14:23:07.579,8.55926,8.56009,1.50,1.88
2013.02.04 14:23:08.386,8.55903,8.56009,1.50,1.88
2013.02.04 14:23:10.867,8.55942,8.56037,1.50,2.33
2013.02.04 14:23:11.598,8.55942,8.56037,1.65,2.33
2013.02.04 14:23:11.717,8.55961,8.56052,1.73,1.50
2013.02.04 14:23:11.776,8.55961,8.56087,3.23,1.50
2013.02.04 14:23:11.837,8.55991,8.56087,1.50,1.50
2013.02.04 14:23:12.238,8.56024,8.56141,1.13,1.50
2013.02.04 14:23:12.796,8.56047,8.56141,2.63,1.50
2013.02.04 14:23:12.979,8.56093,8.56195,1.50,1.65
2013.02.04 14:23:13.055,8.56093,8.56151,1.50,2.85
2013.02.04 14:23:13.356,8.56093,8.56129,1.50,2.93
2013.02.04 14:23:13.826,8.56079,8.5612,1.50,1.65
2013.02.04 14:23:13.946,8.5607,8.56118,1.50,1.65
2013.02.04 14:23:14.296,8.5611,8.56119,1.62,1.65
2013.02.04 14:23:14.355,8.56144,8.56294,1.50,1.69
2013.02.04 14:23:14.645,8.56089,8.56235,1.50,1.50
2013.02.04 14:23:14.886,8.56104,8.5625,1.50,1.50
2013.02.04 14:23:15.276,8.56114,8.56155,1.50,1.88
2013.02.04 14:23:15.460,8.55929,8.56075,1.50,7.50
2013.02.04 14:23:15.586,8.55902,8.56036,2.25,2.25
2013.02.04 14:23:15.646,8.5588,8.56024,2.25,1.50
2013.02.04 14:23:15.706,8.5588,8.56024,1.50,1.50
2013.02.04 14:23:16.218,8.5588,8.56024,2.25,1.50
2013.02.04 14:23:16.576,8.55929,8.5605,1.50,2.40
2013.02.04 14:23:17.896,8.55929,8.56054,1.50,1.65
2013.02.04 14:23:17.956,8.55958,8.56054,1.50,1.65
2013.02.04 14:23:18.257,8.56055,8.56103,1.50,1.95
2013.02.04 14:23:19.077,8.5603,8.56103,1.50,1.95
2013.02.04 14:23:19.137,8.56028,8.56103,1.50,1.95
2013.02.04 14:23:19.446,8.56028,8.56107,1.50,2.78
2013.02.04 14:23:20.088,8.56057,8.56107,1.50,2.78
2013.02.04 14:23:20.327,8.56057,8.56112,1.50,2.48
2013.02.04 14:23:20.996,8.56088,8.56112,1.50,1.73
2013.02.04 14:23:23.196,8.56088,8.56162,1.88,6.31
2013.02.04 14:23:23.318,8.56124,8.56212,1.88,1.50
2013.02.04 14:23:23.378,8.56186,8.56285,1.50,2.18
2013.02.04 14:23:23.617,8.56186,8.5631,1.50,2.85
2013.02.04 14:23:24.387,8.5622,8.5631,1.50,2.85
2013.02.04 14:23:24.688,8.56245,8.56273,1.50,1.50
2013.02.04 14:23:25.677,8.56245,8.56273,1.50,1.73
2013.02.04 14:23:25.736,8.56148,8.56271,1.50,1.73
2013.02.04 14:23:25.797,8.5617,8.56246,1.50,1.80
2013.02.04 14:23:25.917,8.56131,8.56246,1.13,1.80
2013.02.04 14:23:25.976,8.56144,8.56246,1.50,1.80
2013.02.04 14:23:26.688,8.5617,8.56246,1.50,1.80
2013.02.04 14:23:26.976,8.56162,8.56246,1.50,1.80
2013.02.04 14:23:27.597,8.56162,8.56236,1.50,1.13
2013.02.04 14:23:27.776,8.56147,8.56188,1.50,1.65
2013.02.04 14:23:27.956,8.56076,8.56188,2.25,1.65
2013.02.04 14:23:28.426,8.56118,8.56188,1.13,1.50
2013.02.04 14:23:28.486,8.56118,8.56198,1.13,2.63
2013.02.04 14:23:28.546,8.56202,8.56239,1.50,1.88
2013.02.04 14:23:28.886,8.56167,8.56239,1.50,1.88
2013.02.04 14:23:29.006,8.56167,8.56291,1.50,2.25
2013.02.04 14:23:29.246,8.56167,8.56291,2.25,1.50
2013.02.04 14:23:29.777,8.56167,8.56274,1.50,2.40
2013.02.04 14:23:30.257,8.56237,8.56274,1.50,2.40
2013.02.04 14:23:33.316,8.56237,8.56306,1.50,2.10
2013.02.04 14:23:33.377,8.56217,8.56306,1.50,2.10
2013.02.04 14:23:34.276,8.56217,8.56335,1.50,2.10
2013.02.04 14:23:34.766,8.56236,8.56335,1.50,2.10
2013.02.04 14:23:39.016,8.56236,8.56353,1.50,2.18
2013.02.04 14:23:39.076,8.56262,8.56353,1.50,2.18
2013.02.04 14:23:42.892,8.5619,8.56295,1.88,3.00
2013.02.04 14:23:43.170,8.56161,8.56242,1.50,1.65
2013.02.04 14:23:43.358,8.56134,8.56242,2.85,1.65
2013.02.04 14:23:43.537,8.56161,8.56267,1.50,1.13
2013.02.04 14:23:46.417,8.56161,8.56272,1.50,2.25
2013.02.04 14:23:46.538,8.56231,8.56278,1.50,1.50
2013.02.04 14:23:46.597,8.56256,8.56326,1.50,2.33
2013.02.04 14:23:46.657,8.56236,8.56326,1.50,2.33
2013.02.04 14:23:52.569,8.56236,8.56316,1.50,1.13
2013.02.04 14:23:52.747,8.56215,8.5631,1.50,1.13
2013.02.04 14:23:52.867,8.56167,8.56291,2.25,1.65
2013.02.04 14:23:55.977,8.56167,8.56291,1.50,2.40
2013.02.04 14:23:58.237,8.56167,8.56291,1.50,1.50
2013.02.04 14:23:58.297,8.56175,8.56291,2.63,1.50
2013.02.04 14:23:58.477,8.56217,8.56341,1.50,1.50
2013.02.04 14:23:58.537,8.56236,8.56353,1.50,2.93
2013.02.04 14:23:58.597,8.56236,8.56359,1.50,2.48
2013.02.04 14:23:58.958,8.56236,8.56362,1.50,2.25
2013.02.04 14:23:59.138,8.56236,8.56362,2.25,1.50
2013.02.04 14:23:59.317,8.56265,8.56391,1.50,1.50
2013.02.04 14:23:59.767,8.56283,8.56409,1.50,2.25
2013.02.04 14:23:59.827,8.56283,8.56409,1.50,2.25
2013.02.04 14:24:00.318,8.56307,8.56416,1.50,2.48
2013.02.04 14:24:01.138,8.56307,8.56386,1.50,2.48
2013.02.04 14:24:01.207,8.56246,8.56362,2.85,1.88
2013.02.04 14:24:01.267,8.56236,8.56346,1.50,1.88
2013.02.04 14:24:01.327,8.56218,8.56321,1.50,1.65
2013.02.04 14:24:01.387,8.56204,8.56321,1.65,1.65
2013.02.04 14:24:02.146,8.56204,8.56321,1.65,1.65
2013.02.04 14:24:02.273,8.56197,8.56321,1.50,1.65
2013.02.04 14:24:02.396,8.56186,8.56312,1.50,1.65
2013.02.04 14:24:02.456,8.56186,8.56312,1.50,1.50
2013.02.04 14:24:03.426,8.56196,8.56322,1.50,1.65
2013.02.04 14:24:04.167,8.56196,8.56322,1.50,2.40
2013.02.04 14:24:04.347,8.56187,8.56311,1.50,2.40
2013.02.04 14:24:06.925,8.56187,8.56307,1.50,1.65
2013.02.04 14:24:08.356,8.56187,8.56311,1.50,2.40
2013.02.04 14:24:08.417,8.56187,8.56311,1.50,2.25
2013.02.04 14:24:08.597,8.56196,8.56312,1.50,1.65
2013.02.04 14:24:10.877,8.56187,8.56313,1.50,3.15
2013.02.04 14:24:11.958,8.56196,8.56313,1.50,1.65
2013.02.04 14:24:17.917,8.56196,8.5632,1.88,3.15
2013.02.04 14:24:17.978,8.56218,8.5632,2.55,1.50
2013.02.04 14:24:18.157,8.56254,8.56374,1.50,1.50
2013.02.04 14:24:18.216,8.56254,8.56378,1.50,2.25
2013.02.04 14:24:18.337,8.56254,8.56378,2.25,1.50
2013.02.04 14:24:18.518,8.56266,8.5639,1.50,2.25
2013.02.04 14:24:19.204,8.56279,8.56399,1.50,2.85
2013.02.04 14:24:20.177,8.56279,8.5639,1.50,1.13
2013.02.04 14:24:20.359,8.56256,8.56376,1.50,1.95
2013.02.04 14:24:20.657,8.56232,8.56356,1.50,1.50
2013.02.04 14:24:21.302,8.56232,8.56356,1.50,1.65
2013.02.04 14:24:22.158,8.56232,8.5635,1.50,1.50
2013.02.04 14:24:22.518,8.56207,8.56305,1.50,1.13
2013.02.04 14:24:22.697,8.56207,8.56292,1.50,1.50
2013.02.04 14:24:22.757,8.56171,8.56292,1.65,1.50
2013.02.04 14:24:22.818,8.56186,8.56292,2.25,1.50
2013.02.04 14:24:23.609,8.56237,8.56316,1.50,1.50
2013.02.04 14:24:23.677,8.56237,8.5635,1.50,2.93
2013.02.04 14:24:28.820,8.56237,8.5635,1.50,3.15
2013.02.04 14:24:29.066,8.56237,8.56342,1.50,1.50
2013.02.04 14:24:29.127,8.56237,8.56335,1.50,2.63
2013.02.04 14:24:29.249,8.56215,8.56332,1.73,1.50
2013.02.04 14:24:29.547,8.56238,8.56332,2.70,1.50
2013.02.04 14:24:30.208,8.56266,8.56392,1.50,2.40
2013.02.04 14:24:30.967,8.56266,8.56392,1.50,2.40
2013.02.04 14:24:31.905,8.56266,8.56392,1.50,2.40
2013.02.04 14:24:33.349,8.56266,8.56392,1.50,1.65
2013.02.04 14:24:33.467,8.56266,8.56392,1.50,1.50
2013.02.04 14:24:33.648,8.56296,8.56392,2.93,1.50
2013.02.04 14:24:33.957,8.56309,8.56392,1.80,1.50
2013.02.04 14:24:34.120,8.56316,8.56442,2.25,2.25
2013.02.04 14:24:36.344,8.56309,8.56421,1.80,1.50
2013.02.04 14:24:46.327,8.56325,8.56449,1.50,1.65
2013.02.04 14:24:49.843,8.56325,8.56449,1.50,1.50
2013.02.04 14:24:50.028,8.56329,8.56449,1.58,1.50
2013.02.04 14:24:50.367,8.5635,8.56473,1.50,3.52
2013.02.04 14:24:53.831,8.56343,8.56452,1.50,1.50
2013.02.04 14:24:57.857,8.56332,8.56452,1.50,2.25
2013.02.04 14:25:00.452,8.56347,8.56452,1.50,2.25
2013.02.04 14:25:06.910,8.56338,8.56452,1.50,2.25
2013.02.04 14:25:10.279,8.56327,8.56452,1.50,2.25
2013.02.04 14:25:16.628,8.56327,8.56452,1.88,2.25
2013.02.04 14:25:16.992,8.56417,8.5651,1.50,1.80
2013.02.04 14:25:18.639,8.56417,8.56539,1.50,1.65
2013.02.04 14:25:18.948,8.56393,8.565,2.03,1.50
2013.02.04 14:25:19.267,8.56393,8.56491,2.03,1.50
2013.02.04 14:25:19.887,8.56393,8.56502,2.03,1.50
2013.02.04 14:25:19.947,8.56396,8.56502,2.18,1.50
2013.02.04 14:25:20.307,8.56401,8.56502,1.95,1.50
2013.02.04 14:25:20.890,8.56401,8.56518,1.95,1.50
2013.02.04 14:25:21.177,8.56403,8.56518,2.40,1.50
2013.02.04 14:25:23.653,8.56413,8.56518,1.35,1.50
2013.02.04 14:25:23.968,8.56455,8.56544,2.40,1.50
2013.02.04 14:25:24.575,8.56473,8.56544,2.93,1.50
2013.02.04 14:25:24.652,8.56473,8.56595,2.93,1.50
2013.02.04 14:25:24.788,8.56503,8.56595,2.48,1.50
2013.02.04 14:25:25.245,8.56503,8.5661,2.48,1.50
2013.02.04 14:25:25.309,8.56503,8.56619,2.48,1.88
2013.02.04 14:25:25.558,8.56483,8.56607,2.25,1.88
2013.02.04 14:25:25.687,8.56483,8.56607,2.40,1.50
2013.02.04 14:25:25.747,8.56491,8.56617,2.40,2.25
2013.02.04 14:25:26.048,8.56499,8.56625,1.50,3.98
2013.02.04 14:25:26.107,8.56487,8.566,2.18,1.88
2013.02.04 14:25:26.468,8.56487,8.56552,2.18,1.50
2013.02.04 14:25:26.647,8.56487,8.5656,2.18,1.50
2013.02.04 14:25:27.867,8.56492,8.5656,2.55,1.50
2013.02.04 14:25:27.988,8.56492,8.56582,2.55,1.50
2013.02.04 14:25:28.050,8.56492,8.56594,2.55,1.50
2013.02.04 14:25:28.857,8.56492,8.56609,2.55,1.50
2013.02.04 14:25:30.820,8.56483,8.56609,1.50,1.50
2013.02.04 14:25:31.927,8.56483,8.56609,1.88,1.50
2013.02.04 14:25:32.047,8.56508,8.5662,1.65,1.50
2013.02.04 14:25:32.108,8.56549,8.56675,1.50,2.25
2013.02.04 14:25:32.835,8.56549,8.56675,1.50,2.25
2013.02.04 14:25:34.924,8.56549,8.56675,1.50,2.25
2013.02.04 14:25:39.878,8.56549,8.56646,1.50,1.50
2013.02.04 14:25:39.938,8.56508,8.5662,1.65,1.50
2013.02.04 14:25:39.997,8.56508,8.56599,1.65,1.50
2013.02.04 14:25:41.782,8.56508,8.56623,1.65,1.50
2013.02.04 14:25:41.846,8.56508,8.56637,1.65,1.50
2013.02.04 14:25:41.907,8.56508,8.56646,1.65,1.50
2013.02.04 14:25:45.827,8.56508,8.56639,1.65,1.50
2013.02.04 14:25:47.118,8.56508,8.56645,1.65,1.50
2013.02.04 14:25:47.961,8.56508,8.56645,1.65,1.50
2013.02.04 14:25:49.899,8.56515,8.5666,1.65,1.50
2013.02.04 14:25:57.589,8.56508,8.56645,1.65,1.50
2013.02.04 14:25:59.717,8.56508,8.56645,6.23,1.50
2013.02.04 14:25:59.779,8.56508,8.56657,7.73,1.50
2013.02.04 14:25:59.855,8.5654,8.56682,1.88,2.25
2013.02.04 14:25:59.924,8.56548,8.56687,1.65,1.50
2013.02.04 14:26:00.228,8.56548,8.56679,1.65,1.50
2013.02.04 14:26:00.658,8.56543,8.56635,1.50,2.48
2013.02.04 14:26:00.794,8.56444,8.56547,1.13,1.50
2013.02.04 14:26:00.917,8.56431,8.56547,1.24,2.48
2013.02.04 14:26:00.978,8.56389,8.56522,1.88,1.88
2013.02.04 14:26:01.098,8.56332,8.56501,1.50,1.65
2013.02.04 14:26:01.337,8.56341,8.56501,1.50,1.95
2013.02.04 14:26:01.909,8.56317,8.56463,1.50,1.65
2013.02.04 14:26:02.189,8.56308,8.56456,1.50,1.50
2013.02.04 14:26:02.317,8.56308,8.56456,1.50,2.25
2013.02.04 14:26:02.839,8.56298,8.56441,2.25,1.50
2013.02.04 14:26:03.748,8.56335,8.56437,2.85,1.50
2013.02.04 14:26:03.996,8.56335,8.56449,2.85,1.50
2013.02.04 14:26:06.060,8.56335,8.56424,2.85,1.50
2013.02.04 14:26:06.775,8.56364,8.56424,2.70,1.50
2013.02.04 14:26:08.399,8.56364,8.56424,2.70,1.65
2013.02.04 14:26:08.528,8.56298,8.56424,1.50,2.40
2013.02.04 14:26:09.051,8.56287,8.56403,2.03,1.65
2013.02.04 14:26:10.779,8.56287,8.564,2.03,1.50
2013.02.04 14:26:11.769,8.56287,8.56387,2.03,1.50
2013.02.04 14:26:14.659,8.56287,8.56397,2.03,1.50
2013.02.04 14:26:18.458,8.56287,8.5637,2.03,1.50
2013.02.04 14:26:29.866,8.56246,8.5637,1.50,1.88
2013.02.04 14:26:29.987,8.56175,8.56288,1.50,1.65
2013.02.04 14:26:30.107,8.56163,8.56237,2.85,1.50
2013.02.04 14:26:30.477,8.56144,8.56224,2.10,1.50
2013.02.04 14:26:30.538,8.56144,8.56211,2.10,1.50
2013.02.04 14:26:30.658,8.56132,8.56211,2.55,1.50
2013.02.04 14:26:30.777,8.56132,8.5622,2.55,1.50
2013.02.04 14:26:31.066,8.56132,8.56208,2.55,1.50
2013.02.04 14:26:31.247,8.56129,8.56208,2.55,1.50
2013.02.04 14:26:31.307,8.56129,8.5622,2.55,1.50
2013.02.04 14:26:31.818,8.56128,8.5622,2.10,1.50
2013.02.04 14:26:32.098,8.56128,8.56241,2.10,1.50
2013.02.04 14:26:38.140,8.56128,8.56192,2.10,1.65
2013.02.04 14:26:38.269,8.56043,8.56144,2.25,1.50
2013.02.04 14:26:38.387,8.56023,8.56144,1.58,1.50
2013.02.04 14:26:38.568,8.56023,8.56121,1.58,1.50
2013.02.04 14:26:39.368,8.56023,8.56092,1.58,1.50
2013.02.04 14:26:40.637,8.56033,8.56092,1.13,1.50
2013.02.04 14:26:40.757,8.56037,8.56162,1.88,2.25
2013.02.04 14:26:40.817,8.56054,8.56162,1.13,1.50
2013.02.04 14:26:40.878,8.56054,8.56176,1.13,1.50
2013.02.04 14:26:40.998,8.56059,8.56183,1.65,1.50
2013.02.04 14:26:41.767,8.56054,8.56171,1.13,1.50
2013.02.04 14:26:43.679,8.56059,8.56185,1.65,1.50
2013.02.04 14:26:56.327,8.56074,8.56198,1.65,1.50
2013.02.04 14:26:57.479,8.56066,8.5619,1.65,1.50
2013.02.04 14:26:59.119,8.56066,8.5619,1.73,1.50
2013.02.04 14:26:59.248,8.56148,8.56241,2.48,1.50
2013.02.04 14:26:59.308,8.56148,8.56257,2.48,1.50
2013.02.04 14:26:59.430,8.56156,8.56302,2.48,1.50
2013.02.04 14:26:59.989,8.56156,8.56302,1.50,1.50
2013.02.04 14:27:00.057,8.56156,8.56298,1.50,2.03
2013.02.04 14:27:00.358,8.56102,8.56193,2.33,1.50
2013.02.04 14:27:00.426,8.56102,8.56232,2.33,1.50
2013.02.04 14:27:00.837,8.56102,8.56241,2.33,1.50
2013.02.04 14:27:01.457,8.56097,8.56221,2.25,1.50
2013.02.04 14:27:01.638,8.56095,8.56211,2.63,1.50
2013.02.04 14:27:02.289,8.56103,8.56227,2.25,1.50
2013.02.04 14:27:03.696,8.56095,8.56141,2.63,1.65
2013.02.04 14:27:03.831,8.56095,8.56141,2.63,1.50
2013.02.04 14:27:03.898,8.55969,8.56115,1.88,1.50
2013.02.04 14:27:04.016,8.56103,8.56282,5.85,2.25
2013.02.04 14:27:04.137,8.56167,8.56333,2.25,1.88
2013.02.04 14:27:04.262,8.56194,8.56348,1.50,1.13
2013.02.04 14:27:05.227,8.56203,8.56327,1.50,1.88
2013.02.04 14:27:08.630,8.5621,8.56336,1.50,1.88
2013.02.04 14:27:08.778,8.56203,8.56327,1.50,1.88
2013.02.04 14:27:08.897,8.56192,8.56316,1.65,1.88
2013.02.04 14:27:09.951,8.56192,8.56316,1.50,2.03
2013.02.04 14:27:10.077,8.56165,8.56291,1.50,1.50
2013.02.04 14:27:10.141,8.56141,8.56265,2.25,1.50
2013.02.04 14:27:10.473,8.56139,8.56265,2.25,1.50
2013.02.04 14:27:10.539,8.5613,8.56254,2.25,1.50
2013.02.04 14:27:10.931,8.56129,8.56245,2.85,1.50
2013.02.04 14:27:11.300,8.56129,8.56235,2.85,1.50
2013.02.04 14:27:11.799,8.56129,8.56245,2.85,1.50
2013.02.04 14:27:11.920,8.56129,8.56245,2.85,1.65
2013.02.04 14:27:11.989,8.56119,8.56245,1.50,1.65
2013.02.04 14:27:12.119,8.56102,8.56228,1.50,1.50
2013.02.04 14:27:12.578,8.56092,8.56216,1.50,1.50
2013.02.04 14:27:15.117,8.56092,8.56216,1.50,1.88
2013.02.04 14:27:15.240,8.56068,8.56112,1.88,1.50
2013.02.04 14:27:15.308,8.55998,8.56112,1.13,1.50
2013.02.04 14:27:15.377,8.56032,8.56112,2.10,1.50
2013.02.04 14:27:15.558,8.56052,8.56152,1.35,1.50
2013.02.04 14:27:15.677,8.56083,8.56197,1.50,2.93
2013.02.04 14:27:17.158,8.56032,8.56143,2.10,1.65
2013.02.04 14:27:17.289,8.56017,8.56143,1.50,1.65
2013.02.04 14:27:17.349,8.56004,8.5613,1.88,1.65
2013.02.04 14:27:17.408,8.55993,8.56117,1.88,1.50
2013.02.04 14:27:17.709,8.56001,8.56127,1.88,1.50
2013.02.04 14:27:20.833,8.56001,8.56127,2.63,2.25
2013.02.04 14:27:22.617,8.56001,8.56127,2.63,1.50
2013.02.04 14:27:22.677,8.56001,8.56127,2.63,1.65
2013.02.04 14:27:22.987,8.55984,8.56095,1.13,1.50
2013.02.04 14:27:23.689,8.55984,8.56095,1.13,1.50
2013.02.04 14:27:24.772,8.55961,8.56085,2.85,1.50
2013.02.04 14:27:25.338,8.55961,8.56075,1.35,1.50
2013.02.04 14:27:26.428,8.55961,8.56075,1.73,1.50
2013.02.04 14:27:26.549,8.55998,8.56115,1.65,1.50
2013.02.04 14:27:26.608,8.55998,8.56124,2.40,1.50
2013.02.04 14:27:29.917,8.55995,8.56126,2.33,1.50
2013.02.04 14:27:31.048,8.55995,8.56121,2.33,1.50
2013.02.04 14:27:31.611,8.55995,8.56126,2.33,1.50
2013.02.04 14:27:31.798,8.55995,8.56116,2.33,1.50
2013.02.04 14:27:36.827,8.55995,8.56139,2.33,1.50
2013.02.04 14:27:36.948,8.5601,8.56139,1.95,1.50
2013.02.04 14:27:37.857,8.55992,8.56139,1.65,2.25
2013.02.04 14:27:38.297,8.55987,8.56129,1.65,1.50
2013.02.04 14:27:38.907,8.55987,8.56116,1.65,1.50
2013.02.04 14:27:40.087,8.55987,8.56106,1.65,1.50
2013.02.04 14:27:41.358,8.55987,8.56106,1.65,1.50
2013.02.04 14:27:41.668,8.56076,8.56168,2.25,2.18
2013.02.04 14:27:41.907,8.56093,8.56226,1.50,1.50
2013.02.04 14:27:41.968,8.56093,8.5623,1.50,1.50
2013.02.04 14:27:42.039,8.56093,8.56226,1.50,1.50
2013.02.04 14:27:42.408,8.56058,8.5619,2.25,1.50
2013.02.04 14:27:42.468,8.56058,8.56197,1.50,1.50
2013.02.04 14:27:42.527,8.56045,8.56197,2.55,1.50
2013.02.04 14:27:42.587,8.56045,8.56186,2.55,1.50
2013.02.04 14:27:43.019,8.56065,8.56194,2.55,1.50
2013.02.04 14:27:43.137,8.56095,8.56194,2.48,1.50
2013.02.04 14:27:46.432,8.56095,8.56192,2.48,1.50
2013.02.04 14:27:47.900,8.56095,8.56187,2.48,1.50
2013.02.04 14:27:51.738,8.56095,8.56194,2.48,1.50
2013.02.04 14:27:51.928,8.56095,8.56203,2.48,1.65
2013.02.04 14:27:52.846,8.56082,8.56203,2.70,1.65
2013.02.04 14:27:55.269,8.56082,8.5621,2.70,1.50
2013.02.04 14:27:55.330,8.56118,8.5621,1.80,1.50
2013.02.04 14:27:55.400,8.56118,8.56218,1.80,1.50
2013.02.04 14:27:55.470,8.56118,8.56265,1.80,1.50
2013.02.04 14:27:59.688,8.56126,8.56271,2.25,1.50
2013.02.04 14:27:59.748,8.56151,8.56282,1.50,2.78
2013.02.04 14:28:00.246,8.56165,8.56295,1.73,1.50
2013.02.04 14:28:00.324,8.56182,8.56321,1.65,2.25
2013.02.04 14:28:00.399,8.56173,8.56319,2.40,1.50
2013.02.04 14:28:00.667,8.56173,8.56319,2.25,1.50
2013.02.04 14:28:00.728,8.56168,8.56294,1.50,1.50
2013.02.04 14:28:01.219,8.56165,8.5628,2.78,1.50
2013.02.04 14:28:01.557,8.56165,8.56275,2.78,1.50
2013.02.04 14:28:02.028,8.56163,8.56264,2.78,1.50
2013.02.04 14:28:02.370,8.56163,8.56264,2.78,1.65
2013.02.04 14:28:02.560,8.56129,8.56266,1.50,1.13
2013.02.04 14:28:02.821,8.56118,8.56261,1.50,2.40
2013.02.04 14:28:03.078,8.56104,8.56235,1.58,1.50
2013.02.04 14:28:03.453,8.56104,8.56225,1.58,1.50
2013.02.04 14:28:04.554,8.56104,8.56217,1.58,1.50
2013.02.04 14:28:07.599,8.56104,8.56227,1.58,1.50
2013.02.04 14:28:09.173,8.56114,8.56238,1.65,1.50
2013.02.04 14:28:09.300,8.56137,8.56262,1.65,2.25
2013.02.04 14:28:09.369,8.56137,8.56286,2.40,2.25
2013.02.04 14:28:14.609,8.5613,8.56271,2.10,1.50
2013.02.04 14:28:15.137,8.5613,8.56263,2.10,1.50
2013.02.04 14:28:16.001,8.5613,8.56256,2.10,1.50
2013.02.04 14:28:16.596,8.5613,8.56247,2.10,1.50
2013.02.04 14:28:16.688,8.56139,8.56271,2.25,1.50
2013.02.04 14:28:16.748,8.56139,8.56282,2.25,1.50
2013.02.04 14:28:16.927,8.5613,8.56278,2.10,1.50
2013.02.04 14:28:17.519,8.5613,8.56268,2.10,1.50
2013.02.04 14:28:18.929,8.5614,8.56268,1.13,1.50
2013.02.04 14:28:18.997,8.56168,8.56282,1.65,1.50
2013.02.04 14:28:19.058,8.56173,8.56316,2.40,2.25
2013.02.04 14:28:24.657,8.56175,8.56314,2.40,1.50
2013.02.04 14:28:45.369,8.56178,8.56307,1.13,1.50
2013.02.04 14:28:45.608,8.5621,8.5633,1.95,1.50
2013.02.04 14:28:45.848,8.5621,8.56336,1.95,2.25
2013.02.04 14:28:45.907,8.5621,8.56331,1.95,1.50
2013.02.04 14:28:53.020,8.5621,8.56337,1.95,2.25
2013.02.04 14:29:09.678,8.5621,8.56331,1.95,1.50
2013.02.04 14:29:10.236,8.5621,8.56341,1.95,2.25
2013.02.04 14:29:17.243,8.56204,8.56341,1.65,2.25
2013.02.04 14:29:33.816,8.56204,8.56342,1.65,2.25
2013.02.04 14:29:48.375,8.56201,8.56346,2.40,1.50
2013.02.04 14:29:56.276,8.56194,8.56339,1.88,1.50
2013.02.04 14:29:56.567,8.56205,8.56348,1.65,1.50
2013.02.04 14:29:59.517,8.56215,8.56358,1.65,1.50
2013.02.04 14:30:00.027,8.56205,8.56352,1.65,1.50
2013.02.04 14:30:01.377,8.56213,8.56359,1.65,1.50
2013.02.04 14:30:01.436,8.56205,8.56352,1.65,1.50
2013.02.04 14:30:03.858,8.56216,8.56358,1.65,1.50
2013.02.04 14:30:03.977,8.56205,8.56352,1.65,1.50
2013.02.04 14:30:05.576,8.56214,8.56358,1.65,1.50
2013.02.04 14:30:06.033,8.56206,8.56355,1.65,1.50
2013.02.04 14:30:06.574,8.5622,8.56363,1.50,1.50
2013.02.04 14:30:06.698,8.56209,8.56357,1.65,1.50
2013.02.04 14:30:07.487,8.56218,8.56361,1.65,1.50
2013.02.04 14:30:08.895,8.56194,8.5634,1.88,1.50
2013.02.04 14:30:12.917,8.56204,8.5634,1.13,1.50
2013.02.04 14:30:13.037,8.56222,8.56352,2.63,2.25
2013.02.04 14:30:14.511,8.56222,8.56347,2.33,1.50
2013.02.04 14:30:15.729,8.56222,8.56344,2.33,1.50
2013.02.04 14:30:17.337,8.56222,8.56344,2.18,1.50
2013.02.04 14:30:17.697,8.56212,8.56322,3.08,1.50
2013.02.04 14:30:18.029,8.56284,8.56445,1.13,1.50
2013.02.04 14:30:18.148,8.56279,8.56443,1.88,1.35
2013.02.04 14:30:18.207,8.56279,8.56443,1.50,1.50
2013.02.04 14:30:18.327,8.56268,8.56435,1.50,1.65
2013.02.04 14:30:19.121,8.56258,8.56389,2.70,1.50
2013.02.04 14:30:19.579,8.56258,8.56364,2.70,1.50
2013.02.04 14:30:21.880,8.56258,8.56364,2.70,2.25
2013.02.04 14:30:34.978,8.56239,8.56364,2.78,2.25
2013.02.04 14:30:54.408,8.56254,8.56399,1.50,2.40
2013.02.04 14:30:55.737,8.5625,8.56398,1.50,2.40
2013.02.04 14:30:55.968,8.56259,8.56401,1.50,2.40
2013.02.04 14:30:59.694,8.56267,8.56414,1.50,2.40
2013.02.04 14:31:03.028,8.56259,8.56407,1.50,2.40
2013.02.04 14:31:03.279,8.56268,8.5641,1.50,2.40
2013.02.04 14:31:07.038,8.56257,8.56405,1.50,2.40
2013.02.04 14:31:07.581,8.56265,8.5641,1.50,2.40
2013.02.04 14:31:08.327,8.56273,8.5642,1.50,2.40
2013.02.04 14:31:08.710,8.56273,8.5642,1.50,2.40
2013.02.04 14:31:08.968,8.56281,8.56417,1.50,1.65
2013.02.04 14:31:09.088,8.56272,8.56417,1.50,1.65
2013.02.04 14:31:13.458,8.56263,8.56409,1.50,2.40
2013.02.04 14:31:13.818,8.56251,8.56398,1.50,2.40
2013.02.04 14:31:13.938,8.56239,8.56371,1.65,1.50
2013.02.04 14:31:13.998,8.56239,8.56376,1.65,2.25
2013.02.04 14:31:14.909,8.56239,8.56376,1.65,2.25
2013.02.04 14:31:24.620,8.56239,8.56377,1.65,2.25
2013.02.04 14:31:24.688,8.56241,8.56377,1.65,2.25
2013.02.04 14:31:25.357,8.56256,8.56399,1.50,2.25
2013.02.04 14:31:25.558,8.56247,8.56393,2.40,2.25
2013.02.04 14:31:26.390,8.56255,8.564,1.50,2.25
2013.02.04 14:31:26.518,8.56246,8.56393,2.40,2.25
2013.02.04 14:31:27.179,8.56254,8.56403,1.50,2.25
2013.02.04 14:31:27.537,8.56266,8.56409,1.50,2.40
2013.02.04 14:31:28.028,8.56257,8.56404,1.50,2.25
2013.02.04 14:31:28.147,8.56247,8.56394,2.40,2.25
2013.02.04 14:31:30.038,8.56247,8.56394,2.25,2.25
2013.02.04 14:31:30.890,8.56247,8.56394,2.25,2.25
2013.02.04 14:31:33.499,8.56258,8.56406,1.50,2.40
2013.02.04 14:31:33.678,8.56267,8.56411,1.50,1.65
2013.02.04 14:31:33.857,8.56274,8.56403,1.50,1.65
2013.02.04 14:31:34.097,8.5625,8.56397,2.25,2.40
2013.02.04 14:31:34.578,8.56262,8.56403,1.50,1.65
2013.02.04 14:31:34.818,8.5627,8.56403,1.50,1.65
2013.02.04 14:31:35.623,8.56264,8.56409,1.50,1.65
2013.02.04 14:31:35.894,8.56264,8.56409,1.50,1.65
2013.02.04 14:31:36.569,8.56262,8.56405,1.50,2.40
2013.02.04 14:31:37.667,8.56245,8.5639,2.25,2.25
2013.02.04 14:31:38.817,8.56249,8.56398,2.25,2.40
2013.02.04 14:31:38.878,8.56249,8.56376,1.50,1.13
2013.02.04 14:31:38.999,8.56223,8.56336,2.93,1.50
2013.02.04 14:31:39.058,8.56207,8.56336,1.13,1.50
2013.02.04 14:31:39.238,8.56223,8.56367,2.40,2.25
2013.02.04 14:31:40.604,8.56235,8.56378,2.40,2.25
2013.02.04 14:31:42.337,8.56262,8.56405,1.50,2.25
2013.02.04 14:31:42.640,8.56284,8.56418,1.69,1.65
2013.02.04 14:31:43.269,8.56267,8.56391,1.38,2.25
2013.02.04 14:31:45.339,8.56267,8.56393,1.11,1.50
2013.02.04 14:31:45.398,8.56277,8.56376,1.06,1.50
2013.02.04 14:31:45.638,8.56344,8.5651,1.13,1.50
2013.02.04 14:31:45.761,8.56349,8.56517,2.40,2.25
2013.02.04 14:31:46.349,8.56347,8.56513,2.25,1.13
2013.02.04 14:31:46.670,8.56314,8.5644,1.50,1.50
2013.02.04 14:31:47.648,8.56307,8.5644,1.50,1.50
2013.02.04 14:31:47.828,8.56307,8.5644,1.50,1.50
2013.02.04 14:31:48.178,8.56307,8.56431,1.50,1.50
2013.02.04 14:31:50.613,8.56307,8.56431,1.50,1.88
2013.02.04 14:31:50.677,8.56257,8.56334,1.50,3.00
2013.02.04 14:31:50.798,8.56199,8.56307,2.63,1.50
2013.02.04 14:31:50.918,8.56199,8.56356,2.63,1.50
2013.02.04 14:31:50.981,8.56281,8.5638,1.50,2.10
2013.02.04 14:31:51.109,8.56304,8.5646,2.25,2.25
2013.02.04 14:31:51.229,8.56304,8.56467,2.25,2.25
2013.02.04 14:31:51.290,8.56304,8.56467,2.25,2.25
2013.02.04 14:31:51.739,8.56297,8.56441,1.50,1.50
2013.02.04 14:31:52.097,8.56315,8.56432,1.50,1.50
2013.02.04 14:31:52.338,8.56315,8.56445,1.50,2.25
2013.02.04 14:31:54.918,8.56319,8.56445,1.50,2.25
2013.02.04 14:31:56.088,8.56319,8.56445,1.65,2.25
2013.02.04 14:31:56.147,8.56319,8.56449,1.65,1.50
2013.02.04 14:31:56.208,8.56338,8.56477,1.65,1.50
2013.02.04 14:31:56.268,8.56349,8.56477,2.93,1.50
2013.02.04 14:31:56.388,8.56361,8.5651,1.50,1.50
2013.02.04 14:31:56.449,8.5637,8.56515,2.25,1.50
2013.02.04 14:31:56.508,8.56377,8.56525,2.25,1.50
2013.02.04 14:31:56.760,8.56383,8.56525,1.50,1.50
2013.02.04 14:31:57.071,8.56387,8.56507,1.50,1.50
2013.02.04 14:32:00.972,8.56387,8.56521,1.50,1.50
2013.02.04 14:32:01.909,8.56387,8.56511,1.50,1.50
2013.02.04 14:32:05.069,8.56387,8.56511,1.50,2.10
2013.02.04 14:32:05.309,8.56357,8.56497,1.50,1.65
2013.02.04 14:32:05.368,8.56335,8.56473,1.50,1.50
2013.02.04 14:32:05.427,8.56335,8.56454,1.50,1.50
2013.02.04 14:32:05.787,8.56317,8.56462,2.40,1.50
2013.02.04 14:32:05.848,8.56317,8.56462,2.40,1.50
2013.02.04 14:32:05.909,8.56313,8.56456,1.65,1.50
2013.02.04 14:32:06.149,8.56308,8.56456,2.25,1.65
2013.02.04 14:32:06.293,8.56286,8.56431,2.40,1.50
2013.02.04 14:32:06.599,8.56278,8.56409,2.40,1.50
2013.02.04 14:32:07.498,8.56278,8.56401,2.40,1.50
2013.02.04 14:32:08.078,8.56278,8.56398,2.40,1.50
2013.02.04 14:32:09.398,8.56278,8.56402,2.40,1.50
2013.02.04 14:32:10.878,8.56289,8.56402,1.13,1.50
2013.02.04 14:32:11.215,8.56292,8.5641,1.65,1.50
2013.02.04 14:32:11.279,8.56292,8.56425,1.65,1.50
2013.02.04 14:32:11.399,8.56292,8.56419,1.65,1.50
2013.02.04 14:32:11.595,8.56292,8.56425,1.65,1.50
2013.02.04 14:32:12.668,8.5634,8.56449,1.13,1.50
2013.02.04 14:32:12.909,8.56327,8.5647,2.40,1.50
2013.02.04 14:32:12.969,8.56327,8.56461,2.40,1.50
2013.02.04 14:32:13.329,8.56315,8.56437,1.65,1.50
2013.02.04 14:32:13.388,8.56315,8.56442,1.65,1.50
2013.02.04 14:32:15.388,8.56339,8.56442,1.13,1.50
2013.02.04 14:32:15.508,8.56339,8.56446,1.13,1.50
2013.02.04 14:32:15.628,8.56335,8.5648,3.00,1.50
2013.02.04 14:32:15.769,8.5634,8.56488,2.25,2.40
2013.02.04 14:32:15.828,8.56328,8.56465,1.50,1.50
2013.02.04 14:32:16.376,8.56317,8.56465,2.40,1.50
2013.02.04 14:32:16.602,8.56316,8.56451,1.65,1.50
2013.02.04 14:32:16.930,8.56316,8.56442,1.65,1.50
2013.02.04 14:32:17.819,8.56305,8.56433,1.65,1.50
2013.02.04 14:32:18.298,8.56305,8.56438,1.65,1.50
2013.02.04 14:32:19.105,8.56305,8.56438,1.65,1.50
2013.02.04 14:32:19.168,8.56305,8.56447,1.65,1.50
2013.02.04 14:32:19.350,8.5634,8.56447,1.88,1.50
2013.02.04 14:32:19.421,8.5634,8.56453,1.88,1.50
2013.02.04 14:32:19.488,8.5634,8.56449,1.88,1.50
2013.02.04 14:32:20.888,8.5634,8.56454,1.88,1.50
2013.02.04 14:32:22.508,8.5634,8.56447,1.88,1.50
2013.02.04 14:32:22.568,8.56328,8.56447,1.50,1.50
2013.02.04 14:32:24.848,8.56335,8.56447,1.65,1.50
2013.02.04 14:32:24.969,8.56374,8.5646,1.50,1.50
2013.02.04 14:32:25.028,8.56374,8.56486,1.50,1.50
2013.02.04 14:32:25.089,8.56374,8.56493,1.50,1.50
2013.02.04 14:32:25.150,8.56374,8.56488,1.50,1.50
2013.02.04 14:32:27.389,8.56387,8.56488,1.13,1.50
2013.02.04 14:32:27.449,8.56444,8.56532,1.13,1.50
2013.02.04 14:32:27.510,8.56444,8.56537,1.13,1.50
2013.02.04 14:32:27.578,8.56444,8.56556,1.13,1.50
2013.02.04 14:32:27.638,8.56444,8.56583,1.13,1.50
2013.02.04 14:32:27.698,8.56441,8.56583,2.25,1.88
2013.02.04 14:32:27.758,8.56429,8.56576,2.25,1.88
2013.02.04 14:32:27.818,8.56429,8.56576,1.50,1.88
2013.02.04 14:32:27.878,8.56412,8.56557,2.25,1.65
2013.02.04 14:32:28.523,8.56412,8.56534,2.25,1.50
2013.02.04 14:32:28.846,8.56405,8.56505,2.63,1.50
2013.02.04 14:32:29.558,8.56405,8.56498,2.63,1.50
2013.02.04 14:32:31.959,8.56405,8.56488,2.63,1.50
2013.02.04 14:32:32.908,8.56405,8.56478,2.63,1.50
2013.02.04 14:32:32.968,8.56337,8.56478,2.25,1.65
2013.02.04 14:32:33.028,8.56337,8.56438,1.50,1.50
2013.02.04 14:32:33.147,8.56328,8.56438,1.50,1.50
2013.02.04 14:32:34.308,8.56328,8.56443,1.50,1.50
2013.02.04 14:32:34.368,8.56328,8.56439,1.50,1.50
2013.02.04 14:32:42.177,8.56328,8.5645,1.50,1.50
2013.02.04 14:32:42.849,8.56328,8.56442,1.50,1.50
2013.02.04 14:32:43.364,8.56328,8.56434,1.50,1.50
2013.02.04 14:32:46.000,8.56335,8.56434,1.50,1.50
2013.02.04 14:32:48.589,8.56335,8.5644,1.50,1.50
2013.02.04 14:32:48.838,8.56335,8.56434,1.50,1.50
2013.02.04 14:32:49.058,8.56335,8.56439,1.50,1.50
2013.02.04 14:32:50.439,8.56335,8.56434,1.50,1.50
2013.02.04 14:32:51.837,8.56335,8.56443,1.50,1.50
2013.02.04 14:32:52.029,8.56335,8.56435,1.50,1.50
2013.02.04 14:32:52.217,8.56335,8.56446,1.50,1.50
2013.02.04 14:32:52.559,8.56335,8.56435,1.50,1.50
2013.02.04 14:32:52.861,8.56335,8.56442,1.50,1.50
2013.02.04 14:32:55.564,8.56335,8.56434,1.50,1.50
2013.02.04 14:32:57.068,8.56335,8.56442,1.50,1.50
2013.02.04 14:32:58.813,8.56335,8.56439,1.50,1.50
2013.02.04 14:33:02.738,8.56374,8.56439,1.50,1.50
2013.02.04 14:33:02.798,8.56374,8.56487,1.50,1.50
2013.02.04 14:33:02.918,8.56374,8.56496,1.50,1.50
2013.02.04 14:33:03.039,8.56387,8.56496,1.50,1.50
2013.02.04 14:33:03.098,8.56424,8.56544,1.50,1.65
2013.02.04 14:33:03.892,8.56424,8.56544,2.25,1.50
2013.02.04 14:33:04.880,8.5642,8.56546,2.25,1.50
2013.02.04 14:33:05.008,8.56405,8.56519,1.65,1.50
2013.02.04 14:33:05.128,8.56398,8.56519,1.65,1.50
2013.02.04 14:33:05.188,8.56398,8.56508,1.50,1.50
2013.02.04 14:33:05.248,8.56398,8.56508,1.50,1.50
2013.02.04 14:33:05.493,8.56404,8.56528,1.50,1.50
2013.02.04 14:33:06.171,8.56398,8.56519,1.50,1.50
2013.02.04 14:33:06.244,8.56398,8.56519,1.50,1.50
2013.02.04 14:33:07.607,8.56391,8.56499,2.63,1.50
2013.02.04 14:33:09.248,8.56391,8.56482,2.63,1.50
2013.02.04 14:33:09.428,8.56391,8.56503,2.63,1.50
2013.02.04 14:33:09.549,8.56446,8.56553,2.30,1.13
2013.02.04 14:33:10.338,8.56437,8.56529,1.55,1.50
2013.02.04 14:33:10.518,8.56438,8.56536,2.63,2.25
2013.02.04 14:33:10.578,8.56438,8.56535,2.63,1.13
2013.02.04 14:33:10.771,8.56412,8.56522,1.50,1.88
2013.02.04 14:33:10.838,8.56387,8.56486,3.48,1.65
2013.02.04 14:33:10.902,8.56387,8.56486,3.48,1.50
2013.02.04 14:33:11.029,8.56388,8.56501,1.50,2.25
2013.02.04 14:33:11.088,8.56388,8.56512,1.50,1.50
2013.02.04 14:33:11.149,8.56387,8.56512,2.25,1.50
2013.02.04 14:33:11.208,8.5645,8.56548,1.50,2.03
2013.02.04 14:33:11.535,8.56469,8.56548,1.27,2.03
2013.02.04 14:33:11.757,8.56441,8.56548,1.50,2.03
2013.02.04 14:33:11.817,8.56432,8.56548,1.50,2.03
2013.02.04 14:33:11.885,8.56415,8.56509,1.55,1.50
2013.02.04 14:33:12.847,8.56415,8.56517,1.55,1.50
2013.02.04 14:33:13.438,8.56391,8.56517,1.50,1.50
2013.02.04 14:33:13.908,8.56397,8.56517,2.78,1.50
2013.02.04 14:33:14.268,8.56433,8.56552,1.50,1.50
2013.02.04 14:33:14.328,8.56397,8.5651,2.78,1.50
2013.02.04 14:33:14.569,8.56353,8.56469,2.55,1.50
2013.02.04 14:33:14.698,8.5642,8.56469,2.70,1.50
2013.02.04 14:33:14.818,8.5642,8.56489,2.70,1.50
2013.02.04 14:33:15.480,8.5642,8.56481,2.70,1.50
2013.02.04 14:33:15.725,8.56421,8.56505,1.58,1.50
2013.02.04 14:33:16.480,8.56421,8.56516,1.58,1.50
2013.02.04 14:33:24.209,8.56421,8.56523,2.93,1.50
2013.02.04 14:33:32.657,8.56421,8.56531,2.93,1.50
2013.02.04 14:33:33.617,8.56421,8.56541,2.93,1.50
2013.02.04 14:33:40.075,8.56421,8.56527,2.93,1.50
2013.02.04 14:33:40.778,8.56421,8.56503,2.93,1.50
2013.02.04 14:33:41.479,8.56421,8.56527,2.93,1.50
2013.02.04 14:33:42.019,8.56421,8.56544,2.93,1.50
2013.02.04 14:33:43.878,8.56418,8.56544,1.50,1.50
2013.02.04 14:33:53.609,8.5641,8.56536,1.50,1.50
2013.02.04 14:33:53.938,8.564,8.56524,2.25,1.50
2013.02.04 14:34:03.348,8.56415,8.56541,1.50,1.50
2013.02.04 14:34:03.619,8.56402,8.56526,1.50,1.50
2013.02.04 14:34:03.952,8.56413,8.56539,1.50,1.50
2013.02.04 14:34:04.138,8.56425,8.56549,1.50,2.25
2013.02.04 14:34:05.968,8.56417,8.56541,1.50,1.50
2013.02.04 14:34:06.878,8.56398,8.56524,2.25,1.50
2013.02.04 14:34:26.548,8.56411,8.56535,1.50,1.50
2013.02.04 14:34:26.854,8.56503,8.5655,1.50,1.35
2013.02.04 14:34:26.920,8.56492,8.5655,1.50,1.35
2013.02.04 14:34:27.919,8.56502,8.5655,1.50,1.35
2013.02.04 14:34:28.327,8.56479,8.5655,1.17,1.35
2013.02.04 14:34:28.859,8.56441,8.5655,1.50,1.35
2013.02.04 14:34:29.147,8.56401,8.56527,1.50,1.50
2013.02.04 14:34:29.269,8.56411,8.56537,1.50,1.50
2013.02.04 14:34:29.634,8.56438,8.5655,1.50,1.35
2013.02.04 14:34:30.107,8.56438,8.56522,1.50,1.13
2013.02.04 14:34:30.168,8.56428,8.56522,1.50,1.13
2013.02.04 14:34:30.288,8.56409,8.56522,1.50,3.23
2013.02.04 14:34:30.408,8.56387,8.56492,1.50,2.18
2013.02.04 14:34:30.471,8.56391,8.56513,2.93,1.50
2013.02.04 14:34:30.539,8.56452,8.56522,2.10,1.50
2013.02.04 14:34:30.599,8.56452,8.56545,2.48,1.50
2013.02.04 14:34:30.718,8.5649,8.56557,1.65,1.95
2013.02.04 14:34:30.778,8.56495,8.56595,1.50,2.85
2013.02.04 14:34:30.838,8.5652,8.56595,1.50,2.85
2013.02.04 14:34:31.148,8.56537,8.56595,1.50,2.85
2013.02.04 14:34:31.690,8.56543,8.56648,1.50,2.70
2013.02.04 14:34:31.818,8.56553,8.56648,1.50,2.70
2013.02.04 14:34:32.567,8.56544,8.56648,1.50,2.70
2013.02.04 14:34:35.720,8.56552,8.56648,1.50,2.70
2013.02.04 14:34:37.158,8.56545,8.56648,1.50,2.70
2013.02.04 14:34:41.018,8.56505,8.56631,1.50,1.50
2013.02.04 14:34:41.078,8.56521,8.56645,1.50,2.25
2013.02.04 14:34:41.138,8.56521,8.56645,1.50,2.25
2013.02.04 14:34:44.066,8.56521,8.56642,2.10,1.50
2013.02.04 14:34:44.370,8.56599,8.56715,1.50,2.33
2013.02.04 14:34:44.498,8.56623,8.56715,1.50,2.33
2013.02.04 14:34:47.379,8.56623,8.56715,2.10,2.33
2013.02.04 14:34:47.500,8.56691,8.56793,1.65,1.50
2013.02.04 14:34:47.569,8.56721,8.56811,1.50,1.65
2013.02.04 14:34:47.749,8.56721,8.5682,1.50,2.33
2013.02.04 14:35:16.238,8.56721,8.56835,1.50,1.88
2013.02.04 14:35:28.891,8.56713,8.56835,1.50,1.88
2013.02.04 14:35:29.758,8.56713,8.56839,1.50,1.50
2013.02.04 14:35:31.205,8.56685,8.56809,2.40,1.50
2013.02.04 14:35:31.869,8.56717,8.56843,1.50,1.50
2013.02.04 14:35:37.047,8.56717,8.56843,1.50,1.88
2013.02.04 14:35:37.378,8.56693,8.56751,1.50,1.50
2013.02.04 14:35:37.438,8.56638,8.56751,1.95,1.50
2013.02.04 14:35:38.035,8.56658,8.56776,1.58,3.00
2013.02.04 14:35:38.236,8.56663,8.56789,2.25,1.65
2013.02.04 14:35:42.165,8.56658,8.56781,1.58,1.50
2013.02.04 14:35:43.245,8.56665,8.56789,2.25,1.65
2013.02.04 14:35:45.770,8.56665,8.56789,2.25,1.65
2013.02.04 14:35:55.730,8.5666,8.56782,2.40,1.50
2013.02.04 14:35:57.790,8.56668,8.56794,2.25,1.65
2013.02.04 14:36:01.738,8.5666,8.56781,2.40,1.50
2013.02.04 14:36:04.211,8.5666,8.56774,2.40,1.50
2013.02.04 14:36:25.090,8.5666,8.56776,2.40,1.50
2013.02.04 14:36:45.358,8.5666,8.56777,2.93,1.50
2013.02.04 14:36:46.419,8.5666,8.56777,2.93,1.88
2013.02.04 14:36:46.599,8.56636,8.5676,1.50,1.65
2013.02.04 14:36:46.659,8.56606,8.5673,2.25,1.50
2013.02.04 14:36:46.718,8.56606,8.5673,2.40,1.50
2013.02.04 14:36:46.778,8.56629,8.56755,1.65,3.00
2013.02.04 14:36:46.838,8.56635,8.56755,1.50,1.50
2013.02.04 14:36:47.540,8.56653,8.56777,1.50,1.50
2013.02.04 14:36:50.359,8.56653,8.56777,1.50,1.88
2013.02.04 14:36:50.420,8.56639,8.56763,1.50,1.65
2013.02.04 14:36:50.550,8.56627,8.56753,2.25,1.65
2013.02.04 14:36:50.669,8.56603,8.56727,2.25,1.50
2013.02.04 14:36:50.849,8.56614,8.56738,1.50,1.65
2013.02.04 14:36:53.209,8.56603,8.56729,2.25,1.50
2013.02.04 14:36:53.806,8.56603,8.56729,2.25,1.88
2013.02.04 14:36:53.928,8.56549,8.56658,1.50,1.50
2013.02.04 14:36:53.989,8.56539,8.56645,1.95,1.50
2013.02.04 14:36:54.295,8.56566,8.56662,1.65,1.50
2013.02.04 14:36:54.359,8.5657,8.56696,2.40,1.50
2013.02.04 14:36:55.218,8.56594,8.5672,1.50,1.50
2013.02.04 14:36:55.339,8.56612,8.56721,1.50,1.50
2013.02.04 14:36:55.580,8.56612,8.56738,1.50,2.40
2013.02.04 14:36:55.857,8.56612,8.56732,1.50,1.13
2013.02.04 14:36:55.979,8.56577,8.56703,2.25,1.65
2013.02.04 14:36:56.099,8.56577,8.56703,1.50,1.65
2013.02.04 14:36:56.161,8.5656,8.56686,1.50,1.50
2013.02.04 14:36:57.802,8.56568,8.56694,1.50,1.65
2013.02.04 14:36:58.109,8.56614,8.5674,1.50,3.15
2013.02.04 14:36:58.459,8.56622,8.5674,1.50,1.65
2013.02.04 14:36:58.965,8.56622,8.5674,1.50,1.65
2013.02.04 14:37:00.378,8.56622,8.5674,1.50,1.13
2013.02.04 14:37:00.510,8.56556,8.56661,2.93,1.50
2013.02.04 14:37:00.568,8.56537,8.56661,1.50,1.50
2013.02.04 14:37:00.829,8.5656,8.56686,1.50,1.65
2013.02.04 14:37:01.814,8.56533,8.56659,1.50,1.50
2013.02.04 14:37:02.888,8.56544,8.56668,1.50,1.50
2013.02.04 14:37:03.009,8.56551,8.56677,1.50,1.50
2013.02.04 14:37:03.068,8.56562,8.56688,1.50,2.40
2013.02.04 14:37:03.881,8.56562,8.56688,1.50,2.40
2013.02.04 14:37:04.632,8.56562,8.56688,1.50,1.50
2013.02.04 14:37:04.819,8.56572,8.56696,1.50,1.50
2013.02.04 14:37:05.408,8.56572,8.56696,1.50,1.65
2013.02.04 14:37:05.529,8.56559,8.56683,1.50,1.50
2013.02.04 14:37:06.903,8.56559,8.56683,1.50,2.25
2013.02.04 14:37:09.400,8.56559,8.56683,1.50,1.65
2013.02.04 14:37:09.540,8.56537,8.56661,1.50,1.50
2013.02.04 14:37:09.668,8.56529,8.56653,1.50,1.50
2013.02.04 14:37:17.970,8.56529,8.56653,2.25,1.50
2013.02.04 14:37:19.630,8.56529,8.56653,2.25,1.88
2013.02.04 14:37:19.880,8.56524,8.56635,1.50,2.70
2013.02.04 14:37:19.951,8.56524,8.56631,1.50,1.13
2013.02.04 14:37:20.259,8.56524,8.56601,1.50,1.13
2013.02.04 14:37:20.320,8.565,8.56578,1.50,2.25
2013.02.04 14:37:20.929,8.56444,8.5657,3.00,2.40
2013.02.04 14:37:22.858,8.56444,8.56568,1.50,1.65
2013.02.04 14:37:23.159,8.56394,8.56512,1.80,1.50
2013.02.04 14:37:25.558,8.56394,8.56512,1.80,2.10
2013.02.04 14:37:25.918,8.56336,8.56456,2.33,1.65
2013.02.04 14:37:26.238,8.56342,8.56464,2.70,1.65
2013.02.04 14:37:26.693,8.5633,8.56454,1.50,2.40
2013.02.04 14:37:43.868,8.5633,8.56454,1.65,2.25
2013.02.04 14:37:44.170,8.56374,8.56461,1.50,2.18
2013.02.04 14:37:44.522,8.56383,8.56461,1.50,2.93
2013.02.04 14:37:45.088,8.56394,8.56461,1.50,2.93
2013.02.04 14:37:45.389,8.56413,8.56464,1.50,2.48
2013.02.04 14:37:45.748,8.56328,8.56452,2.25,1.65
2013.02.04 14:37:45.868,8.56318,8.56426,2.03,1.50
2013.02.04 14:37:45.929,8.56302,8.56426,1.50,2.25
2013.02.04 14:37:46.704,8.5631,8.56431,1.50,2.93
2013.02.04 14:37:48.501,8.5631,8.56431,1.88,2.78
2013.02.04 14:37:48.569,8.56355,8.56473,2.25,1.58
2013.02.04 14:37:48.750,8.56382,8.56473,1.50,1.58
2013.02.04 14:37:48.809,8.56382,8.56475,1.50,2.18
2013.02.04 14:37:48.869,8.5639,8.56475,1.50,2.18
2013.02.04 14:37:49.552,8.56397,8.56475,1.50,2.18
2013.02.04 14:37:49.858,8.56413,8.56479,1.50,1.50
2013.02.04 14:37:50.259,8.56424,8.56479,1.50,1.50
2013.02.04 14:37:51.331,8.56408,8.56479,1.50,1.50
2013.02.04 14:37:51.462,8.56408,8.56477,1.50,2.78
2013.02.04 14:37:51.589,8.56383,8.56477,1.50,2.78
2013.02.04 14:37:51.649,8.56357,8.56477,1.50,2.78
2013.02.04 14:37:53.119,8.56357,8.56474,1.50,1.73
2013.02.04 14:37:55.541,8.56357,8.56474,1.50,1.88
2013.02.04 14:37:55.788,8.56335,8.56459,2.25,1.50
2013.02.04 14:37:55.849,8.56335,8.56453,1.50,1.80
2013.02.04 14:38:01.989,8.56338,8.56451,1.50,2.03
2013.02.04 14:38:02.351,8.5638,8.56451,2.10,2.03
2013.02.04 14:38:02.540,8.56477,8.56589,1.50,2.93
2013.02.04 14:38:02.799,8.56477,8.56612,1.50,2.70
2013.02.04 14:38:02.981,8.56477,8.5662,1.50,1.50
2013.02.04 14:38:04.079,8.56521,8.566,1.50,1.50
2013.02.04 14:38:06.349,8.56515,8.566,1.50,1.50
2013.02.04 14:38:08.568,8.56462,8.56573,1.50,1.50
2013.02.04 14:38:08.688,8.56515,8.566,1.50,1.65
2013.02.04 14:38:09.188,8.56515,8.56603,1.50,1.65
2013.02.04 14:38:09.262,8.56566,8.56666,1.50,1.50
2013.02.04 14:38:09.459,8.56553,8.56666,1.50,1.50
2013.02.04 14:38:09.594,8.56565,8.56666,1.50,1.50
2013.02.04 14:38:09.949,8.5656,8.56666,1.50,1.50
2013.02.04 14:38:10.768,8.56553,8.56666,1.50,1.50
2013.02.04 14:38:10.828,8.56553,8.56656,1.50,1.13
2013.02.04 14:38:11.068,8.56518,8.56652,1.88,2.40
2013.02.04 14:38:11.189,8.5651,8.56624,1.50,2.85
2013.02.04 14:38:11.538,8.56517,8.56624,1.50,2.85
2013.02.04 14:38:16.469,8.56526,8.56624,1.50,2.85
2013.02.04 14:38:18.259,8.56529,8.56624,1.50,2.85
2013.02.04 14:38:18.381,8.56524,8.56624,1.50,2.85
2013.02.04 14:38:18.648,8.56529,8.56624,1.50,2.85
2013.02.04 14:38:19.579,8.56503,8.56624,1.50,2.85
2013.02.04 14:38:20.338,8.56502,8.56624,1.50,2.85
2013.02.04 14:38:22.490,8.56511,8.56624,1.50,2.85
2013.02.04 14:38:24.058,8.56502,8.56624,1.50,2.85
2013.02.04 14:38:29.479,8.56526,8.56624,1.50,2.85
2013.02.04 14:38:34.659,8.56526,8.56609,1.50,1.35
2013.02.04 14:38:34.901,8.56455,8.56567,1.50,2.93
2013.02.04 14:38:36.896,8.5643,8.56512,2.25,1.73
2013.02.04 14:38:36.959,8.56421,8.56487,2.85,2.33
2013.02.04 14:38:37.019,8.56414,8.56483,2.85,1.29
2013.02.04 14:38:37.200,8.56398,8.5643,1.50,1.50
2013.02.04 14:38:37.258,8.56423,8.56512,1.50,1.35
2013.02.04 14:38:37.318,8.56423,8.56532,1.50,1.50
2013.02.04 14:38:37.378,8.56444,8.56532,1.50,1.50
2013.02.04 14:38:38.159,8.56444,8.56522,1.50,1.13
2013.02.04 14:38:38.219,8.56428,8.56522,1.50,1.13
2013.02.04 14:38:38.339,8.56385,8.56492,1.65,2.33
2013.02.04 14:38:38.459,8.56411,8.56492,1.50,2.33
2013.02.04 14:38:38.518,8.56411,8.56535,1.50,1.65
2013.02.04 14:38:38.578,8.56433,8.56535,1.50,1.65
2013.02.04 14:38:39.369,8.56448,8.56535,1.50,1.65
2013.02.04 14:38:40.348,8.56448,8.56553,1.50,1.65
2013.02.04 14:38:41.149,8.56448,8.56553,1.50,3.00
2013.02.04 14:38:41.959,8.56456,8.56553,1.50,3.00
2013.02.04 14:38:42.197,8.56447,8.56553,1.50,3.00
2013.02.04 14:38:46.508,8.56456,8.56553,1.50,3.00
2013.02.04 14:38:47.189,8.56456,8.56543,1.50,1.50
2013.02.04 14:38:47.491,8.56401,8.56502,1.50,1.65
2013.02.04 14:38:47.559,8.5639,8.56502,1.50,1.65
2013.02.04 14:38:48.230,8.56404,8.56502,1.50,1.65
2013.02.04 14:38:49.228,8.56358,8.56481,1.58,1.65
2013.02.04 14:38:49.288,8.56382,8.56481,1.50,1.65
2013.02.04 14:38:49.680,8.56408,8.56502,1.50,1.65
2013.02.04 14:38:51.833,8.56412,8.56496,1.50,1.65
2013.02.04 14:38:53.487,8.56405,8.56496,1.50,1.65
2013.02.04 14:38:53.557,8.56397,8.56496,1.50,1.65
2013.02.04 14:38:53.809,8.56405,8.56496,1.50,1.65
2013.02.04 14:38:57.978,8.56388,8.56502,1.50,1.65
2013.02.04 14:38:58.039,8.56397,8.56502,1.50,1.65
2013.02.04 14:38:59.101,8.56405,8.56502,1.50,1.65
2013.02.04 14:39:00.770,8.56414,8.56502,1.50,1.65
2013.02.04 14:39:01.781,8.56405,8.56502,1.50,1.65
2013.02.04 14:39:02.003,8.56369,8.56473,2.40,1.88
2013.02.04 14:39:02.073,8.56347,8.56443,1.50,2.93
2013.02.04 14:39:02.204,8.56337,8.56443,1.50,2.93
2013.02.04 14:39:03.140,8.56347,8.56443,1.50,2.93
2013.02.04 14:39:12.808,8.56338,8.56442,1.50,1.65
2013.02.04 14:39:23.459,8.5635,8.56438,1.50,1.65
2013.02.04 14:39:23.519,8.56362,8.5647,1.50,2.33
2013.02.04 14:39:25.118,8.56376,8.5647,1.50,2.33
2013.02.04 14:39:28.718,8.56387,8.5647,1.50,2.33
2013.02.04 14:39:35.099,8.56379,8.5647,1.50,2.33
2013.02.04 14:39:35.838,8.56379,8.56459,1.50,1.73
2013.02.04 14:39:54.912,8.56384,8.56459,1.50,1.73
2013.02.04 14:40:08.949,8.56376,8.56427,1.50,1.95
2013.02.04 14:40:09.069,8.56352,8.56427,1.50,1.95
2013.02.04 14:40:09.128,8.56335,8.56427,1.50,1.95
2013.02.04 14:40:09.190,8.56335,8.56417,1.50,1.65
2013.02.04 14:40:10.080,8.56314,8.56425,1.50,1.65
2013.02.04 14:40:13.128,8.56267,8.56343,1.88,1.13
2013.02.04 14:40:13.369,8.56235,8.56304,1.50,2.33
2013.02.04 14:40:13.569,8.56235,8.563,1.50,1.13
2013.02.04 14:40:13.809,8.56222,8.56276,1.50,1.65
2013.02.04 14:40:14.411,8.56204,8.56276,1.50,1.65
2013.02.04 14:40:14.621,8.56204,8.5627,1.50,1.13
2013.02.04 14:40:14.868,8.56185,8.5627,1.50,1.13
2013.02.04 14:40:15.339,8.56174,8.5627,1.50,1.13
2013.02.04 14:40:17.547,8.56174,8.56266,1.50,1.13
2013.02.04 14:40:17.849,8.56164,8.56266,1.50,1.13
2013.02.04 14:40:17.909,8.56164,8.56273,1.50,1.50
2013.02.04 14:40:17.969,8.56171,8.5629,2.85,2.25
2013.02.04 14:40:18.089,8.56171,8.5629,2.85,1.50
2013.02.04 14:40:18.419,8.56181,8.5629,2.93,1.50
2013.02.04 14:40:18.789,8.56194,8.56313,1.50,1.65
2013.02.04 14:40:23.596,8.56194,8.56313,1.50,1.88
2013.02.04 14:40:23.779,8.56184,8.56235,1.50,1.13
2013.02.04 14:40:23.900,8.56144,8.56232,1.50,1.65
2013.02.04 14:40:24.575,8.56144,8.56232,1.50,1.50
2013.02.04 14:40:24.758,8.56144,8.56252,1.50,1.50
2013.02.04 14:40:24.818,8.56144,8.56268,1.50,2.48
2013.02.04 14:40:24.999,8.56185,8.56268,1.50,2.48
2013.02.04 14:40:49.763,8.56185,8.56277,1.50,1.80
2013.02.04 14:41:18.828,8.56185,8.56289,1.50,1.88
2013.02.04 14:41:25.524,8.56117,8.56289,2.40,1.88
2013.02.04 14:41:33.948,8.56117,8.56289,2.40,1.88
2013.02.04 14:41:48.088,8.56178,8.56289,1.50,1.88
2013.02.04 14:42:06.221,8.56178,8.56297,1.50,2.63
2013.02.04 14:42:12.539,8.56178,8.56269,1.50,2.78
2013.02.04 14:42:13.653,8.56178,8.56259,1.50,1.13
2013.02.04 14:42:13.720,8.56169,8.56259,1.50,1.13
2013.02.04 14:42:13.841,8.56153,8.56234,1.50,1.73
2013.02.04 14:42:13.911,8.56127,8.56234,1.50,1.73
2013.02.04 14:42:24.869,8.56103,8.56152,1.50,1.50
2013.02.04 14:42:24.929,8.56053,8.56152,2.18,1.65
2013.02.04 14:42:24.989,8.56028,8.56152,2.25,2.40
2013.02.04 14:42:25.049,8.56028,8.56152,1.50,2.40
2013.02.04 14:42:32.879,8.56019,8.56143,1.50,1.65
2013.02.04 14:42:33.100,8.56027,8.56151,1.50,2.40
2013.02.04 14:42:33.220,8.56018,8.56144,1.50,1.65
2013.02.04 14:42:34.940,8.55985,8.56079,2.48,1.50
2013.02.04 14:42:35.119,8.55963,8.56079,1.95,1.50
2013.02.04 14:42:36.379,8.56024,8.56126,1.50,2.93
2013.02.04 14:42:36.950,8.56006,8.56126,1.50,2.93
2013.02.04 14:42:42.969,8.56018,8.56126,1.50,2.93
2013.02.04 14:42:43.789,8.56018,8.56131,1.50,3.00
2013.02.04 14:42:46.750,8.56018,8.56142,1.50,1.50
2013.02.04 14:42:46.810,8.56032,8.56156,1.50,2.25
2013.02.04 14:42:47.278,8.56046,8.56159,1.50,1.73
2013.02.04 14:42:50.000,8.56059,8.56159,1.50,1.58
2013.02.04 14:42:50.069,8.56067,8.56188,1.50,1.58
2013.02.04 14:42:50.205,8.56067,8.56185,1.50,1.13
2013.02.04 14:42:50.329,8.56056,8.56167,1.50,2.03
2013.02.04 14:42:51.171,8.56037,8.56161,1.50,2.40
2013.02.04 14:42:52.522,8.56027,8.56153,1.50,1.50
2013.02.04 14:42:54.659,8.56027,8.56153,1.50,1.65
2013.02.04 14:42:54.840,8.56004,8.56128,1.50,1.50
2013.02.04 14:42:55.445,8.56012,8.56136,1.50,1.65
2013.02.04 14:43:03.460,8.56003,8.56127,1.50,1.50
2013.02.04 14:43:04.399,8.56011,8.56137,1.50,2.40
2013.02.04 14:43:07.291,8.5602,8.56144,1.50,2.40
2013.02.04 14:43:07.359,8.56011,8.56135,1.50,1.65
2013.02.04 14:43:07.479,8.55999,8.56123,1.50,1.50
2013.02.04 14:43:08.273,8.5599,8.56116,1.50,1.50
2013.02.04 14:43:10.079,8.5599,8.56116,1.65,1.50
2013.02.04 14:43:10.260,8.56001,8.56125,1.65,1.50
2013.02.04 14:43:10.379,8.56011,8.56137,1.50,2.25
2013.02.04 14:43:10.439,8.5602,8.56146,1.50,1.50
2013.02.04 14:43:22.660,8.56025,8.56146,1.13,1.50
2013.02.04 14:43:22.721,8.56036,8.5616,2.40,1.50
2013.02.04 14:43:22.781,8.56077,8.56186,1.50,1.50
2013.02.04 14:43:22.858,8.56077,8.56198,1.50,2.33
2013.02.04 14:43:25.923,8.56066,8.56192,1.50,2.25
2013.02.04 14:43:28.980,8.56075,8.56198,1.50,2.33
2013.02.04 14:43:29.859,8.56068,8.56192,1.50,2.25
2013.02.04 14:43:32.139,8.56067,8.56193,1.50,2.25
2013.02.04 14:43:34.780,8.56076,8.56198,1.50,2.33
2013.02.04 14:43:35.418,8.56068,8.56192,1.50,2.25
2013.02.04 14:43:36.790,8.56077,8.56198,1.50,2.33
2013.02.04 14:43:37.308,8.56066,8.56192,1.50,2.25
2013.02.04 14:43:37.562,8.56076,8.56198,1.50,2.33
2013.02.04 14:43:38.299,8.56067,8.56191,1.50,2.25
2013.02.04 14:43:39.979,8.56076,8.56198,1.50,2.33
2013.02.04 14:43:40.382,8.56067,8.56191,1.50,2.25
2013.02.04 14:43:41.639,8.56053,8.56179,1.65,1.50
2013.02.04 14:43:41.699,8.56036,8.56158,1.65,1.50
2013.02.04 14:43:41.819,8.56047,8.56173,2.40,1.50
2013.02.04 14:43:41.879,8.56036,8.56162,3.15,1.50
2013.02.04 14:43:47.615,8.56044,8.56162,1.50,1.88
2013.02.04 14:43:47.688,8.56036,8.56162,2.25,1.88
2013.02.04 14:43:47.812,8.56008,8.56092,1.50,1.50
2013.02.04 14:43:47.939,8.55979,8.56092,2.25,1.50
2013.02.04 14:43:48.240,8.55978,8.56102,3.98,1.50
2013.02.04 14:43:52.458,8.56004,8.56128,1.50,1.50
2013.02.04 14:43:52.861,8.55995,8.56121,1.50,1.50
2013.02.04 14:43:53.050,8.55978,8.56102,3.98,1.50
2013.02.04 14:43:56.199,8.55978,8.56094,2.48,1.50
2013.02.04 14:43:56.259,8.55975,8.56094,2.18,1.50
2013.02.04 14:43:56.449,8.55978,8.56102,2.25,1.50
2013.02.04 14:43:58.131,8.56002,8.56102,1.50,1.50
2013.02.04 14:43:58.439,8.5607,8.56186,1.13,1.50
2013.02.04 14:43:58.499,8.56071,8.56197,2.40,1.50
2013.02.04 14:43:59.379,8.56071,8.56197,2.25,1.50
2013.02.04 14:43:59.440,8.56063,8.56187,2.25,1.50
2013.02.04 14:43:59.562,8.56063,8.56187,1.50,1.50
2013.02.04 14:43:59.629,8.56057,8.56165,1.88,1.50
2013.02.04 14:43:59.809,8.56069,8.56182,1.13,1.50
2013.02.04 14:44:00.640,8.56075,8.56201,2.40,1.50
2013.02.04 14:44:01.879,8.56088,8.56193,1.65,1.50
2013.02.04 14:44:03.489,8.56084,8.56201,1.65,1.50
2013.02.04 14:44:03.729,8.56123,8.56212,1.65,1.50
2013.02.04 14:44:15.760,8.56123,8.56221,1.65,1.50
2013.02.04 14:44:19.359,8.56123,8.56213,1.65,1.50
2013.02.04 14:44:24.010,8.56123,8.56221,1.65,1.50
2013.02.04 14:44:25.099,8.56123,8.56221,1.65,1.65
2013.02.04 14:44:25.219,8.56093,8.5621,1.50,1.65
2013.02.04 14:44:25.279,8.56093,8.56171,1.50,1.50
2013.02.04 14:44:28.598,8.56093,8.56171,1.50,1.88
2013.02.04 14:44:28.720,8.56057,8.56144,1.50,1.65
2013.02.04 14:44:28.780,8.56057,8.56103,1.50,1.50
2013.02.04 14:44:28.960,8.56004,8.5613,1.50,1.50
2013.02.04 14:44:29.149,8.56015,8.56139,1.50,1.65
2013.02.04 14:44:29.745,8.55989,8.56109,2.25,1.50
2013.02.04 14:44:30.074,8.56018,8.56134,1.50,1.65
2013.02.04 14:44:30.639,8.56027,8.56153,1.65,2.25
2013.02.04 14:44:30.759,8.56027,8.56153,1.65,1.50
2013.02.04 14:44:31.058,8.56019,8.56143,1.65,1.50
2013.02.04 14:44:31.784,8.56035,8.56161,1.50,1.50
2013.02.04 14:44:32.517,8.56022,8.56148,1.65,1.50
2013.02.04 14:44:32.820,8.56088,8.56212,1.65,1.50
2013.02.04 14:44:33.169,8.56076,8.56202,2.40,1.50
2013.02.04 14:44:35.429,8.56067,8.56193,1.65,1.50
2013.02.04 14:44:35.609,8.56059,8.56182,2.85,1.50
2013.02.04 14:44:46.260,8.56059,8.56182,2.70,1.50
2013.02.04 14:44:50.809,8.56069,8.56182,1.50,1.50
2013.02.04 14:44:50.929,8.56078,8.56202,2.25,1.50
2013.02.04 14:44:51.049,8.5611,8.56236,1.50,1.50
2013.02.04 14:44:51.229,8.56147,8.5626,1.50,2.25
2013.02.04 14:44:51.469,8.56147,8.56253,1.50,2.25
2013.02.04 14:44:52.599,8.56147,8.56265,1.50,2.18
2013.02.04 14:44:54.372,8.56147,8.56252,1.50,1.50
2013.02.04 14:44:54.439,8.56126,8.56252,1.50,1.50
2013.02.04 14:44:54.500,8.56101,8.56225,2.25,1.50
2013.02.04 14:45:10.651,8.5611,8.56225,2.18,1.50
2013.02.04 14:45:11.420,8.5611,8.56233,2.18,1.50
2013.02.04 14:45:11.901,8.56117,8.56241,2.25,1.50
2013.02.04 14:45:17.470,8.5611,8.56213,2.18,1.50
2013.02.04 14:45:17.589,8.56106,8.56213,2.40,1.50
2013.02.04 14:45:17.779,8.56119,8.56213,2.33,1.50
2013.02.04 14:45:18.559,8.56119,8.56222,2.33,1.50
2013.02.04 14:45:18.869,8.56119,8.56213,2.33,1.50
2013.02.04 14:45:19.331,8.56119,8.56223,2.33,1.50
2013.02.04 14:45:22.630,8.56119,8.56232,2.33,1.50
2013.02.04 14:45:25.656,8.56119,8.56223,2.33,1.50
2013.02.04 14:45:27.020,8.56119,8.56184,2.33,1.50
2013.02.04 14:45:27.260,8.56119,8.56229,2.33,1.50
2013.02.04 14:45:27.450,8.56119,8.56215,2.33,1.50
2013.02.04 14:45:27.580,8.56125,8.56226,1.73,1.50
2013.02.04 14:45:27.641,8.56125,8.56241,1.73,1.50
2013.02.04 14:45:28.101,8.56125,8.56232,1.73,1.50
2013.02.04 14:45:28.891,8.56125,8.5624,1.73,1.50
2013.02.04 14:45:29.971,8.56125,8.56232,1.73,1.50
2013.02.04 14:45:31.448,8.56125,8.56224,1.73,1.50
2013.02.04 14:45:31.859,8.56125,8.56231,1.73,1.50
2013.02.04 14:45:32.832,8.56125,8.56221,1.73,1.50
2013.02.04 14:45:33.046,8.56125,8.5623,1.73,1.50
2013.02.04 14:45:33.173,8.56125,8.5624,1.73,1.50
2013.02.04 14:45:33.524,8.56125,8.56242,1.73,1.50
2013.02.04 14:45:34.150,8.56125,8.56232,1.73,1.50
2013.02.04 14:45:36.326,8.56125,8.56216,1.73,1.50
2013.02.04 14:45:36.510,8.56125,8.56241,1.73,1.50
2013.02.04 14:45:38.460,8.56125,8.5623,1.73,1.50
2013.02.04 14:45:38.670,8.56125,8.56239,1.73,1.50
2013.02.04 14:45:42.019,8.56125,8.56248,1.73,1.50
2013.02.04 14:45:44.290,8.56125,8.56239,1.73,1.50
2013.02.04 14:46:04.880,8.56125,8.56241,1.73,1.50
2013.02.04 14:46:13.529,8.56125,8.56249,1.73,1.50
2013.02.04 14:46:13.730,8.56125,8.56236,1.73,1.50
2013.02.04 14:46:16.338,8.56125,8.56247,1.73,1.50
2013.02.04 14:46:18.168,8.56125,8.56237,1.73,1.50
2013.02.04 14:46:18.359,8.5612,8.56237,1.73,1.50
2013.02.04 14:46:18.477,8.56202,8.56261,1.50,2.25
2013.02.04 14:46:19.079,8.56178,8.56233,1.50,1.50
2013.02.04 14:46:19.139,8.56122,8.56233,1.65,1.50
2013.02.04 14:46:19.410,8.5615,8.56233,1.60,1.50
2013.02.04 14:46:19.923,8.56207,8.56261,1.50,2.25
2013.02.04 14:46:20.002,8.56122,8.56236,1.65,1.50
2013.02.04 14:46:20.070,8.56152,8.56236,1.22,1.50
2013.02.04 14:46:20.380,8.56201,8.56267,1.50,1.58
2013.02.04 14:46:20.645,8.56129,8.56234,1.50,1.50
2013.02.04 14:46:20.714,8.56119,8.56234,1.65,1.50
2013.02.04 14:46:20.925,8.56179,8.56259,1.44,2.25
2013.02.04 14:46:21.240,8.56198,8.56267,1.50,1.58
2013.02.04 14:46:21.359,8.56179,8.56267,2.09,1.58
2013.02.04 14:46:21.479,8.56155,8.56235,1.50,1.50
2013.02.04 14:46:21.714,8.56173,8.56235,1.50,1.50
2013.02.04 14:46:21.839,8.56182,8.56267,1.50,1.58
2013.02.04 14:46:21.899,8.5619,8.56267,1.01,1.58
2013.02.04 14:46:22.199,8.56186,8.56267,1.50,1.58
2013.02.04 14:46:22.261,8.56161,8.56234,1.50,1.50
2013.02.04 14:46:22.329,8.56119,8.56234,1.65,1.50
2013.02.04 14:46:22.478,8.56151,8.56234,1.43,1.50
2013.02.04 14:46:22.540,8.56151,8.56267,1.68,1.58
2013.02.04 14:46:22.600,8.56183,8.56267,1.76,1.58
2013.02.04 14:46:22.920,8.56186,8.56267,1.50,1.58
2013.02.04 14:46:23.099,8.56119,8.56235,1.65,1.50
2013.02.04 14:46:23.219,8.5615,8.56235,1.26,1.50
2013.02.04 14:46:23.521,8.56191,8.56267,1.01,1.58
2013.02.04 14:46:23.700,8.56186,8.56267,1.50,1.58
2013.02.04 14:46:23.879,8.56119,8.56235,1.65,1.50
2013.02.04 14:46:24.019,8.56129,8.56235,1.73,1.50
2013.02.04 14:46:24.329,8.562,8.56267,1.50,1.58
2013.02.04 14:46:24.448,8.56186,8.56267,1.76,1.58
2013.02.04 14:46:24.508,8.56186,8.56267,1.50,1.58
2013.02.04 14:46:24.569,8.56119,8.56235,1.65,1.50
2013.02.04 14:46:24.688,8.56119,8.5619,1.65,1.50
2013.02.04 14:46:25.449,8.56089,8.56164,2.85,3.00
2013.02.04 14:46:26.808,8.56089,8.56171,2.85,1.50
2013.02.04 14:46:26.868,8.56089,8.5618,2.85,1.50
2013.02.04 14:46:29.098,8.56089,8.5618,2.85,1.50
2013.02.04 14:46:29.219,8.56157,8.5626,2.48,2.25
2013.02.04 14:46:29.280,8.56168,8.5626,2.93,1.50
2013.02.04 14:46:29.700,8.56168,8.56248,2.70,1.50
2013.02.04 14:46:30.020,8.5615,8.56213,2.55,1.50
2013.02.04 14:46:30.379,8.5615,8.56188,2.55,1.50
2013.02.04 14:46:31.651,8.5615,8.56197,2.55,1.50
2013.02.04 14:46:34.629,8.5615,8.56204,2.55,1.50
2013.02.04 14:46:42.309,8.5615,8.56196,2.55,1.50
2013.02.04 14:46:48.601,8.5615,8.56204,2.55,1.50
2013.02.04 14:46:48.850,8.5615,8.56197,2.55,1.50
2013.02.04 14:46:55.680,8.5615,8.562,2.55,1.50
2013.02.04 14:46:56.509,8.5615,8.56199,2.55,1.50
2013.02.04 14:46:57.260,8.5615,8.56195,2.55,1.50
2013.02.04 14:46:57.967,8.5615,8.56198,2.55,1.50
2013.02.04 14:47:00.399,8.56141,8.56198,2.25,1.50
2013.02.04 14:47:07.050,8.56141,8.5621,2.25,1.50
2013.02.04 14:47:07.635,8.56141,8.56201,2.25,1.50
2013.02.04 14:47:08.010,8.56141,8.56197,2.25,1.50
2013.02.04 14:47:08.242,8.56141,8.56205,2.25,1.50
2013.02.04 14:47:09.600,8.56141,8.56197,2.25,1.50
2013.02.04 14:47:10.809,8.56141,8.56201,2.25,1.50
2013.02.04 14:47:11.224,8.56141,8.56197,2.25,1.50
2013.02.04 14:47:11.665,8.56141,8.56205,2.25,1.50
2013.02.04 14:47:14.531,8.56141,8.56206,2.25,1.50
2013.02.04 14:47:14.859,8.56141,8.56202,2.25,1.50
2013.02.04 14:47:15.869,8.56141,8.56203,2.25,1.50
2013.02.04 14:47:15.930,8.56141,8.56212,2.25,1.50
2013.02.04 14:47:16.489,8.56141,8.56208,2.25,1.50
2013.02.04 14:47:18.030,8.56141,8.56199,2.25,1.50
2013.02.04 14:47:18.856,8.56141,8.56175,2.25,1.50
2013.02.04 14:47:18.929,8.56141,8.56211,2.25,1.50
2013.02.04 14:47:25.441,8.56141,8.56219,2.25,1.50
2013.02.04 14:47:30.730,8.56141,8.56205,2.25,1.50
2013.02.04 14:47:30.909,8.56093,8.56175,1.95,1.50
2013.02.04 14:47:31.769,8.56093,8.56215,1.95,1.50
2013.02.04 14:47:32.799,8.56093,8.56206,1.95,1.50
2013.02.04 14:47:33.110,8.55967,8.56099,1.73,1.50
2013.02.04 14:47:33.230,8.55967,8.5612,1.73,1.50
2013.02.04 14:47:33.358,8.55967,8.5613,1.73,1.50
2013.02.04 14:47:35.231,8.55987,8.56101,1.73,1.50
2013.02.04 14:47:35.659,8.55987,8.56078,1.73,1.50
2013.02.04 14:47:36.930,8.55986,8.56078,1.73,2.48
2013.02.04 14:47:37.048,8.55862,8.5599,1.50,1.50
2013.02.04 14:47:37.110,8.55889,8.55972,2.48,1.50
2013.02.04 14:47:37.231,8.55889,8.55997,2.48,1.50
2013.02.04 14:47:37.290,8.55866,8.55997,2.25,1.50
2013.02.04 14:47:37.359,8.55866,8.56032,2.25,2.40
2013.02.04 14:47:38.131,8.55879,8.56002,2.93,1.88
2013.02.04 14:47:38.379,8.55853,8.55953,1.50,1.50
2013.02.04 14:47:38.441,8.55841,8.55953,2.48,1.50
2013.02.04 14:47:38.511,8.55843,8.55953,1.80,1.50
2013.02.04 14:47:39.019,8.55843,8.55924,1.80,1.50
2013.02.04 14:47:39.340,8.55849,8.55924,2.70,1.50
2013.02.04 14:47:40.110,8.55849,8.55895,2.70,1.50
2013.02.04 14:47:40.296,8.55817,8.55895,2.33,1.50
2013.02.04 14:47:40.840,8.55816,8.55895,1.73,1.50
2013.02.04 14:47:41.101,8.55816,8.55866,1.73,1.50
2013.02.04 14:47:41.730,8.55817,8.55866,2.78,1.50
2013.02.04 14:47:42.159,8.5584,8.55891,1.70,1.50
2013.02.04 14:47:42.219,8.5584,8.55958,1.70,1.65
2013.02.04 14:47:42.338,8.5586,8.55966,2.10,1.65
2013.02.04 14:47:42.750,8.5586,8.55966,2.10,1.50
2013.02.04 14:47:42.809,8.5586,8.55896,2.10,1.50
2013.02.04 14:47:42.929,8.55829,8.55896,1.50,1.50
2013.02.04 14:47:43.059,8.55829,8.55886,1.50,1.50
2013.02.04 14:47:44.249,8.5587,8.55911,1.50,1.50
2013.02.04 14:47:44.310,8.5587,8.55973,1.50,1.50
2013.02.04 14:47:44.667,8.55862,8.55973,1.50,1.50
2013.02.04 14:47:51.979,8.5584,8.55964,1.50,1.50
2013.02.04 14:47:55.301,8.55846,8.55964,1.88,1.50
2013.02.04 14:47:55.372,8.55872,8.55983,1.65,2.10
2013.02.04 14:47:55.441,8.55892,8.55992,1.50,1.50
2013.02.04 14:47:55.730,8.55892,8.56009,1.50,2.85
2013.02.04 14:47:57.269,8.55931,8.56009,1.50,2.85
2013.02.04 14:47:58.169,8.55919,8.56009,1.50,2.85
2013.02.04 14:47:58.289,8.5589,8.56009,1.50,2.85
2013.02.04 14:47:58.459,8.55882,8.56008,1.50,2.25
2013.02.04 14:47:58.820,8.55882,8.56008,1.50,1.50
2013.02.04 14:48:00.929,8.55882,8.55994,1.50,1.88
2013.02.04 14:48:01.618,8.55898,8.56008,2.40,1.50
2013.02.04 14:48:01.799,8.55905,8.56031,2.25,1.50
2013.02.04 14:48:03.610,8.55905,8.56031,2.25,1.65
2013.02.04 14:48:03.670,8.55905,8.56031,2.25,2.40
2013.02.04 14:48:05.870,8.55895,8.5601,1.58,1.50
2013.02.04 14:48:05.990,8.55886,8.5601,1.50,1.50
2013.02.04 14:48:06.169,8.55905,8.56021,1.50,2.48
2013.02.04 14:48:06.649,8.55905,8.55972,1.50,1.65
2013.02.04 14:48:06.770,8.55884,8.55952,1.50,1.65
2013.02.04 14:48:06.830,8.55884,8.55952,1.50,1.65
2013.02.04 14:48:06.890,8.55865,8.55952,1.50,1.65
2013.02.04 14:48:07.260,8.55831,8.5591,2.25,1.50
2013.02.04 14:48:08.010,8.55828,8.5591,2.93,1.50
2013.02.04 14:48:11.480,8.55823,8.5591,2.03,1.50
2013.02.04 14:48:11.721,8.55856,8.55936,1.50,1.50
2013.02.04 14:48:11.779,8.55856,8.55969,1.50,2.63
2013.02.04 14:48:12.016,8.55856,8.55976,1.50,1.73
2013.02.04 14:48:15.949,8.5588,8.55976,1.50,1.73
2013.02.04 14:48:16.490,8.55905,8.55976,1.50,1.73
2013.02.04 14:48:19.149,8.5588,8.55976,1.50,1.73
2013.02.04 14:48:19.512,8.55906,8.55976,1.50,1.73
2013.02.04 14:48:22.130,8.55881,8.55976,1.50,1.73
2013.02.04 14:48:22.190,8.55855,8.55976,1.50,1.73
2013.02.04 14:48:29.805,8.5588,8.55976,1.50,1.73
2013.02.04 14:48:30.221,8.55906,8.55976,1.50,1.73
2013.02.04 14:48:33.760,8.55856,8.55976,1.50,1.73
2013.02.04 14:48:34.019,8.55905,8.55976,1.50,1.73
2013.02.04 14:48:35.279,8.55895,8.5598,1.50,2.48
2013.02.04 14:48:35.460,8.55895,8.55987,1.50,2.18
2013.02.04 14:48:35.699,8.55895,8.55994,1.50,1.58
2013.02.04 14:48:36.349,8.55925,8.55994,1.50,1.58
2013.02.04 14:48:37.459,8.55925,8.55998,1.50,2.93
2013.02.04 14:48:37.579,8.55906,8.55998,1.50,2.93
2013.02.04 14:48:38.360,8.55906,8.55998,1.50,3.08
2013.02.04 14:48:38.554,8.55876,8.55978,1.50,1.88
2013.02.04 14:48:38.621,8.55855,8.55978,1.50,1.88
2013.02.04 14:48:47.341,8.55885,8.55978,1.50,1.88
2013.02.04 14:48:48.579,8.55893,8.55978,1.50,1.88
2013.02.04 14:48:49.569,8.55882,8.55978,1.50,1.88
2013.02.04 14:48:49.750,8.5589,8.55965,1.50,1.65
2013.02.04 14:48:49.929,8.55883,8.55965,1.50,1.65
2013.02.04 14:48:50.061,8.55883,8.55961,1.50,1.13
2013.02.04 14:48:50.411,8.5586,8.55913,1.50,2.03
2013.02.04 14:48:50.701,8.5586,8.55915,1.50,1.95
2013.02.04 14:48:50.880,8.55851,8.55915,1.50,1.95
2013.02.04 14:48:51.763,8.55851,8.55911,1.50,1.80
2013.02.04 14:48:51.845,8.5583,8.55911,1.50,1.80
2013.02.04 14:48:52.131,8.55819,8.55911,1.50,1.80
2013.02.04 14:48:52.565,8.558,8.55911,1.50,1.80
2013.02.04 14:48:53.246,8.55799,8.55911,1.50,1.80
2013.02.04 14:48:54.769,8.55808,8.55911,1.50,1.80
2013.02.04 14:49:09.669,8.55817,8.55911,1.50,1.80
2013.02.04 14:49:09.981,8.55825,8.55911,1.50,1.80
2013.02.04 14:49:14.350,8.55816,8.55911,1.50,1.80
2013.02.04 14:49:14.551,8.55795,8.55911,1.50,1.80
2013.02.04 14:49:14.755,8.55792,8.559,1.50,1.50
2013.02.04 14:49:15.080,8.55776,8.559,1.88,1.50
2013.02.04 14:49:20.140,8.55776,8.559,1.50,1.50
2013.02.04 14:49:27.800,8.55776,8.55857,1.50,1.50
2013.02.04 14:49:27.980,8.55766,8.55857,1.50,1.50
2013.02.04 14:49:30.614,8.55806,8.55857,1.50,1.50
2013.02.04 14:49:32.799,8.5576,8.55857,1.50,1.50
2013.02.04 14:49:33.139,8.55743,8.55857,1.50,1.50
2013.02.04 14:49:33.400,8.55751,8.55857,1.50,1.50
2013.02.04 14:49:33.940,8.5576,8.55857,1.50,1.50
2013.02.04 14:49:34.060,8.55745,8.55857,1.50,1.50
2013.02.04 14:49:34.191,8.55745,8.55839,1.50,1.88
2013.02.04 14:49:35.139,8.55745,8.55839,1.65,1.88
2013.02.04 14:49:35.379,8.5577,8.55894,1.50,3.00
2013.02.04 14:49:37.020,8.5577,8.55894,1.50,1.50
2013.02.04 14:49:37.291,8.55783,8.55909,1.50,2.25
2013.02.04 14:49:44.030,8.55793,8.55917,1.50,3.75
2013.02.04 14:49:55.970,8.55793,8.55917,1.50,1.50
2013.02.04 14:49:56.210,8.55802,8.55926,1.50,2.25
2013.02.04 14:49:57.531,8.55791,8.55915,1.50,1.50
2013.02.04 14:50:12.032,8.55774,8.55898,1.50,1.50
2013.02.04 14:50:13.781,8.55765,8.55889,2.25,1.50
2013.02.04 14:50:14.001,8.55776,8.559,1.50,1.50
2013.02.04 14:50:20.170,8.55763,8.55861,1.80,1.50
2013.02.04 14:50:20.471,8.55714,8.55801,2.48,1.50
2013.02.04 14:50:20.991,8.55689,8.55801,2.25,1.50
2013.02.04 14:50:21.374,8.55689,8.55771,2.25,1.50
2013.02.04 14:50:23.430,8.55675,8.55771,1.65,1.50
2013.02.04 14:50:24.081,8.55642,8.55751,2.55,1.50
2013.02.04 14:50:26.039,8.55636,8.55751,2.70,1.50
2013.02.04 14:50:28.162,8.55661,8.55751,1.50,1.50
2013.02.04 14:50:28.228,8.55685,8.55793,1.50,1.65
2013.02.04 14:50:28.961,8.55685,8.55796,2.25,1.50
2013.02.04 14:50:29.021,8.55709,8.55796,1.50,1.50
2013.02.04 14:50:29.082,8.55695,8.55821,1.65,1.50
2013.02.04 14:50:29.201,8.55695,8.55817,1.50,1.65
2013.02.04 14:50:29.850,8.55682,8.55806,1.50,1.65
2013.02.04 14:50:30.080,8.55682,8.55795,1.50,1.50
2013.02.04 14:50:30.410,8.5567,8.55771,2.03,1.50
2013.02.04 14:50:31.079,8.55669,8.55771,2.85,1.50
2013.02.04 14:50:32.551,8.55667,8.55771,1.50,1.50
2013.02.04 14:50:34.311,8.55718,8.55795,1.50,1.50
2013.02.04 14:50:34.380,8.55718,8.55823,1.50,2.40
2013.02.04 14:50:34.805,8.55718,8.55823,1.50,2.25
2013.02.04 14:50:34.991,8.55718,8.55835,1.50,1.88
2013.02.04 14:50:35.050,8.55693,8.558,1.50,1.50
2013.02.04 14:50:35.110,8.55677,8.558,2.10,1.50
2013.02.04 14:50:35.413,8.55682,8.558,2.63,1.50
2013.02.04 14:50:35.791,8.55732,8.55826,1.50,1.50
2013.02.04 14:50:36.365,8.55732,8.55839,1.50,2.93
2013.02.04 14:50:37.611,8.55732,8.55825,1.50,1.50
2013.02.04 14:50:37.673,8.55682,8.558,2.63,1.50
2013.02.04 14:50:39.450,8.5573,8.55825,1.50,1.50
2013.02.04 14:50:39.511,8.5573,8.55839,1.50,2.93
2013.02.04 14:50:39.861,8.55719,8.55839,1.50,2.93
2013.02.04 14:50:40.611,8.55694,8.55801,1.50,1.50
2013.02.04 14:50:40.672,8.55682,8.55801,1.58,1.50
2013.02.04 14:50:41.342,8.55672,8.55771,1.88,1.50
2013.02.04 14:50:41.671,8.55674,8.55771,2.85,1.50
2013.02.04 14:50:41.910,8.55672,8.55771,2.18,1.50
2013.02.04 14:50:42.170,8.55742,8.55828,2.48,1.95
2013.02.04 14:50:42.350,8.55797,8.55921,2.10,1.50
2013.02.04 14:50:42.410,8.55797,8.55921,2.25,1.50
2013.02.04 14:50:42.711,8.55797,8.559,1.50,1.50
2013.02.04 14:50:43.391,8.55809,8.55925,1.65,1.50
2013.02.04 14:50:43.912,8.55809,8.55935,1.65,2.25
2013.02.04 14:50:44.301,8.55809,8.55935,1.65,1.50
2013.02.04 14:50:45.611,8.55809,8.55935,1.50,1.65
2013.02.04 14:50:45.730,8.55785,8.559,3.53,1.50
2013.02.04 14:50:46.100,8.55776,8.559,3.30,1.50
2013.02.04 14:50:46.841,8.55776,8.55891,1.80,1.50
2013.02.04 14:50:50.131,8.55765,8.55891,2.40,1.50
2013.02.04 14:51:05.281,8.55844,8.55915,1.50,1.50
2013.02.04 14:51:05.341,8.55844,8.55935,1.50,2.70
2013.02.04 14:51:06.521,8.5586,8.55935,1.50,2.70
2013.02.04 14:51:06.902,8.55841,8.55891,1.50,1.50
2013.02.04 14:51:07.428,8.55765,8.55891,2.40,1.50
2013.02.04 14:51:10.168,8.55789,8.55891,2.33,1.50
2013.02.04 14:51:14.972,8.55789,8.55891,2.33,1.88
2013.02.04 14:51:15.332,8.55779,8.55802,1.88,1.50
2013.02.04 14:51:15.512,8.55715,8.558,1.58,1.50
2013.02.04 14:51:16.720,8.55701,8.558,1.88,1.50
2013.02.04 14:51:17.135,8.55701,8.55781,1.88,1.13
2013.02.04 14:51:17.261,8.55657,8.55759,1.95,1.65
2013.02.04 14:51:17.322,8.55657,8.55744,1.95,1.50
2013.02.04 14:51:17.643,8.55656,8.5572,1.88,1.50
2013.02.04 14:51:19.402,8.55678,8.55789,1.80,2.25
2013.02.04 14:51:19.462,8.55678,8.55781,1.80,1.13
2013.02.04 14:51:19.641,8.55653,8.55769,1.58,1.50
2013.02.04 14:51:19.703,8.55653,8.55768,1.58,2.25
2013.02.04 14:51:20.053,8.55671,8.55768,2.18,1.50
2013.02.04 14:51:21.558,8.55711,8.55793,1.50,1.50
2013.02.04 14:51:21.620,8.55711,8.55818,1.50,3.08
2013.02.04 14:51:23.121,8.55711,8.55808,1.50,1.13
2013.02.04 14:51:23.241,8.55686,8.55805,1.50,1.13
2013.02.04 14:51:23.360,8.55659,8.5575,1.50,1.50
2013.02.04 14:51:24.404,8.55685,8.55795,1.50,1.65
2013.02.04 14:51:25.231,8.55685,8.55775,1.50,1.50
2013.02.04 14:51:25.709,8.55659,8.55751,1.50,1.50
2013.02.04 14:51:33.320,8.55644,8.55751,2.70,1.50
2013.02.04 14:51:34.030,8.55646,8.55751,2.25,1.50
2013.02.04 14:51:39.531,8.55625,8.55751,1.50,3.00
2013.02.04 14:51:39.650,8.55605,8.5572,2.33,1.50
2013.02.04 14:51:40.061,8.55644,8.5572,1.80,1.50
2013.02.04 14:51:40.569,8.55644,8.55749,1.80,1.50
2013.02.04 14:51:41.551,8.55604,8.5572,2.18,1.50
2013.02.04 14:51:43.824,8.55656,8.55745,1.50,2.25
2013.02.04 14:51:45.112,8.55647,8.5575,1.50,1.73
2013.02.04 14:51:46.542,8.55657,8.5575,1.50,1.73
2013.02.04 14:51:49.147,8.55648,8.5575,1.50,1.73
2013.02.04 14:51:51.022,8.55666,8.5575,1.50,1.73
2013.02.04 14:51:51.091,8.55666,8.55758,1.50,2.63
2013.02.04 14:51:51.821,8.55655,8.55758,1.50,2.63
2013.02.04 14:51:53.873,8.55655,8.55749,1.50,1.95
2013.02.04 14:51:54.001,8.5564,8.55749,1.50,1.95
2013.02.04 14:51:54.642,8.55626,8.55749,1.50,1.95
2013.02.04 14:51:54.701,8.55614,8.5574,1.50,2.40
2013.02.04 14:51:57.893,8.55607,8.55731,1.50,2.40
2013.02.04 14:51:58.633,8.55615,8.55732,1.50,1.65
2013.02.04 14:52:03.635,8.55615,8.55732,1.50,1.50
2013.02.04 14:52:03.822,8.55615,8.55739,1.50,2.25
2013.02.04 14:52:07.569,8.55615,8.55739,1.65,2.25
2013.02.04 14:52:07.870,8.55639,8.55739,2.48,1.50
2013.02.04 14:52:08.373,8.55674,8.55773,1.50,3.47
2013.02.04 14:52:10.295,8.55674,8.55772,1.50,3.60
2013.02.04 14:52:10.864,8.55674,8.55773,1.50,3.21
2013.02.04 14:52:11.774,8.55649,8.55759,1.50,1.50
2013.02.04 14:52:11.844,8.55633,8.55759,2.25,1.50
2013.02.04 14:52:13.701,8.5565,8.55759,1.50,1.50
2013.02.04 14:52:14.021,8.55674,8.55773,1.50,2.40
2013.02.04 14:52:14.660,8.55674,8.55772,1.50,1.44
2013.02.04 14:52:16.164,8.55674,8.55775,1.50,1.42
2013.02.04 14:52:18.741,8.55674,8.55785,1.50,2.55
2013.02.04 14:52:18.801,8.55674,8.55788,1.50,2.63
2013.02.04 14:52:21.371,8.55634,8.5576,2.25,1.65
2013.02.04 14:52:21.612,8.55634,8.5576,1.50,1.65
2013.02.04 14:52:25.172,8.55687,8.5576,2.10,1.50
2013.02.04 14:52:25.303,8.55695,8.55778,2.10,1.58
2013.02.04 14:52:25.373,8.5574,8.55786,1.50,1.08
2013.02.04 14:52:25.682,8.55772,8.55796,1.50,1.58
2013.02.04 14:52:25.741,8.55789,8.55893,1.50,1.95
2013.02.04 14:52:26.042,8.55799,8.55893,1.50,1.95
2013.02.04 14:52:26.606,8.55845,8.55971,1.50,1.50
2013.02.04 14:52:26.682,8.55854,8.5598,1.50,2.25
2013.02.04 14:52:27.334,8.55858,8.5598,1.50,2.25
2013.02.04 14:52:27.670,8.55882,8.5599,1.50,1.73
2013.02.04 14:52:28.053,8.55891,8.55999,1.50,2.93
2013.02.04 14:52:28.361,8.55814,8.5594,1.50,1.65
2013.02.04 14:52:31.192,8.55814,8.5594,2.25,1.65
2013.02.04 14:52:33.542,8.55834,8.5596,1.50,2.40
2013.02.04 14:52:37.890,8.55747,8.5589,2.48,3.75
2013.02.04 14:52:37.949,8.55747,8.5583,2.10,1.88
2013.02.04 14:52:38.011,8.55723,8.55829,3.75,1.65
2013.02.04 14:52:38.070,8.55685,8.55829,1.50,2.40
2013.02.04 14:52:38.131,8.55685,8.55825,1.50,1.13
2013.02.04 14:52:38.190,8.55674,8.55812,2.25,1.88
2013.02.04 14:52:38.251,8.55674,8.55781,1.50,1.65
2013.02.04 14:52:39.163,8.55644,8.55761,1.50,1.65
2013.02.04 14:52:39.292,8.55644,8.55746,1.50,1.95
2013.02.04 14:52:39.481,8.55664,8.5577,1.65,1.50
2013.02.04 14:52:40.061,8.55673,8.55772,2.25,3.85
2013.02.04 14:52:40.132,8.55673,8.55799,2.25,1.65
2013.02.04 14:52:41.071,8.55675,8.55799,2.10,2.40
2013.02.04 14:52:41.131,8.55675,8.55799,2.25,2.25
2013.02.04 14:52:41.191,8.55697,8.55799,1.35,1.50
2013.02.04 14:52:41.252,8.55701,8.55799,2.03,1.50
2013.02.04 14:52:41.553,8.55747,8.55847,1.50,1.65
2013.02.04 14:52:41.801,8.55747,8.55852,1.50,2.48
2013.02.04 14:52:42.062,8.55775,8.55852,1.50,2.48
2013.02.04 14:52:42.501,8.55783,8.55852,1.50,2.48
2013.02.04 14:52:42.800,8.55783,8.55859,1.50,1.58
2013.02.04 14:52:43.410,8.55804,8.55859,1.50,1.58
2013.02.04 14:52:45.090,8.55804,8.55849,1.50,1.13
2013.02.04 14:52:45.210,8.55779,8.55849,1.50,1.13
2013.02.04 14:52:45.271,8.55735,8.55849,1.50,1.13
2013.02.04 14:52:45.331,8.5571,8.55821,1.50,2.03
2013.02.04 14:52:45.391,8.55704,8.55821,1.50,2.03
2013.02.04 14:52:45.601,8.55704,8.55811,1.50,1.13
2013.02.04 14:52:45.661,8.55679,8.55799,2.25,1.65
2013.02.04 14:52:45.781,8.55675,8.55799,2.25,1.65
2013.02.04 14:52:46.628,8.55675,8.55799,2.25,1.65
2013.02.04 14:52:46.766,8.55675,8.55797,1.50,2.63
2013.02.04 14:52:47.431,8.55664,8.5579,1.50,2.40
2013.02.04 14:52:47.912,8.55664,8.55787,1.50,1.13
2013.02.04 14:52:48.032,8.55656,8.55781,1.50,1.88
2013.02.04 14:52:48.101,8.55655,8.55762,2.25,2.48
2013.02.04 14:52:48.832,8.55674,8.55762,1.50,2.48
2013.02.04 14:52:49.288,8.55648,8.55741,1.56,1.65
2013.02.04 14:52:49.601,8.55735,8.55818,1.50,1.50
2013.02.04 14:52:49.662,8.55735,8.55838,1.50,2.55
2013.02.04 14:52:51.392,8.55725,8.55838,1.50,2.55
2013.02.04 14:52:51.511,8.55734,8.55844,1.50,1.73
2013.02.04 14:52:51.960,8.55709,8.55833,1.50,1.65
2013.02.04 14:53:02.550,8.55697,8.55821,2.25,1.50
2013.02.04 14:53:09.880,8.55687,8.55809,2.03,1.50
2013.02.04 14:53:10.001,8.55685,8.55809,3.15,1.50
2013.02.04 14:53:10.241,8.55685,8.55809,2.25,1.50
2013.02.04 14:53:11.582,8.55693,8.55809,2.48,1.50
2013.02.04 14:53:14.691,8.55693,8.55809,2.63,1.88
2013.02.04 14:53:14.751,8.55685,8.55772,1.50,1.88
2013.02.04 14:53:14.811,8.55667,8.55772,1.58,1.88
2013.02.04 14:53:17.595,8.55626,8.55737,2.18,1.65
2013.02.04 14:53:37.631,8.55626,8.55747,1.65,1.50
2013.02.04 14:53:37.930,8.55631,8.55757,2.25,2.40
2013.02.04 14:53:50.171,8.55625,8.55747,2.10,1.50
2013.02.04 14:53:53.831,8.55633,8.55759,2.25,3.15
2013.02.04 14:54:04.011,8.55625,8.55741,2.10,1.50
2013.02.04 14:54:06.201,8.55657,8.55741,2.33,1.50
2013.02.04 14:54:06.682,8.55657,8.5575,2.33,1.50
2013.02.04 14:54:07.251,8.55657,8.55758,2.33,1.65
2013.02.04 14:54:08.973,8.55657,8.55741,2.33,1.50
2013.02.04 14:54:09.195,8.55657,8.55754,2.33,1.65
2013.02.04 14:54:17.540,8.55657,8.55736,2.33,1.50
2013.02.04 14:54:17.791,8.55657,8.55748,2.33,1.50
2013.02.04 14:54:18.841,8.55657,8.55738,2.33,1.50
2013.02.04 14:54:25.040,8.55657,8.55749,2.33,1.50
2013.02.04 14:54:26.241,8.55657,8.55759,2.33,1.65
2013.02.04 14:54:29.450,8.55657,8.55759,2.33,1.65
2013.02.04 14:54:31.632,8.55657,8.55754,2.33,1.50
2013.02.04 14:54:33.110,8.55657,8.55743,2.33,1.50
2013.02.04 14:54:38.211,8.55657,8.55753,2.33,1.50
2013.02.04 14:54:39.891,8.55657,8.55764,2.33,1.65
2013.02.04 14:54:40.079,8.55668,8.55764,2.55,1.65
2013.02.04 14:54:40.201,8.55668,8.55764,2.55,1.50
2013.02.04 14:54:40.320,8.55678,8.55751,1.50,1.50
2013.02.04 14:54:40.502,8.55692,8.55813,2.48,2.25
2013.02.04 14:54:40.861,8.557,8.55826,2.25,2.25
2013.02.04 14:54:41.400,8.5572,8.55828,1.50,2.70
2013.02.04 14:54:42.172,8.5572,8.55832,1.50,1.03
2013.02.04 14:54:47.881,8.55743,8.55835,1.50,2.78
2013.02.04 14:54:48.021,8.55696,8.55803,2.33,1.50
2013.02.04 14:54:53.822,8.55696,8.55803,2.33,1.88
2013.02.04 14:54:54.012,8.55678,8.55741,1.50,1.65
2013.02.04 14:54:54.071,8.5562,8.55741,2.93,1.65
2013.02.04 14:54:54.131,8.5562,8.5573,2.93,1.50
2013.02.04 14:54:54.689,8.55679,8.55785,1.50,2.03
2013.02.04 14:54:56.451,8.55679,8.55767,1.50,1.88
2013.02.04 14:54:56.512,8.55677,8.55741,1.50,1.65
2013.02.04 14:54:56.691,8.55617,8.55734,2.48,1.65
2013.02.04 14:54:56.751,8.55617,8.55724,2.48,1.50
2013.02.04 14:54:57.781,8.55619,8.55732,2.78,1.50
2013.02.04 14:54:57.901,8.55619,8.55742,2.78,1.50
2013.02.04 14:54:58.161,8.55619,8.55742,2.78,1.65
2013.02.04 14:54:58.342,8.55607,8.55714,1.88,1.50
2013.02.04 14:55:02.860,8.55589,8.55714,1.58,1.65
2013.02.04 14:55:03.849,8.55589,8.55706,1.58,1.50
2013.02.04 14:55:04.363,8.5559,8.55716,2.25,1.65
2013.02.04 14:55:08.051,8.55589,8.55708,1.58,1.50
2013.02.04 14:55:09.420,8.55589,8.55697,1.58,1.50
2013.02.04 14:55:13.711,8.5559,8.55697,2.18,1.50
2013.02.04 14:55:13.830,8.5559,8.55705,2.18,1.50
2013.02.04 14:55:15.541,8.55594,8.55705,2.48,1.50
2013.02.04 14:55:25.041,8.55594,8.55714,2.40,1.50
2013.02.04 14:55:25.101,8.55594,8.55698,2.40,1.50
2013.02.04 14:55:25.401,8.55613,8.55735,1.58,1.50
2013.02.04 14:55:26.333,8.55613,8.55735,1.58,1.65
2013.02.04 14:55:26.571,8.55609,8.55735,2.25,1.65
2013.02.04 14:55:26.631,8.55602,8.55726,1.95,1.50
2013.02.04 14:55:27.222,8.55602,8.55717,1.95,1.50
2013.02.04 14:55:29.813,8.55602,8.55727,1.95,1.50
2013.02.04 14:55:29.883,8.5561,8.55727,1.65,1.50
2013.02.04 14:55:32.771,8.55614,8.5574,2.25,1.50
2013.02.04 14:55:34.521,8.5561,8.55722,1.65,1.50
2013.02.04 14:55:34.703,8.55597,8.55722,1.50,1.50
2013.02.04 14:55:39.641,8.55605,8.55731,1.50,1.50
2013.02.04 14:55:41.871,8.55605,8.55731,1.50,1.88
2013.02.04 14:55:41.931,8.5559,8.55672,2.03,1.13
2013.02.04 14:55:41.991,8.55575,8.55647,1.50,1.13
2013.02.04 14:55:42.051,8.5555,8.55617,1.50,1.50
2013.02.04 14:55:42.111,8.55493,8.55617,2.25,1.50
2013.02.04 14:55:42.232,8.55487,8.55642,1.73,2.40
2013.02.04 14:55:42.301,8.55481,8.55642,1.80,2.40
2013.02.04 14:55:42.360,8.55487,8.55611,2.25,1.50
2013.02.04 14:55:42.947,8.55505,8.55611,1.50,1.50
2013.02.04 14:55:43.495,8.55543,8.55637,1.50,2.25
2013.02.04 14:55:43.571,8.55543,8.55667,1.50,1.50
2013.02.04 14:55:43.902,8.55543,8.55665,1.50,1.13
2013.02.04 14:55:44.143,8.55501,8.55589,1.13,1.50
2013.02.04 14:55:44.215,8.55492,8.55595,2.48,1.50
2013.02.04 14:55:44.284,8.5551,8.55595,1.50,1.50
2013.02.04 14:55:44.355,8.55548,8.5562,1.50,1.50
2013.02.04 14:55:44.423,8.55523,8.55577,2.40,1.50
2013.02.04 14:55:44.611,8.5547,8.55566,1.13,1.50
2013.02.04 14:55:44.731,8.55457,8.55566,1.73,1.50
2013.02.04 14:55:45.588,8.55477,8.55566,1.50,1.50
2013.02.04 14:55:45.891,8.55495,8.55565,1.35,1.50
2013.02.04 14:55:45.952,8.55477,8.55565,1.50,1.50
2013.02.04 14:55:46.071,8.55458,8.55565,1.65,1.50
2013.02.04 14:55:47.573,8.55456,8.55565,1.65,1.50
2013.02.04 14:55:51.371,8.55491,8.55565,2.48,1.50
2013.02.04 14:55:51.431,8.55509,8.55591,1.50,1.50
2013.02.04 14:55:51.551,8.55509,8.55623,1.50,1.50
2013.02.04 14:55:51.611,8.55507,8.55623,2.25,1.88
2013.02.04 14:55:51.732,8.55486,8.55566,2.70,1.50
2013.02.04 14:55:51.791,8.55458,8.55566,2.03,1.50
2013.02.04 14:55:53.534,8.55454,8.55566,2.78,1.50
2013.02.04 14:55:54.864,8.55467,8.55566,2.03,1.50
2013.02.04 14:55:55.172,8.5554,8.55591,1.50,1.50
2013.02.04 14:55:55.441,8.55532,8.55591,2.25,1.50
2013.02.04 14:55:55.681,8.55539,8.5566,1.50,2.25
2013.02.04 14:55:56.662,8.55539,8.55664,1.65,2.10
2013.02.04 14:55:56.799,8.55539,8.55665,2.40,1.50
2013.02.04 14:55:56.861,8.55548,8.55674,2.25,1.50
2013.02.04 14:56:09.383,8.5554,8.55666,2.25,1.50
2013.02.04 14:56:09.512,8.55551,8.55675,1.50,1.50
2013.02.04 14:56:10.167,8.55539,8.55665,2.25,1.50
2013.02.04 14:56:11.090,8.55539,8.55665,1.50,1.73
2013.02.04 14:56:11.211,8.55517,8.55565,1.58,1.50
2013.02.04 14:56:11.270,8.55478,8.55545,1.50,1.50
2013.02.04 14:56:11.330,8.55478,8.55545,1.50,1.88
2013.02.04 14:56:11.570,8.55381,8.55519,1.50,1.95
2013.02.04 14:56:11.881,8.55367,8.55511,2.25,1.65
2013.02.04 14:56:12.201,8.55367,8.55511,2.25,1.65
2013.02.04 14:56:13.931,8.55367,8.55491,2.40,1.50
2013.02.04 14:56:14.052,8.55382,8.55491,1.88,1.50
2013.02.04 14:56:14.776,8.55382,8.55506,1.88,1.50
2013.02.04 14:56:21.782,8.55393,8.55519,1.50,1.50
2013.02.04 14:56:24.011,8.55393,8.55519,2.25,1.50
2013.02.04 14:56:24.371,8.55363,8.55487,1.65,1.50
2013.02.04 14:56:24.672,8.55384,8.55508,2.25,2.25
2013.02.04 14:56:24.791,8.55384,8.55508,2.25,1.50
2013.02.04 14:56:25.381,8.55393,8.55519,1.50,1.50
2013.02.04 14:56:27.102,8.55393,8.55519,2.25,1.50
2013.02.04 14:56:28.129,8.55405,8.55531,1.50,2.40
2013.02.04 14:56:38.421,8.5539,8.55516,1.50,1.50
2013.02.04 14:56:50.874,8.5539,8.55516,1.65,1.50
2013.02.04 14:56:50.942,8.55409,8.55535,1.50,1.50
2013.02.04 14:56:51.101,8.55421,8.55545,1.50,2.25
2013.02.04 14:56:56.531,8.55412,8.55538,1.50,1.50
2013.02.04 14:56:58.143,8.55401,8.55507,2.10,1.50
2013.02.04 14:57:05.573,8.55401,8.55503,2.10,1.50
2013.02.04 14:57:05.665,8.55401,8.55508,2.10,1.50
2013.02.04 14:57:08.472,8.55401,8.55507,2.10,1.50
2013.02.04 14:57:09.733,8.55401,8.55503,2.10,1.50
2013.02.04 14:57:09.854,8.55401,8.55507,2.10,1.50
2013.02.04 14:57:10.781,8.55401,8.55516,2.10,1.50
2013.02.04 14:57:10.901,8.55417,8.55516,2.25,1.50
2013.02.04 14:57:11.760,8.55417,8.55505,2.25,1.50
2013.02.04 14:57:12.562,8.55417,8.55509,2.25,1.50
2013.02.04 14:57:13.200,8.55428,8.55509,1.95,1.50
2013.02.04 14:57:15.621,8.55416,8.55509,2.25,1.50
2013.02.04 14:57:22.212,8.55417,8.55509,1.65,1.50
2013.02.04 14:57:23.143,8.55417,8.55505,1.80,1.50
2013.02.04 14:57:23.261,8.55425,8.55531,2.55,1.50
2013.02.04 14:57:23.381,8.55425,8.55535,2.55,1.50
2013.02.04 14:57:23.891,8.55425,8.5553,2.55,1.50
2013.02.04 14:57:23.952,8.55425,8.55561,2.55,1.50
2013.02.04 14:57:28.343,8.55425,8.55561,2.93,1.50
2013.02.04 14:57:28.521,8.55446,8.55584,3.08,2.25
2013.02.04 14:57:28.581,8.55446,8.55584,3.08,1.50
2013.02.04 14:57:31.792,8.55464,8.55584,2.40,1.50
2013.02.04 14:57:33.232,8.55464,8.55565,2.40,1.50
2013.02.04 14:57:35.963,8.55475,8.55565,2.85,1.50
2013.02.04 14:57:40.871,8.55475,8.5556,2.85,1.50
2013.02.04 14:57:40.934,8.55443,8.55542,1.95,1.50
2013.02.04 14:57:41.061,8.55443,8.55529,1.95,1.50
2013.02.04 14:57:41.532,8.55443,8.55535,1.95,1.50
2013.02.04 14:57:41.743,8.55443,8.55531,1.95,1.50
2013.02.04 14:57:45.321,8.55464,8.55531,2.40,1.50
2013.02.04 14:57:45.441,8.55464,8.55539,2.40,1.50
2013.02.04 14:57:45.771,8.55464,8.55532,2.40,1.50
2013.02.04 14:57:51.712,8.55464,8.55538,2.40,1.50
2013.02.04 14:57:51.832,8.55464,8.55533,2.40,1.50
2013.02.04 14:57:56.231,8.55441,8.55533,2.55,1.50
2013.02.04 14:58:00.746,8.55441,8.55526,2.55,1.50
2013.02.04 14:58:01.071,8.55441,8.55537,2.55,1.50
2013.02.04 14:58:10.152,8.55441,8.55526,2.55,1.50
2013.02.04 14:58:12.112,8.55441,8.55537,2.55,1.50
2013.02.04 14:58:12.531,8.55441,8.55522,2.55,1.50
2013.02.04 14:58:14.322,8.55441,8.55522,2.70,1.50
2013.02.04 14:58:14.441,8.55441,8.55544,2.70,1.50
2013.02.04 14:58:14.502,8.55453,8.55544,2.10,1.50
2013.02.04 14:58:14.627,8.55453,8.55566,2.10,1.50
2013.02.04 14:58:14.893,8.55453,8.55557,2.10,1.50
2013.02.04 14:58:14.962,8.55453,8.55566,2.10,1.50
2013.02.04 14:58:15.203,8.55453,8.55556,2.10,1.50
2013.02.04 14:58:15.571,8.55453,8.55562,2.10,1.50
2013.02.04 14:58:16.702,8.55477,8.55562,1.58,1.50
2013.02.04 14:58:27.572,8.55471,8.55562,2.48,1.50
2013.02.04 14:58:30.964,8.55447,8.55552,1.58,1.50
2013.02.04 14:58:31.092,8.55447,8.55532,2.18,1.50
2013.02.04 14:58:33.972,8.55447,8.55539,2.18,1.50
2013.02.04 14:58:34.836,8.55447,8.55534,2.18,1.50
2013.02.04 14:58:39.274,8.55447,8.55537,2.18,1.50
2013.02.04 14:58:39.541,8.55447,8.55532,2.18,1.50
2013.02.04 14:58:40.322,8.55447,8.55526,2.18,1.50
2013.02.04 14:58:40.536,8.55447,8.55531,2.18,1.50
2013.02.04 14:58:42.117,8.55447,8.55538,2.18,1.50
2013.02.04 14:58:42.836,8.55447,8.55533,2.18,1.50
2013.02.04 14:58:43.411,8.55447,8.55541,2.18,1.50
2013.02.04 14:58:43.531,8.55448,8.55549,2.40,1.50
2013.02.04 14:58:44.281,8.55448,8.55537,2.40,1.50
2013.02.04 14:58:44.541,8.55448,8.55541,2.40,1.50
2013.02.04 14:58:45.671,8.55448,8.55533,2.40,1.50
2013.02.04 14:58:45.851,8.55448,8.55541,2.40,1.50
2013.02.04 14:58:45.911,8.55443,8.55541,1.65,1.50
2013.02.04 14:58:47.274,8.55443,8.55532,2.85,1.50
2013.02.04 14:58:47.495,8.55443,8.55538,2.85,1.50
2013.02.04 14:58:47.824,8.55443,8.55534,2.85,1.50
2013.02.04 14:58:50.361,8.55443,8.55541,2.85,1.50
2013.02.04 14:58:50.567,8.55443,8.55535,2.85,1.50
2013.02.04 14:58:50.811,8.55446,8.55544,1.88,1.50
2013.02.04 14:58:51.872,8.55446,8.55537,1.88,1.50
2013.02.04 14:58:56.551,8.5545,8.55537,1.88,1.50
2013.02.04 14:58:56.861,8.5545,8.55543,1.88,1.50
2013.02.04 14:58:57.220,8.55437,8.55543,2.03,1.50
2013.02.04 14:59:01.771,8.55437,8.55533,2.03,1.50
2013.02.04 14:59:01.831,8.55431,8.55533,2.03,1.50
2013.02.04 14:59:01.890,8.55431,8.55541,2.03,1.50
2013.02.04 14:59:02.412,8.55431,8.55541,2.18,1.50
2013.02.04 14:59:02.592,8.55446,8.55558,2.93,1.50
2013.02.04 14:59:06.791,8.55453,8.55558,2.93,1.50
2013.02.04 14:59:06.851,8.55453,8.55567,2.93,1.50
2013.02.04 14:59:09.255,8.55466,8.55567,1.58,1.50
2013.02.04 14:59:10.110,8.55466,8.55568,1.58,1.50
2013.02.04 14:59:12.931,8.55472,8.55562,1.50,1.50
2013.02.04 14:59:13.052,8.55472,8.55585,1.50,1.50
2013.02.04 14:59:14.921,8.55472,8.55585,1.50,2.40
2013.02.04 14:59:15.041,8.5544,8.55567,1.88,1.50
2013.02.04 14:59:15.105,8.5544,8.55542,1.88,1.50
2013.02.04 14:59:17.323,8.55451,8.55542,1.73,1.50
2013.02.04 14:59:19.042,8.55451,8.55551,1.73,1.50
2013.02.04 14:59:20.257,8.55451,8.55558,1.73,1.50
2013.02.04 14:59:20.872,8.55461,8.55558,1.35,1.50
2013.02.04 14:59:21.121,8.55507,8.55614,1.73,1.50
2013.02.04 14:59:22.321,8.55507,8.55617,1.73,1.50
2013.02.04 14:59:22.382,8.55517,8.55617,1.13,1.50
2013.02.04 14:59:22.503,8.55543,8.55642,2.40,1.50
2013.02.04 14:59:23.051,8.55543,8.55643,2.40,1.50
2013.02.04 14:59:23.141,8.55543,8.55633,2.40,1.50
2013.02.04 14:59:23.797,8.55543,8.55648,1.65,1.50
2013.02.04 14:59:25.421,8.55543,8.55648,1.65,1.50
2013.02.04 14:59:25.601,8.55543,8.55659,1.65,1.50
2013.02.04 14:59:25.723,8.556,8.55659,2.18,1.50
2013.02.04 14:59:27.111,8.556,8.55671,2.18,1.50
2013.02.04 14:59:29.076,8.556,8.55685,2.18,1.50
2013.02.04 14:59:29.532,8.556,8.55667,2.18,1.50
2013.02.04 14:59:29.877,8.55596,8.55648,2.18,1.50
2013.02.04 14:59:30.183,8.55598,8.5563,2.25,1.50
2013.02.04 14:59:30.773,8.55602,8.5563,1.50,1.50
2013.02.04 14:59:30.952,8.55592,8.55617,1.13,1.50
2013.02.04 14:59:31.084,8.55597,8.55633,1.58,1.50
2013.02.04 14:59:31.332,8.55602,8.55633,2.18,1.50
2013.02.04 14:59:32.102,8.55594,8.55633,2.18,1.50
2013.02.04 14:59:32.612,8.55594,8.55625,2.18,1.50
2013.02.04 14:59:32.888,8.55594,8.55622,1.35,1.50
2013.02.04 14:59:33.572,8.55594,8.55626,1.35,1.50
2013.02.04 14:59:34.111,8.55594,8.55643,1.35,1.50
2013.02.04 14:59:34.571,8.55594,8.5565,1.35,1.50
2013.02.04 14:59:34.631,8.55594,8.55645,1.35,1.50
2013.02.04 14:59:35.312,8.55573,8.55645,2.48,1.50
2013.02.04 14:59:35.372,8.55573,8.55638,2.48,1.50
2013.02.04 14:59:35.717,8.55573,8.55609,2.48,1.50
2013.02.04 14:59:35.784,8.55573,8.55614,2.48,1.50
2013.02.04 14:59:36.002,8.55573,8.5561,2.48,1.50
2013.02.04 14:59:36.395,8.55573,8.55615,2.48,1.50
2013.02.04 14:59:37.292,8.55573,8.55624,2.48,1.50
2013.02.04 14:59:37.373,8.55601,8.55642,2.78,1.50
2013.02.04 14:59:37.761,8.55601,8.55646,2.78,1.50
2013.02.04 14:59:37.821,8.55583,8.55646,1.50,1.50
2013.02.04 14:59:38.732,8.55583,8.55656,1.50,1.50
2013.02.04 14:59:39.306,8.55583,8.55663,1.50,1.50
2013.02.04 14:59:39.523,8.55583,8.55655,1.50,1.50
2013.02.04 14:59:39.854,8.55583,8.55666,1.50,1.50
2013.02.04 14:59:41.723,8.55582,8.55666,2.40,1.50
2013.02.04 14:59:41.981,8.55582,8.55675,2.40,1.50
2013.02.04 14:59:42.773,8.55582,8.5568,2.40,1.50
2013.02.04 14:59:42.832,8.55619,8.5568,2.10,1.50
2013.02.04 14:59:43.144,8.55619,8.55676,2.10,1.50
2013.02.04 14:59:43.211,8.55619,8.55687,2.10,1.50
2013.02.04 14:59:43.934,8.55619,8.55682,2.10,1.50
2013.02.04 14:59:44.762,8.55619,8.55676,2.10,1.50
2013.02.04 14:59:45.851,8.55619,8.55682,2.10,1.50
2013.02.04 14:59:46.064,8.55619,8.55675,2.10,1.50
2013.02.04 14:59:46.562,8.55619,8.55681,2.10,1.50
2013.02.04 14:59:47.421,8.55619,8.55704,2.10,1.50
2013.02.04 14:59:47.481,8.55619,8.55701,2.10,1.50
2013.02.04 14:59:48.041,8.55619,8.55677,2.10,1.50
2013.02.04 14:59:48.332,8.55619,8.55706,2.10,1.50
2013.02.04 14:59:48.532,8.55619,8.55697,2.10,1.50
2013.02.04 14:59:50.697,8.55619,8.55703,2.10,1.50
2013.02.04 14:59:53.924,8.55621,8.55703,2.25,1.50
2013.02.04 14:59:58.751,8.55627,8.55703,1.58,1.50
2013.02.04 14:59:59.424,8.55627,8.55718,1.58,1.50
