2016.05.31 19:00:04.357,9.28029,9.28279,1.00,1.00
2016.05.31 19:00:04.825,9.28045,9.28279,1.00,1.00
2016.05.31 19:00:04.932,9.28033,9.28279,1.00,1.00
2016.05.31 19:00:08.649,9.28045,9.28279,1.00,1.00
2016.05.31 19:00:08.751,9.28032,9.28279,1.00,1.00
2016.05.31 19:00:15.278,9.28032,9.283,1.00,1.00
2016.05.31 19:00:15.329,9.28043,9.28304,1.00,1.00
2016.05.31 19:00:15.531,9.28026,9.28294,1.00,1.00
2016.05.31 19:00:19.624,9.28031,9.28299,1.00,1.00
2016.05.31 19:00:20.073,9.28031,9.28279,1.00,1.00
2016.05.31 19:00:22.623,9.28031,9.28299,1.00,1.00
2016.05.31 19:00:23.790,9.28031,9.28279,1.00,1.00
2016.05.31 19:00:35.582,9.28042,9.28279,1.00,1.00
2016.05.31 19:00:41.822,9.28042,9.28305,1.00,1.00
2016.05.31 19:00:44.695,9.28053,9.28305,1.00,1.00
2016.05.31 19:00:44.796,9.28041,9.28305,1.00,1.00
2016.05.31 19:00:45.296,9.28054,9.28322,1.00,1.00
2016.05.31 19:00:46.642,9.28054,9.28304,1.00,1.00
2016.05.31 19:00:59.729,9.28062,9.28304,1.00,1.00
2016.05.31 19:01:11.579,9.28052,9.28304,1.00,1.00
2016.05.31 19:01:12.841,9.28052,9.2832,1.00,1.00
2016.05.31 19:01:12.892,9.28066,9.28329,1.00,1.00
2016.05.31 19:01:15.165,9.28046,9.28308,1.00,1.00
2016.05.31 19:01:15.267,9.2804,9.28308,1.00,1.00
2016.05.31 19:01:15.798,9.2804,9.28304,1.00,1.00
2016.05.31 19:01:15.899,9.28022,9.2829,1.00,1.00
2016.05.31 19:01:16.203,9.28033,9.28301,1.00,1.00
2016.05.31 19:01:20.706,9.28045,9.28313,1.00,1.00
2016.05.31 19:01:21.198,9.28034,9.28302,1.00,1.00
2016.05.31 19:01:25.396,9.28057,9.28322,1.00,1.00
2016.05.31 19:01:25.497,9.28057,9.28327,1.00,1.00
2016.05.31 19:01:25.598,9.28047,9.28315,1.00,1.00
2016.05.31 19:01:25.908,9.28092,9.2836,1.00,1.00
2016.05.31 19:01:26.219,9.28103,9.28371,1.00,1.00
2016.05.31 19:01:26.444,9.28119,9.28389,1.00,1.00
2016.05.31 19:01:27.109,9.28119,9.28379,1.00,1.00
2016.05.31 19:01:28.933,9.28142,9.28379,1.00,1.00
2016.05.31 19:01:29.135,9.28142,9.28404,1.00,1.00
2016.05.31 19:01:29.417,9.28152,9.28404,1.00,1.00
2016.05.31 19:01:29.620,9.28169,9.28437,1.00,1.00
2016.05.31 19:01:29.736,9.28182,9.2845,1.00,1.00
2016.05.31 19:01:30.039,9.28177,9.28445,1.00,1.00
2016.05.31 19:01:30.360,9.2819,9.28458,1.00,1.00
2016.05.31 19:01:32.710,9.28203,9.28471,1.00,1.00
2016.05.31 19:01:33.654,9.28191,9.28459,1.00,1.00
2016.05.31 19:01:34.141,9.28212,9.28479,1.00,1.00
2016.05.31 19:01:34.655,9.28212,9.2848,1.00,1.00
2016.05.31 19:01:34.966,9.28225,9.28493,1.00,1.00
2016.05.31 19:01:35.307,9.28237,9.28505,1.00,1.00
2016.05.31 19:01:35.629,9.28248,9.28516,1.00,1.00
2016.05.31 19:01:45.279,9.28264,9.28532,1.00,1.00
2016.05.31 19:01:45.482,9.28279,9.28549,1.00,1.00
2016.05.31 19:01:49.138,9.28291,9.28559,1.00,1.00
2016.05.31 19:01:59.719,9.28297,9.28565,1.00,1.00
2016.05.31 19:02:00.387,9.28285,9.28553,1.00,1.37
2016.05.31 19:02:13.699,9.28273,9.28541,1.00,1.37
2016.05.31 19:02:15.413,9.28284,9.28552,1.00,1.37
2016.05.31 19:02:18.511,9.28273,9.28541,1.00,1.37
2016.05.31 19:02:19.708,9.28278,9.28546,1.00,1.37
2016.05.31 19:02:39.671,9.28283,9.28504,1.00,1.00
2016.05.31 19:02:44.834,9.28272,9.28504,1.00,1.00
2016.05.31 19:02:44.885,9.28246,9.28504,1.00,1.00
2016.05.31 19:02:45.247,9.28228,9.28496,1.00,1.00
2016.05.31 19:02:45.450,9.28243,9.28504,1.00,1.00
2016.05.31 19:02:45.551,9.28231,9.28499,1.00,1.00
2016.05.31 19:02:45.653,9.2822,9.28488,1.00,1.00
2016.05.31 19:02:46.382,9.28234,9.28502,1.00,1.00
2016.05.31 19:02:50.470,9.2822,9.28488,1.00,1.00
2016.05.31 19:02:51.093,9.28231,9.28499,1.00,1.00
2016.05.31 19:02:59.729,9.28225,9.28493,1.00,1.00
2016.05.31 19:03:39.692,9.28224,9.28492,1.00,1.00
2016.05.31 19:04:19.699,9.28223,9.28493,1.00,1.00
2016.05.31 19:04:39.697,9.28226,9.28494,1.00,1.00
2016.05.31 19:05:19.682,9.28223,9.28491,1.00,1.00
2016.05.31 19:05:39.674,9.28225,9.28493,1.00,1.00
2016.05.31 19:05:59.679,9.28224,9.28492,1.00,1.00
2016.05.31 19:06:19.650,9.28225,9.28493,1.00,1.00
2016.05.31 19:06:39.772,9.28228,9.28496,1.00,1.00
2016.05.31 19:06:59.625,9.28226,9.28494,1.00,1.00
2016.05.31 19:07:04.308,9.28245,9.28504,1.00,1.00
2016.05.31 19:07:04.537,9.28221,9.28489,1.00,1.00
2016.05.31 19:07:04.608,9.28233,9.28501,1.00,1.00
2016.05.31 19:07:04.998,9.28221,9.28489,1.00,1.00
2016.05.31 19:07:07.614,9.28233,9.28501,1.00,1.00
2016.05.31 19:07:07.956,9.2822,9.28488,1.00,1.00
2016.05.31 19:07:09.561,9.28233,9.28501,1.00,1.00
2016.05.31 19:07:09.869,9.28221,9.28489,1.00,1.00
2016.05.31 19:07:19.647,9.28227,9.28495,1.00,1.00
2016.05.31 19:07:39.677,9.28223,9.28491,1.00,1.00
2016.05.31 19:08:19.765,9.28222,9.2849,1.00,1.00
2016.05.31 19:08:39.667,9.28225,9.28493,1.00,1.00
2016.05.31 19:08:59.619,9.28228,9.28496,1.00,1.00
2016.05.31 19:09:19.646,9.2823,9.28498,1.00,1.00
2016.05.31 19:09:39.561,9.28228,9.28496,1.00,1.00
2016.05.31 19:09:59.612,9.28229,9.28497,1.00,1.00
2016.05.31 19:10:19.641,9.28227,9.28495,1.00,1.00
2016.05.31 19:10:59.750,9.28226,9.28496,1.00,1.00
2016.05.31 19:11:19.572,9.28227,9.28495,1.00,1.00
2016.05.31 19:11:33.221,9.28214,9.28482,1.00,1.00
2016.05.31 19:11:39.622,9.2822,9.28488,1.00,1.00
2016.05.31 19:12:39.684,9.28219,9.28487,1.00,1.00
2016.05.31 19:12:58.896,9.28206,9.28474,1.00,1.00
2016.05.31 19:13:12.157,9.28218,9.28486,1.00,1.00
2016.05.31 19:13:12.533,9.28198,9.28466,1.00,1.00
2016.05.31 19:13:13.140,9.28209,9.28477,1.00,1.00
2016.05.31 19:13:19.673,9.28203,9.28471,1.00,1.00
2016.05.31 19:13:35.211,9.28191,9.28459,1.00,1.00
2016.05.31 19:13:39.610,9.28187,9.28455,1.00,1.00
2016.05.31 19:14:59.694,9.28185,9.28453,1.00,1.00
2016.05.31 19:15:05.977,9.28197,9.28465,1.00,1.00
2016.05.31 19:15:06.079,9.28185,9.28455,1.00,1.00
2016.05.31 19:15:39.681,9.28186,9.28454,1.00,1.00
2016.05.31 19:15:43.286,9.28197,9.28465,1.00,1.00
2016.05.31 19:15:43.669,9.28186,9.28454,1.00,1.00
2016.05.31 19:15:51.482,9.28197,9.28465,1.00,1.00
2016.05.31 19:15:51.872,9.28186,9.28454,1.00,1.00
2016.05.31 19:15:59.413,9.282,9.28468,1.00,1.00
2016.05.31 19:15:59.807,9.28189,9.28457,1.00,1.00
2016.05.31 19:16:02.425,9.28175,9.28443,1.00,1.00
2016.05.31 19:16:10.294,9.2819,9.28458,1.00,1.00
2016.05.31 19:16:19.624,9.28183,9.28451,1.00,1.00
2016.05.31 19:16:39.801,9.28177,9.28445,1.00,1.00
2016.05.31 19:16:59.622,9.28179,9.28447,1.00,1.00
2016.05.31 19:17:19.652,9.28178,9.28446,1.00,1.00
2016.05.31 19:17:33.983,9.28164,9.28432,1.00,1.00
2016.05.31 19:17:34.664,9.28178,9.28446,1.00,1.00
2016.05.31 19:17:39.557,9.2817,9.28438,1.00,1.00
2016.05.31 19:17:57.772,9.28171,9.28438,1.00,1.00
2016.05.31 19:17:58.075,9.28197,9.28447,1.00,1.00
2016.05.31 19:17:58.253,9.28198,9.28466,1.00,1.00
2016.05.31 19:17:59.635,9.28191,9.28461,1.00,1.00
2016.05.31 19:18:03.306,9.28191,9.28454,1.00,1.00
2016.05.31 19:18:03.407,9.28178,9.28446,1.00,1.00
2016.05.31 19:18:14.221,9.28167,9.28435,1.00,1.00
2016.05.31 19:18:39.694,9.28169,9.28437,1.00,1.00
2016.05.31 19:19:19.685,9.28171,9.28439,1.00,1.00
2016.05.31 19:19:45.212,9.28156,9.28424,1.00,1.00
2016.05.31 19:19:45.839,9.28167,9.28435,1.00,1.00
2016.05.31 19:19:51.852,9.28156,9.28424,1.00,1.00
2016.05.31 19:19:52.506,9.28168,9.28438,1.00,1.00
2016.05.31 19:19:52.608,9.28149,9.28415,1.00,1.00
2016.05.31 19:19:52.658,9.28147,9.28415,1.00,1.00
2016.05.31 19:19:59.625,9.28155,9.28423,1.00,1.00
2016.05.31 19:20:19.683,9.28156,9.28424,1.00,1.00
2016.05.31 19:20:39.631,9.28155,9.28423,1.00,1.00
2016.05.31 19:20:59.675,9.28156,9.28424,1.00,1.00
2016.05.31 19:21:19.610,9.28155,9.28423,1.00,1.00
2016.05.31 19:21:39.738,9.28154,9.28424,1.00,1.00
2016.05.31 19:21:43.550,9.28143,9.28411,1.00,1.00
2016.05.31 19:21:51.972,9.28154,9.28424,1.00,1.00
2016.05.31 19:21:59.554,9.28161,9.28429,1.00,1.00
2016.05.31 19:22:02.259,9.28149,9.28417,1.00,1.00
2016.05.31 19:22:03.261,9.2816,9.2843,1.00,1.00
2016.05.31 19:22:03.775,9.28149,9.28419,1.00,1.00
2016.05.31 19:22:09.502,9.28161,9.28429,1.00,1.00
2016.05.31 19:22:10.507,9.28149,9.28417,1.00,1.00
2016.05.31 19:22:11.706,9.28162,9.2843,1.00,1.00
2016.05.31 19:22:13.697,9.28149,9.28417,1.00,1.00
2016.05.31 19:22:19.688,9.28155,9.28425,1.00,1.00
2016.05.31 19:22:39.650,9.28153,9.28421,1.00,1.00
2016.05.31 19:22:59.662,9.28151,9.28419,1.00,1.00
2016.05.31 19:23:19.668,9.28156,9.28424,1.00,1.00
2016.05.31 19:23:38.357,9.28145,9.28413,1.00,1.00
2016.05.31 19:23:39.637,9.28151,9.28419,1.00,1.00
2016.05.31 19:23:40.369,9.28138,9.28406,1.00,1.00
2016.05.31 19:23:40.678,9.28149,9.28419,1.00,1.00
2016.05.31 19:23:41.442,9.28137,9.28405,1.00,1.00
2016.05.31 19:23:42.235,9.28121,9.28391,1.00,1.00
2016.05.31 19:23:42.444,9.28136,9.28404,1.00,1.00
2016.05.31 19:23:43.948,9.28124,9.28392,1.00,1.00
2016.05.31 19:23:45.980,9.28137,9.28405,1.00,1.00
2016.05.31 19:23:47.964,9.28125,9.28393,1.00,1.00
2016.05.31 19:23:49.059,9.28137,9.28407,1.00,1.00
2016.05.31 19:23:49.262,9.28125,9.28393,1.00,1.00
2016.05.31 19:23:49.607,9.28141,9.28409,1.00,1.00
2016.05.31 19:23:53.575,9.2813,9.28398,1.00,1.00
2016.05.31 19:23:59.621,9.28141,9.28409,1.00,1.00
2016.05.31 19:23:59.941,9.28156,9.28424,1.37,1.00
2016.05.31 19:24:01.217,9.2817,9.28438,1.37,1.00
2016.05.31 19:24:01.419,9.28154,9.28422,1.37,1.00
2016.05.31 19:24:01.520,9.28166,9.28434,1.37,1.00
2016.05.31 19:24:02.847,9.28166,9.28434,1.00,1.00
2016.05.31 19:24:02.949,9.28154,9.28422,1.00,1.00
2016.05.31 19:24:03.251,9.28143,9.28411,1.00,1.00
2016.05.31 19:24:19.672,9.28142,9.2841,1.00,1.00
2016.05.31 19:24:22.030,9.28126,9.28394,1.00,1.00
2016.05.31 19:24:25.537,9.28171,9.28394,1.00,1.00
2016.05.31 19:24:25.740,9.28171,9.28405,1.00,1.00
2016.05.31 19:24:25.841,9.28171,9.28418,1.00,1.00
2016.05.31 19:24:25.942,9.28171,9.28403,1.00,1.00
2016.05.31 19:24:26.043,9.28171,9.28414,1.00,1.00
2016.05.31 19:24:26.270,9.28171,9.28403,1.00,1.00
2016.05.31 19:24:26.372,9.28171,9.28414,1.00,1.00
2016.05.31 19:24:27.542,9.28171,9.28396,1.00,1.00
2016.05.31 19:24:27.643,9.28171,9.28415,1.00,1.00
2016.05.31 19:24:29.547,9.28147,9.28415,1.00,1.00
2016.05.31 19:24:29.749,9.28136,9.28404,1.00,1.00
2016.05.31 19:24:32.956,9.28125,9.28393,1.00,1.00
2016.05.31 19:24:51.400,9.28112,9.2838,1.00,1.00
2016.05.31 19:25:11.354,9.28112,9.28374,1.00,1.00
2016.05.31 19:25:11.455,9.28112,9.2838,1.00,1.00
2016.05.31 19:25:11.559,9.28112,9.28374,1.00,1.00
2016.05.31 19:25:11.972,9.28085,9.28353,1.15,1.00
2016.05.31 19:25:12.407,9.28097,9.28365,1.00,1.00
2016.05.31 19:25:14.454,9.28108,9.28376,1.00,1.00
2016.05.31 19:25:59.626,9.28107,9.28375,1.00,1.00
2016.05.31 19:26:19.648,9.28108,9.28376,1.00,1.00
2016.05.31 19:26:39.647,9.2811,9.28378,1.00,1.00
2016.05.31 19:26:59.625,9.28109,9.28377,1.00,1.00
2016.05.31 19:27:08.573,9.28126,9.28394,1.00,1.00
2016.05.31 19:27:39.711,9.28127,9.28395,1.00,1.00
2016.05.31 19:27:59.755,9.28124,9.28392,1.00,1.00
2016.05.31 19:28:19.679,9.28125,9.28393,1.00,1.00
2016.05.31 19:28:39.649,9.28124,9.28392,1.00,1.00
2016.05.31 19:28:42.056,9.28112,9.2838,1.00,1.00
2016.05.31 19:28:59.657,9.28115,9.28383,1.00,1.00
2016.05.31 19:29:17.361,9.28171,9.28383,1.00,1.00
2016.05.31 19:29:17.412,9.28171,9.28397,1.00,1.00
2016.05.31 19:29:17.513,9.28171,9.28417,1.00,1.00
2016.05.31 19:29:17.716,9.28171,9.28431,1.00,1.00
2016.05.31 19:29:17.817,9.28182,9.2845,1.00,1.00
2016.05.31 19:29:18.504,9.28193,9.28461,1.00,1.00
2016.05.31 19:29:19.641,9.28188,9.28456,1.00,1.00
2016.05.31 19:29:21.080,9.28188,9.28454,1.00,1.00
2016.05.31 19:29:21.232,9.28174,9.28442,1.00,1.00
2016.05.31 19:29:39.678,9.28166,9.28434,1.00,1.00
2016.05.31 19:29:59.740,9.28168,9.28436,1.00,1.00
2016.05.31 19:30:06.532,9.28157,9.28425,1.00,1.00
2016.05.31 19:30:08.765,9.28156,9.28424,1.00,1.00
2016.05.31 19:30:09.770,9.28166,9.28436,1.00,1.00
2016.05.31 19:30:10.100,9.28155,9.28423,1.00,1.00
2016.05.31 19:30:10.426,9.2814,9.28408,1.00,1.00
2016.05.31 19:30:10.785,9.28152,9.2842,1.00,1.00
2016.05.31 19:30:11.088,9.28141,9.28409,1.00,1.00
2016.05.31 19:30:19.702,9.28146,9.28414,1.00,1.00
2016.05.31 19:30:23.814,9.28134,9.28402,1.00,1.00
2016.05.31 19:30:24.082,9.28142,9.28412,1.00,1.00
2016.05.31 19:30:24.184,9.28131,9.28399,1.00,1.00
2016.05.31 19:30:24.572,9.28142,9.2841,1.00,1.00
2016.05.31 19:30:24.876,9.28139,9.28407,1.00,1.00
2016.05.31 19:30:25.307,9.28128,9.28396,1.00,1.00
2016.05.31 19:30:25.819,9.28145,9.28413,1.00,1.00
2016.05.31 19:30:34.326,9.28157,9.28425,1.00,1.00
2016.05.31 19:30:35.037,9.28142,9.2841,1.00,1.00
2016.05.31 19:30:45.043,9.28195,9.2841,1.00,1.00
2016.05.31 19:30:45.249,9.28195,9.28423,1.00,1.00
2016.05.31 19:30:45.351,9.28195,9.28443,1.00,1.00
2016.05.31 19:30:45.403,9.28195,9.28447,1.00,1.00
2016.05.31 19:30:46.873,9.28221,9.28447,1.00,1.00
2016.05.31 19:30:47.191,9.28221,9.28467,1.00,1.50
2016.05.31 19:30:47.976,9.28221,9.28482,1.00,1.00
2016.05.31 19:30:48.370,9.28201,9.28469,1.00,1.00
2016.05.31 19:30:48.471,9.28187,9.28455,1.00,1.00
2016.05.31 19:30:48.981,9.28173,9.28441,1.00,1.00
2016.05.31 19:30:52.497,9.28162,9.2843,1.00,1.00
2016.05.31 19:30:59.171,9.28173,9.28441,1.00,1.00
2016.05.31 19:31:10.917,9.28161,9.28429,1.00,1.00
2016.05.31 19:31:17.210,9.28144,9.28412,1.00,1.00
2016.05.31 19:31:18.814,9.28155,9.28423,1.00,1.00
2016.05.31 19:31:19.716,9.2815,9.28418,1.00,1.00
2016.05.31 19:31:30.370,9.28139,9.28407,1.00,1.00
2016.05.31 19:31:30.638,9.2815,9.2842,1.00,1.00
2016.05.31 19:31:30.865,9.2814,9.28408,1.00,1.00
2016.05.31 19:31:36.557,9.28153,9.28421,1.00,1.00
2016.05.31 19:31:36.947,9.28142,9.2841,1.00,1.00
2016.05.31 19:31:38.112,9.28142,9.28408,1.00,1.00
2016.05.31 19:31:38.164,9.28121,9.28388,1.00,1.00
2016.05.31 19:31:38.215,9.28121,9.28386,1.00,1.00
2016.05.31 19:31:38.520,9.28121,9.28366,1.00,1.00
2016.05.31 19:31:39.462,9.28121,9.28378,1.00,1.00
2016.05.31 19:31:39.565,9.28131,9.28399,1.00,1.00
2016.05.31 19:31:40.964,9.28144,9.28412,1.00,1.00
2016.05.31 19:31:41.267,9.28124,9.28392,1.00,1.00
2016.05.31 19:31:44.288,9.28138,9.28406,1.00,1.00
2016.05.31 19:31:44.792,9.28127,9.28395,1.00,1.00
2016.05.31 19:31:54.706,9.28138,9.28406,1.00,1.00
2016.05.31 19:31:55.014,9.28126,9.28394,1.00,1.00
2016.05.31 19:31:55.192,9.28137,9.28407,1.00,1.00
2016.05.31 19:31:55.293,9.28127,9.28395,1.00,1.00
2016.05.31 19:31:56.514,9.28138,9.28406,1.00,1.00
2016.05.31 19:31:56.863,9.28127,9.28395,1.00,1.00
2016.05.31 19:31:57.775,9.28138,9.28406,1.00,1.00
2016.05.31 19:31:59.575,9.28133,9.28401,1.00,1.00
2016.05.31 19:32:07.534,9.28121,9.2838,1.00,1.00
2016.05.31 19:32:19.142,9.28123,9.28391,1.00,1.00
2016.05.31 19:32:19.631,9.28121,9.28382,1.00,1.00
2016.05.31 19:32:21.339,9.28125,9.28393,1.00,1.00
2016.05.31 19:32:21.509,9.28121,9.28382,1.00,1.00
2016.05.31 19:32:30.066,9.28126,9.28394,1.00,1.00
2016.05.31 19:32:30.269,9.28121,9.28382,1.00,1.00
2016.05.31 19:32:31.737,9.28126,9.28394,1.00,1.00
2016.05.31 19:32:32.569,9.28121,9.28383,1.00,1.00
2016.05.31 19:32:42.650,9.28121,9.28371,1.00,1.00
2016.05.31 19:32:44.247,9.28121,9.28383,1.00,1.00
2016.05.31 19:32:44.447,9.28121,9.28371,1.00,1.00
2016.05.31 19:33:19.642,9.28121,9.28367,1.00,1.00
2016.05.31 19:33:25.862,9.28121,9.28378,1.00,1.00
2016.05.31 19:33:26.064,9.28121,9.28367,1.00,1.00
2016.05.31 19:33:31.783,9.28121,9.28378,1.00,1.00
2016.05.31 19:33:32.113,9.28121,9.28367,1.00,1.00
2016.05.31 19:33:33.703,9.28121,9.28379,1.00,1.00
2016.05.31 19:33:34.942,9.28109,9.28379,1.00,1.00
2016.05.31 19:33:38.701,9.28099,9.28367,1.00,1.00
2016.05.31 19:33:39.724,9.28105,9.28373,1.00,1.00
2016.05.31 19:33:46.424,9.28094,9.28362,1.00,1.00
2016.05.31 19:33:46.927,9.28106,9.28374,1.00,1.00
2016.05.31 19:33:51.414,9.28126,9.28374,1.00,1.00
2016.05.31 19:33:51.716,9.28187,9.28427,1.00,1.00
2016.05.31 19:33:51.767,9.28139,9.28407,1.00,1.00
2016.05.31 19:33:51.868,9.28127,9.28395,1.00,1.00
2016.05.31 19:33:52.446,9.28138,9.28406,1.00,1.00
2016.05.31 19:34:21.522,9.28127,9.28395,1.00,1.00
2016.05.31 19:34:21.870,9.28114,9.28382,1.37,1.00
2016.05.31 19:34:31.936,9.28121,9.28382,1.00,1.00
2016.05.31 19:34:35.640,9.28121,9.28365,1.00,1.00
2016.05.31 19:34:35.969,9.28121,9.28389,1.50,1.00
2016.05.31 19:34:50.557,9.28121,9.28378,1.12,1.00
2016.05.31 19:34:50.925,9.28085,9.28353,1.37,1.00
2016.05.31 19:34:50.976,9.28113,9.28383,1.37,1.00
2016.05.31 19:35:05.207,9.28123,9.28393,1.00,1.00
2016.05.31 19:35:08.480,9.2811,9.28378,1.37,1.00
2016.05.31 19:35:08.582,9.28123,9.28391,1.00,1.00
2016.05.31 19:35:39.647,9.28125,9.28393,1.00,1.00
2016.05.31 19:35:59.591,9.28129,9.28397,1.00,1.00
2016.05.31 19:36:02.632,9.28146,9.28414,1.00,1.00
2016.05.31 19:36:08.757,9.28135,9.28403,1.00,1.00
2016.05.31 19:36:09.160,9.28149,9.28417,1.00,1.00
2016.05.31 19:36:11.053,9.28171,9.28417,1.00,1.00
2016.05.31 19:36:11.154,9.28171,9.28431,1.00,1.00
2016.05.31 19:36:11.342,9.28174,9.28442,1.00,1.00
2016.05.31 19:36:18.891,9.2819,9.28458,1.00,1.00
2016.05.31 19:36:19.635,9.28187,9.28455,1.00,1.00
2016.05.31 19:36:21.573,9.28175,9.28443,1.00,1.00
2016.05.31 19:36:30.453,9.28186,9.28454,1.00,1.00
2016.05.31 19:36:30.757,9.28174,9.28442,1.00,1.00
2016.05.31 19:36:39.569,9.28179,9.28447,1.00,1.00
2016.05.31 19:36:59.724,9.28181,9.28449,1.00,1.00
2016.05.31 19:37:05.333,9.28192,9.2846,1.00,1.00
2016.05.31 19:37:05.634,9.2818,9.28448,1.00,1.00
2016.05.31 19:37:11.535,9.28193,9.28461,1.00,1.00
2016.05.31 19:37:11.637,9.28179,9.28449,1.00,1.00
2016.05.31 19:37:16.038,9.28197,9.28465,1.00,1.00
2016.05.31 19:37:16.961,9.28184,9.28454,1.00,1.00
2016.05.31 19:37:17.757,9.28198,9.28466,1.00,1.00
2016.05.31 19:37:19.460,9.28187,9.28455,1.00,1.00
2016.05.31 19:37:19.811,9.28197,9.28465,1.00,1.00
2016.05.31 19:37:20.562,9.28185,9.28455,1.00,1.00
2016.05.31 19:37:25.340,9.28197,9.28465,1.00,1.00
2016.05.31 19:37:30.183,9.28186,9.28454,1.00,1.00
2016.05.31 19:37:34.368,9.28196,9.28466,1.00,1.00
2016.05.31 19:37:36.461,9.28186,9.28454,1.00,1.00
2016.05.31 19:37:36.906,9.28197,9.28465,1.00,1.00
2016.05.31 19:37:39.664,9.28191,9.28459,1.00,1.00
2016.05.31 19:37:39.967,9.28204,9.28472,1.00,1.00
2016.05.31 19:37:40.381,9.28192,9.28462,1.00,1.00
2016.05.31 19:37:40.907,9.28204,9.28472,1.00,1.00
2016.05.31 19:37:41.249,9.28193,9.28461,1.00,1.00
2016.05.31 19:37:41.644,9.28205,9.28473,1.00,1.00
2016.05.31 19:37:59.624,9.28199,9.28467,1.00,1.00
2016.05.31 19:38:14.550,9.28246,9.28467,1.00,1.00
2016.05.31 19:38:14.651,9.28246,9.28486,1.00,1.00
2016.05.31 19:38:14.753,9.28246,9.28497,1.00,1.21
2016.05.31 19:38:14.854,9.28246,9.28508,1.00,1.00
2016.05.31 19:38:14.955,9.28257,9.28525,1.00,1.00
2016.05.31 19:38:18.055,9.28243,9.28511,1.00,1.00
2016.05.31 19:38:18.362,9.28232,9.285,1.00,1.00
2016.05.31 19:38:19.660,9.28237,9.28505,1.00,1.00
2016.05.31 19:38:37.789,9.28222,9.2849,1.00,1.00
2016.05.31 19:38:39.691,9.28228,9.28496,1.00,1.00
2016.05.31 19:38:41.479,9.28216,9.28484,1.00,1.00
2016.05.31 19:38:45.300,9.28228,9.28496,1.00,1.00
2016.05.31 19:38:45.637,9.28214,9.28482,1.00,1.00
2016.05.31 19:38:47.707,9.28227,9.28495,1.00,1.00
2016.05.31 19:38:48.174,9.28238,9.28506,1.00,1.00
2016.05.31 19:38:50.416,9.28227,9.28495,1.00,1.00
2016.05.31 19:38:54.309,9.28243,9.28511,1.00,1.00
2016.05.31 19:38:54.631,9.28232,9.285,1.00,1.00
2016.05.31 19:38:59.738,9.28222,9.2849,1.00,1.00
2016.05.31 19:39:19.670,9.28222,9.28492,1.00,1.00
2016.05.31 19:39:23.902,9.28239,9.28507,1.00,1.00
2016.05.31 19:39:24.223,9.28224,9.28492,1.00,1.00
2016.05.31 19:39:59.732,9.28229,9.28499,1.00,1.00
2016.05.31 19:40:03.460,9.28218,9.28486,1.00,1.00
2016.05.31 19:40:05.153,9.2823,9.28498,1.00,1.00
2016.05.31 19:40:10.056,9.28218,9.28486,1.00,1.00
2016.05.31 19:40:19.674,9.28223,9.28491,1.00,1.00
2016.05.31 19:40:48.067,9.28212,9.2848,1.00,1.00
2016.05.31 19:40:49.902,9.28225,9.28493,1.00,1.00
2016.05.31 19:40:50.280,9.2821,9.28478,1.00,1.00
2016.05.31 19:40:55.965,9.28223,9.28491,1.00,1.00
2016.05.31 19:40:59.666,9.28216,9.28486,1.00,1.00
2016.05.31 19:41:19.714,9.28217,9.28485,1.00,1.00
2016.05.31 19:41:22.800,9.28206,9.28467,1.00,1.00
2016.05.31 19:41:22.902,9.2819,9.28458,1.00,1.00
2016.05.31 19:41:23.003,9.28179,9.28447,1.00,1.00
2016.05.31 19:41:25.323,9.28189,9.28459,1.00,1.00
2016.05.31 19:41:31.131,9.28178,9.28448,1.00,1.00
2016.05.31 19:41:59.678,9.28182,9.2845,1.00,1.00
2016.05.31 19:42:00.071,9.2817,9.28438,1.00,1.00
2016.05.31 19:42:05.060,9.28181,9.28449,1.00,1.00
2016.05.31 19:42:13.922,9.28191,9.28461,1.00,1.00
2016.05.31 19:42:13.973,9.28206,9.28474,1.00,1.00
2016.05.31 19:42:15.007,9.28195,9.28463,1.00,1.00
2016.05.31 19:42:15.310,9.28206,9.28474,1.00,1.00
2016.05.31 19:42:15.612,9.28195,9.28463,1.00,1.00
2016.05.31 19:42:17.917,9.28196,9.28463,1.00,1.00
2016.05.31 19:42:17.968,9.28216,9.28484,1.00,1.00
2016.05.31 19:42:18.069,9.28205,9.28473,1.00,1.00
2016.05.31 19:42:18.774,9.28194,9.28462,1.00,1.00
2016.05.31 19:42:19.668,9.28199,9.28467,1.00,1.00
2016.05.31 19:42:25.909,9.2821,9.28478,1.00,1.00
2016.05.31 19:42:26.242,9.28199,9.28467,1.00,1.00
2016.05.31 19:42:32.930,9.2821,9.28478,1.00,1.00
2016.05.31 19:42:34.500,9.28199,9.28467,1.00,1.00
2016.05.31 19:42:35.713,9.2821,9.28478,1.00,1.00
2016.05.31 19:42:36.805,9.28199,9.28467,1.00,1.00
2016.05.31 19:42:39.712,9.28204,9.28472,1.00,1.00
2016.05.31 19:42:48.575,9.28218,9.28486,1.00,1.00
2016.05.31 19:42:51.952,9.28236,9.28504,1.00,1.50
2016.05.31 19:42:52.054,9.28215,9.28485,1.00,1.00
2016.05.31 19:42:52.973,9.28227,9.28495,1.00,1.00
2016.05.31 19:42:54.482,9.28215,9.28483,1.00,1.00
2016.05.31 19:42:54.842,9.28235,9.28503,1.00,1.00
2016.05.31 19:42:55.395,9.28232,9.285,1.00,1.00
2016.05.31 19:42:58.869,9.2825,9.28514,1.00,1.00
2016.05.31 19:42:59.072,9.2825,9.28518,1.00,1.00
2016.05.31 19:42:59.173,9.28239,9.28507,1.00,1.00
2016.05.31 19:42:59.491,9.28251,9.28519,1.00,1.00
2016.05.31 19:42:59.920,9.28256,9.28524,1.00,1.10
2016.05.31 19:43:02.129,9.28256,9.28524,1.00,1.07
2016.05.31 19:43:02.179,9.28241,9.28509,1.00,1.00
2016.05.31 19:43:02.381,9.28252,9.2852,1.00,1.00
2016.05.31 19:43:05.711,9.28238,9.28508,1.00,1.00
2016.05.31 19:43:06.369,9.2825,9.28518,1.00,1.00
2016.05.31 19:43:06.693,9.28239,9.28507,1.00,1.00
2016.05.31 19:43:19.721,9.28245,9.28513,1.00,1.00
2016.05.31 19:43:23.324,9.28261,9.28529,1.00,1.07
2016.05.31 19:43:23.426,9.28248,9.28516,1.00,1.00
2016.05.31 19:43:24.607,9.28261,9.28529,1.00,1.22
2016.05.31 19:43:24.809,9.28247,9.28515,1.00,1.00
2016.05.31 19:43:34.432,9.28236,9.28504,1.00,1.00
2016.05.31 19:43:34.634,9.2822,9.2849,1.00,1.00
2016.05.31 19:43:35.307,9.28236,9.28504,1.00,1.00
2016.05.31 19:43:39.639,9.28232,9.285,1.00,1.00
2016.05.31 19:43:56.202,9.28215,9.28483,1.00,1.00
2016.05.31 19:43:56.541,9.28204,9.28472,1.00,1.00
2016.05.31 19:43:59.701,9.28196,9.28464,1.00,1.00
2016.05.31 19:44:13.412,9.28176,9.28444,1.00,1.00
2016.05.31 19:44:13.857,9.2819,9.28458,1.00,1.00
2016.05.31 19:44:14.160,9.28196,9.28464,1.00,1.00
2016.05.31 19:44:20.231,9.28186,9.28454,1.00,1.00
2016.05.31 19:44:20.535,9.28145,9.28413,1.00,1.00
2016.05.31 19:44:21.232,9.28134,9.28402,1.00,1.00
2016.05.31 19:44:25.457,9.28145,9.28413,1.00,1.00
2016.05.31 19:44:30.658,9.28156,9.28424,1.00,1.00
2016.05.31 19:44:39.647,9.28159,9.28427,1.00,1.00
2016.05.31 19:44:51.800,9.28174,9.28442,1.00,1.00
2016.05.31 19:44:59.713,9.28178,9.28446,1.00,1.00
2016.05.31 19:45:01.115,9.28166,9.28434,1.00,1.00
2016.05.31 19:45:05.512,9.28177,9.28445,1.00,1.00
2016.05.31 19:45:06.400,9.28199,9.28465,1.00,1.00
2016.05.31 19:45:06.451,9.28199,9.28467,1.00,1.00
2016.05.31 19:45:06.723,9.28185,9.28453,1.00,1.00
2016.05.31 19:45:07.087,9.28167,9.28435,1.00,1.00
2016.05.31 19:45:09.633,9.28156,9.28424,1.00,1.00
2016.05.31 19:45:10.349,9.28167,9.28435,1.00,1.00
2016.05.31 19:45:10.705,9.28144,9.28412,1.00,1.00
2016.05.31 19:45:13.260,9.28133,9.28401,1.00,1.00
2016.05.31 19:45:13.628,9.2817,9.28421,1.00,1.00
2016.05.31 19:45:13.729,9.2817,9.28433,1.00,1.00
2016.05.31 19:45:39.660,9.2817,9.2843,1.00,1.00
2016.05.31 19:45:40.394,9.28175,9.28443,1.00,1.00
2016.05.31 19:45:40.596,9.2817,9.28431,1.00,1.00
2016.05.31 19:45:40.663,9.28174,9.28442,1.00,1.00
2016.05.31 19:45:43.302,9.2817,9.2843,1.00,1.00
2016.05.31 19:45:45.772,9.28174,9.28442,1.00,1.00
2016.05.31 19:45:59.601,9.2817,9.28436,1.00,1.00
2016.05.31 19:46:00.925,9.28179,9.28447,1.00,1.00
2016.05.31 19:46:01.027,9.2817,9.28436,1.00,1.00
2016.05.31 19:46:13.706,9.28168,9.28436,1.00,1.00
2016.05.31 19:46:19.653,9.28166,9.28436,1.00,1.00
2016.05.31 19:46:39.633,9.28168,9.28436,1.00,1.00
2016.05.31 19:46:49.558,9.28156,9.28426,1.00,1.00
2016.05.31 19:46:50.061,9.28169,9.28437,1.00,1.00
2016.05.31 19:46:50.399,9.28157,9.28425,1.00,1.00
2016.05.31 19:46:52.464,9.28169,9.28437,1.00,1.00
2016.05.31 19:46:59.689,9.28163,9.28431,1.00,1.00
2016.05.31 19:47:19.581,9.28166,9.28434,1.00,1.00
2016.05.31 19:47:39.683,9.28164,9.28432,1.00,1.00
2016.05.31 19:48:00.602,9.28175,9.28443,1.00,1.00
2016.05.31 19:48:19.637,9.28166,9.28434,1.00,1.00
2016.05.31 19:48:39.572,9.28161,9.28431,1.00,1.00
2016.05.31 19:48:50.819,9.28173,9.28441,1.00,1.00
2016.05.31 19:48:51.195,9.28161,9.28429,1.00,1.00
2016.05.31 19:48:52.505,9.28171,9.28441,1.00,1.00
2016.05.31 19:48:53.283,9.28161,9.28429,1.00,1.00
2016.05.31 19:48:54.225,9.28172,9.2844,1.00,1.00
2016.05.31 19:48:55.228,9.28161,9.28429,1.00,1.00
2016.05.31 19:48:56.504,9.28173,9.28441,1.00,1.00
2016.05.31 19:48:57.402,9.28161,9.28429,1.00,1.00
2016.05.31 19:48:57.768,9.28173,9.28441,1.00,1.00
2016.05.31 19:48:58.431,9.28161,9.28429,1.00,1.00
2016.05.31 19:48:59.733,9.28168,9.28436,1.00,1.00
2016.05.31 19:49:19.671,9.28169,9.28439,1.00,1.00
2016.05.31 19:49:23.442,9.28158,9.28426,1.00,1.00
2016.05.31 19:49:24.022,9.28169,9.28437,1.00,1.00
2016.05.31 19:49:27.484,9.28158,9.28426,1.00,1.00
2016.05.31 19:49:37.370,9.2817,9.2844,1.00,1.00
2016.05.31 19:49:37.473,9.28157,9.28425,1.00,1.00
2016.05.31 19:49:39.708,9.28162,9.2843,1.00,1.00
2016.05.31 19:49:40.711,9.28175,9.28443,1.00,1.00
2016.05.31 19:49:41.120,9.28163,9.28431,1.00,1.00
2016.05.31 19:49:48.574,9.28196,9.28431,1.00,1.00
2016.05.31 19:49:48.625,9.28196,9.28458,1.00,1.00
2016.05.31 19:49:55.398,9.28207,9.28475,1.00,1.00
2016.05.31 19:49:55.500,9.28196,9.28462,1.00,1.00
2016.05.31 19:49:59.620,9.28197,9.28465,1.00,1.00
2016.05.31 19:50:00.953,9.2821,9.28478,1.00,1.00
2016.05.31 19:50:04.061,9.28226,9.28494,1.00,1.00
2016.05.31 19:50:04.372,9.28212,9.2848,1.00,1.00
2016.05.31 19:50:23.097,9.28201,9.28469,1.00,1.00
2016.05.31 19:50:23.299,9.28216,9.28486,1.00,1.00
2016.05.31 19:50:29.467,9.28206,9.28474,1.00,1.00
2016.05.31 19:50:30.980,9.28217,9.28485,1.00,1.00
2016.05.31 19:50:39.712,9.28212,9.2848,1.00,1.00
2016.05.31 19:50:42.553,9.28221,9.2848,1.00,1.00
2016.05.31 19:50:42.705,9.28238,9.28506,1.00,1.00
2016.05.31 19:50:42.806,9.28251,9.28519,1.00,1.00
2016.05.31 19:50:42.907,9.28238,9.28508,1.00,1.00
2016.05.31 19:50:45.409,9.28253,9.28521,1.00,1.00
2016.05.31 19:50:45.811,9.2824,9.28508,1.00,1.00
2016.05.31 19:50:49.901,9.28257,9.28525,1.00,1.00
2016.05.31 19:50:50.229,9.28244,9.28512,1.00,1.00
2016.05.31 19:50:51.822,9.28255,9.28525,1.00,1.00
2016.05.31 19:50:51.924,9.28268,9.28536,1.00,1.00
2016.05.31 19:50:55.729,9.28256,9.28526,1.00,1.00
2016.05.31 19:50:56.637,9.28268,9.28536,1.00,1.00
2016.05.31 19:50:58.224,9.28257,9.28525,1.00,1.00
2016.05.31 19:50:59.634,9.28264,9.28534,1.00,1.00
2016.05.31 19:50:59.999,9.28247,9.28515,1.00,1.00
2016.05.31 19:51:06.060,9.28259,9.28527,1.00,1.00
2016.05.31 19:51:07.171,9.28272,9.2854,1.00,1.00
2016.05.31 19:51:07.501,9.28282,9.28552,1.00,1.07
2016.05.31 19:51:07.816,9.28277,9.28545,1.00,1.00
2016.05.31 19:51:09.463,9.28257,9.28527,1.00,1.00
2016.05.31 19:51:09.564,9.28245,9.28513,1.00,1.00
2016.05.31 19:51:12.111,9.28245,9.28479,1.00,1.00
2016.05.31 19:51:12.162,9.2823,9.28479,1.00,1.00
2016.05.31 19:51:12.264,9.28209,9.28477,1.00,1.00
2016.05.31 19:51:12.315,9.28209,9.28464,1.00,1.00
2016.05.31 19:51:12.366,9.28161,9.28429,1.00,1.00
2016.05.31 19:51:12.468,9.28128,9.28396,1.00,1.00
2016.05.31 19:51:12.771,9.28121,9.28355,1.00,1.00
2016.05.31 19:51:13.073,9.28076,9.28344,1.00,1.00
2016.05.31 19:51:13.175,9.28061,9.28329,1.00,1.00
2016.05.31 19:51:13.478,9.28045,9.28287,1.00,1.00
2016.05.31 19:51:14.444,9.28045,9.28264,1.00,1.00
2016.05.31 19:51:16.800,9.2802,9.28264,1.00,1.00
2016.05.31 19:51:17.009,9.2802,9.28252,1.00,1.00
2016.05.31 19:51:20.078,9.28003,9.28252,1.00,1.00
2016.05.31 19:51:20.280,9.27984,9.28252,1.00,1.00
2016.05.31 19:51:20.517,9.27959,9.28227,1.00,1.00
2016.05.31 19:51:20.821,9.27904,9.28156,1.00,1.00
2016.05.31 19:51:21.125,9.27904,9.28113,1.00,1.00
2016.05.31 19:51:21.176,9.27904,9.28124,1.00,1.00
2016.05.31 19:51:21.277,9.27904,9.28126,1.00,1.00
2016.05.31 19:51:21.614,9.27858,9.28126,1.00,1.00
2016.05.31 19:51:24.754,9.27869,9.28137,1.00,1.00
2016.05.31 19:51:25.312,9.27904,9.28137,1.00,1.00
2016.05.31 19:51:25.666,9.27904,9.28148,1.00,1.00
2016.05.31 19:51:25.768,9.27904,9.28136,1.00,1.00
2016.05.31 19:51:28.085,9.2792,9.28185,1.00,1.00
2016.05.31 19:51:28.136,9.27979,9.28185,1.00,1.00
2016.05.31 19:51:28.237,9.27979,9.28199,1.00,1.00
2016.05.31 19:51:28.288,9.27979,9.28204,1.00,1.00
2016.05.31 19:51:28.595,9.27979,9.28223,1.00,1.00
2016.05.31 19:51:28.647,9.27979,9.28234,1.00,1.00
2016.05.31 19:51:28.699,9.27979,9.28248,1.00,1.00
2016.05.31 19:51:29.636,9.28003,9.28248,1.00,1.00
2016.05.31 19:51:30.088,9.28021,9.28248,1.00,1.00
2016.05.31 19:51:30.391,9.28021,9.28258,1.00,1.00
2016.05.31 19:51:39.297,9.28046,9.28258,1.00,1.00
2016.05.31 19:51:39.507,9.28024,9.28258,1.00,1.00
2016.05.31 19:51:42.314,9.28049,9.28258,1.00,1.00
2016.05.31 19:51:45.530,9.28049,9.28277,1.00,1.00
2016.05.31 19:51:49.922,9.28049,9.28288,1.00,1.00
2016.05.31 19:51:50.023,9.28049,9.2827,1.00,1.00
2016.05.31 19:51:53.740,9.28049,9.28257,1.00,1.00
2016.05.31 19:51:55.604,9.28024,9.28257,1.00,1.00
2016.05.31 19:52:00.618,9.27998,9.28257,1.00,1.00
2016.05.31 19:52:07.281,9.27975,9.28243,1.00,1.00
2016.05.31 19:52:11.207,9.27998,9.28243,1.00,1.00
2016.05.31 19:52:17.398,9.27998,9.28255,1.00,1.00
2016.05.31 19:52:19.701,9.27998,9.2825,1.00,1.00
2016.05.31 19:52:26.685,9.27998,9.28239,1.00,1.00
2016.05.31 19:52:27.388,9.27998,9.28224,1.00,1.00
2016.05.31 19:52:27.691,9.27998,9.28212,1.00,1.00
2016.05.31 19:52:27.894,9.27998,9.28223,1.00,1.00
2016.05.31 19:52:28.044,9.27974,9.28223,1.00,1.00
2016.05.31 19:52:28.485,9.27974,9.28211,1.00,1.00
2016.05.31 19:52:31.844,9.28024,9.28211,1.00,1.00
2016.05.31 19:52:32.024,9.28024,9.28223,1.00,1.00
2016.05.31 19:52:32.075,9.27998,9.28223,1.00,1.00
2016.05.31 19:52:33.189,9.27998,9.28235,1.00,1.00
2016.05.31 19:52:40.568,9.28024,9.28235,1.00,1.00
2016.05.31 19:52:40.720,9.28024,9.28247,1.00,1.00
2016.05.31 19:52:41.023,9.28024,9.28234,1.00,1.00
2016.05.31 19:52:41.365,9.28024,9.28248,1.00,1.00
2016.05.31 19:52:41.518,9.28024,9.28235,1.00,1.00
2016.05.31 19:52:45.130,9.28024,9.28255,1.00,1.00
2016.05.31 19:52:45.681,9.28024,9.28256,1.00,1.00
2016.05.31 19:52:46.572,9.28049,9.28256,1.00,1.00
2016.05.31 19:52:46.623,9.28049,9.28269,1.00,1.00
2016.05.31 19:52:46.724,9.28049,9.28253,1.00,1.00
2016.05.31 19:52:50.460,9.28049,9.28267,1.00,1.00
2016.05.31 19:52:50.562,9.28049,9.28255,1.00,1.00
2016.05.31 19:52:54.685,9.28049,9.28268,1.00,1.00
2016.05.31 19:52:57.678,9.28049,9.28281,1.00,1.00
2016.05.31 19:52:58.090,9.28049,9.2827,1.00,1.00
2016.05.31 19:52:58.141,9.28006,9.2827,1.00,1.00
2016.05.31 19:52:58.243,9.28013,9.28281,1.00,1.00
2016.05.31 19:52:58.579,9.28016,9.28281,1.00,1.00
2016.05.31 19:52:59.036,9.28013,9.28281,1.00,1.00
2016.05.31 19:52:59.709,9.28016,9.28284,1.00,1.00
2016.05.31 19:53:01.089,9.28005,9.28273,1.00,1.00
2016.05.31 19:53:01.774,9.28049,9.28284,1.00,1.00
2016.05.31 19:53:02.473,9.28049,9.28273,1.00,1.00
2016.05.31 19:53:06.394,9.28049,9.28284,1.00,1.00
2016.05.31 19:53:07.202,9.28049,9.28273,1.00,1.00
2016.05.31 19:53:07.689,9.28049,9.28284,1.00,1.00
2016.05.31 19:53:08.046,9.28049,9.28272,1.00,1.00
2016.05.31 19:53:12.500,9.28049,9.28261,1.00,1.00
2016.05.31 19:53:13.295,9.28006,9.28261,1.00,1.00
2016.05.31 19:53:13.552,9.27998,9.28261,1.00,1.00
2016.05.31 19:53:14.617,9.28049,9.28261,1.00,1.00
2016.05.31 19:53:16.234,9.28049,9.28273,1.00,1.00
2016.05.31 19:53:17.195,9.28049,9.28288,1.00,1.00
2016.05.31 19:53:17.296,9.28049,9.28294,1.00,1.00
2016.05.31 19:53:17.347,9.28049,9.28299,1.00,1.00
2016.05.31 19:53:17.815,9.28031,9.28299,1.00,1.00
2016.05.31 19:53:19.599,9.28034,9.28302,1.00,1.00
2016.05.31 19:53:31.606,9.28049,9.28302,1.00,1.00
2016.05.31 19:53:31.839,9.28049,9.28313,1.00,1.00
2016.05.31 19:53:31.940,9.28049,9.28303,1.00,1.00
2016.05.31 19:53:35.688,9.28033,9.28303,1.00,1.00
2016.05.31 19:53:37.716,9.28024,9.28281,1.00,1.00
2016.05.31 19:53:38.021,9.28048,9.28281,1.00,1.00
2016.05.31 19:53:39.330,9.28023,9.28281,1.00,1.00
2016.05.31 19:53:39.663,9.28023,9.28276,1.00,1.00
2016.05.31 19:53:44.142,9.28049,9.28276,1.00,1.00
2016.05.31 19:53:45.031,9.28049,9.28264,1.00,1.00
2016.05.31 19:53:45.334,9.28049,9.28253,1.00,1.00
2016.05.31 19:53:45.643,9.27997,9.28253,1.00,1.00
2016.05.31 19:53:52.563,9.28049,9.28253,1.00,1.00
2016.05.31 19:53:56.801,9.28049,9.28266,1.00,1.00
2016.05.31 19:53:59.083,9.28049,9.2828,1.00,1.00
2016.05.31 19:53:59.685,9.28049,9.28276,1.00,1.00
2016.05.31 19:53:59.905,9.28049,9.28291,1.00,1.00
2016.05.31 19:54:00.127,9.28049,9.2828,1.00,1.00
2016.05.31 19:54:00.279,9.28049,9.28291,1.00,1.00
2016.05.31 19:54:00.883,9.28049,9.28303,1.00,1.00
2016.05.31 19:54:02.530,9.28035,9.28303,1.00,1.00
2016.05.31 19:54:03.546,9.28073,9.28303,1.00,1.00
2016.05.31 19:54:04.088,9.28073,9.28314,1.00,1.00
2016.05.31 19:54:04.598,9.28073,9.28303,1.00,1.00
2016.05.31 19:54:04.978,9.28073,9.28291,1.00,1.00
2016.05.31 19:54:05.403,9.28073,9.28277,1.00,1.00
2016.05.31 19:54:05.504,9.28073,9.28291,1.00,1.00
2016.05.31 19:54:05.605,9.28073,9.2828,1.00,1.00
2016.05.31 19:54:05.735,9.28073,9.28297,1.00,1.00
2016.05.31 19:54:06.040,9.28027,9.28297,1.00,1.00
2016.05.31 19:54:06.092,9.28035,9.28297,1.00,1.00
2016.05.31 19:54:06.395,9.28035,9.28284,1.00,1.50
2016.05.31 19:54:06.557,9.28024,9.28284,1.00,1.50
2016.05.31 19:54:07.001,9.28035,9.28284,1.00,1.00
2016.05.31 19:54:11.607,9.28029,9.28297,1.00,1.00
2016.05.31 19:54:12.063,9.28073,9.28297,1.00,1.00
2016.05.31 19:54:12.577,9.28073,9.28298,1.00,1.00
2016.05.31 19:54:13.731,9.28073,9.28287,1.00,1.00
2016.05.31 19:54:16.743,9.28073,9.28298,1.00,1.00
2016.05.31 19:54:17.209,9.28073,9.28309,1.00,1.00
2016.05.31 19:54:18.025,9.28073,9.28298,1.00,1.00
2016.05.31 19:54:19.408,9.28073,9.2831,1.00,1.00
2016.05.31 19:54:20.234,9.28073,9.28324,1.00,1.00
2016.05.31 19:54:23.073,9.28073,9.28312,1.00,1.00
2016.05.31 19:54:24.651,9.28073,9.28301,1.00,1.00
2016.05.31 19:54:24.853,9.28033,9.28301,1.00,1.00
2016.05.31 19:54:27.404,9.28073,9.28301,1.00,1.00
2016.05.31 19:54:28.871,9.28033,9.28301,1.00,1.00
2016.05.31 19:54:32.754,9.28026,9.2829,1.00,1.00
2016.05.31 19:54:32.855,9.28035,9.28303,1.00,1.00
2016.05.31 19:54:32.906,9.28073,9.28303,1.00,1.00
2016.05.31 19:54:37.683,9.28073,9.28316,1.00,1.00
2016.05.31 19:54:39.775,9.28073,9.28312,1.00,1.00
2016.05.31 19:54:43.121,9.28049,9.28312,1.00,1.00
2016.05.31 19:54:43.222,9.2806,9.28328,1.00,1.00
2016.05.31 19:54:59.712,9.28059,9.28327,1.00,1.00
2016.05.31 19:55:02.741,9.28049,9.28316,1.00,1.00
2016.05.31 19:55:03.625,9.28099,9.28316,1.00,1.00
2016.05.31 19:55:04.807,9.28049,9.28316,1.00,1.00
2016.05.31 19:55:07.792,9.28099,9.28316,1.00,1.00
2016.05.31 19:55:14.734,9.28099,9.28332,1.00,1.00
2016.05.31 19:55:16.820,9.28099,9.28321,1.00,1.00
2016.05.31 19:55:18.221,9.28099,9.28309,1.00,1.00
2016.05.31 19:55:19.762,9.28099,9.28314,1.00,1.00
2016.05.31 19:55:25.387,9.28099,9.28326,1.00,1.00
2016.05.31 19:55:25.540,9.28099,9.28314,1.00,1.00
2016.05.31 19:55:26.579,9.28099,9.28328,1.00,1.00
2016.05.31 19:55:29.686,9.28099,9.28317,1.00,1.00
2016.05.31 19:55:31.153,9.28099,9.28335,1.00,1.00
2016.05.31 19:55:31.255,9.28099,9.28323,1.00,1.00
2016.05.31 19:55:31.892,9.28099,9.28334,1.00,1.00
2016.05.31 19:55:32.776,9.28099,9.28323,1.00,1.00
2016.05.31 19:55:33.121,9.28044,9.28312,1.00,1.00
2016.05.31 19:55:33.223,9.28044,9.28312,1.07,1.00
2016.05.31 19:55:33.541,9.28032,9.283,1.07,1.00
2016.05.31 19:55:39.710,9.28038,9.28306,1.07,1.00
2016.05.31 19:55:57.451,9.28027,9.28295,1.37,1.00
2016.05.31 19:55:57.603,9.28027,9.28295,1.10,1.00
2016.05.31 19:55:58.238,9.28039,9.28307,1.00,1.00
2016.05.31 19:55:58.931,9.28028,9.28296,1.00,1.00
2016.05.31 19:56:00.352,9.2804,9.28308,1.00,1.00
2016.05.31 19:56:17.662,9.28054,9.28322,1.00,1.00
2016.05.31 19:56:18.047,9.28036,9.28304,1.00,1.00
2016.05.31 19:56:19.795,9.28041,9.28309,1.00,1.00
2016.05.31 19:56:23.394,9.28042,9.2831,1.00,1.00
2016.05.31 19:56:26.684,9.28024,9.28291,1.00,1.00
2016.05.31 19:56:27.527,9.28023,9.28291,1.00,1.00
2016.05.31 19:56:33.615,9.28025,9.28291,1.00,1.00
2016.05.31 19:56:33.919,9.28054,9.28322,1.00,1.00
2016.05.31 19:56:34.020,9.28037,9.28303,1.00,1.00
2016.05.31 19:56:34.324,9.28036,9.28283,1.00,1.00
2016.05.31 19:56:39.710,9.28036,9.2829,1.00,1.00
2016.05.31 19:56:41.252,9.28036,9.28301,1.00,1.00
2016.05.31 19:56:41.315,9.28036,9.28291,1.00,1.00
2016.05.31 19:56:41.517,9.28037,9.28305,1.00,1.00
2016.05.31 19:56:41.619,9.28046,9.28305,1.00,1.00
2016.05.31 19:56:41.958,9.28046,9.28293,1.00,1.00
2016.05.31 19:56:59.644,9.28046,9.28292,1.00,1.00
2016.05.31 19:57:04.085,9.28036,9.28292,1.00,1.00
2016.05.31 19:57:04.136,9.28024,9.28292,1.00,1.00
2016.05.31 19:57:04.187,9.28049,9.28317,1.00,1.00
2016.05.31 19:57:04.506,9.28026,9.28293,1.00,1.00
2016.05.31 19:57:05.843,9.28025,9.28293,1.00,1.00
2016.05.31 19:57:06.377,9.28026,9.28293,1.00,1.00
2016.05.31 19:57:07.650,9.28036,9.28293,1.00,1.00
2016.05.31 19:57:08.351,9.28026,9.28293,1.50,1.00
2016.05.31 19:57:09.812,9.28049,9.28309,1.00,1.00
2016.05.31 19:57:10.062,9.28058,9.28326,1.00,1.00
2016.05.31 19:57:11.518,9.28067,9.28326,1.00,1.00
2016.05.31 19:57:26.759,9.28058,9.28326,1.00,1.00
2016.05.31 19:57:26.861,9.28045,9.28313,1.00,1.00
2016.05.31 19:57:27.494,9.28026,9.28294,1.00,1.00
2016.05.31 19:57:39.701,9.28022,9.28292,1.00,1.00
2016.05.31 19:57:59.563,9.28022,9.2829,1.00,1.00
2016.05.31 19:58:10.994,9.28026,9.2829,1.00,1.00
2016.05.31 19:58:15.322,9.28026,9.28279,1.00,1.00
2016.05.31 19:58:16.407,9.28026,9.28279,1.07,1.00
2016.05.31 19:58:19.756,9.28016,9.28283,1.07,1.00
2016.05.31 19:58:32.373,9.28007,9.28272,1.37,1.00
2016.05.31 19:58:32.475,9.28007,9.28272,1.00,1.00
2016.05.31 19:58:32.576,9.28007,9.28272,1.00,1.37
2016.05.31 19:58:35.585,9.28007,9.28272,1.00,1.37
2016.05.31 19:58:37.396,9.28004,9.28272,1.64,1.00
2016.05.31 19:58:39.398,9.28004,9.28272,1.00,1.00
2016.05.31 19:58:39.676,9.27997,9.28265,1.00,1.00
2016.05.31 19:58:42.591,9.28008,9.28278,1.00,1.37
2016.05.31 19:58:42.692,9.27986,9.28254,1.00,1.37
2016.05.31 19:58:42.804,9.27964,9.28229,1.00,1.37
2016.05.31 19:58:42.855,9.27924,9.28192,1.00,1.00
2016.05.31 19:58:42.957,9.27891,9.28161,1.00,1.00
2016.05.31 19:58:43.058,9.27875,9.28141,1.00,1.00
2016.05.31 19:58:43.362,9.27875,9.28128,1.00,1.00
2016.05.31 19:58:43.740,9.27845,9.28083,1.00,1.00
2016.05.31 19:58:44.043,9.27826,9.28052,1.00,1.00
2016.05.31 19:58:44.540,9.27836,9.28052,1.00,1.00
2016.05.31 19:58:44.858,9.27826,9.28041,1.00,1.00
2016.05.31 19:58:45.207,9.27826,9.28029,1.00,1.00
2016.05.31 19:58:46.675,9.27816,9.28029,1.00,1.00
2016.05.31 19:58:48.702,9.27816,9.28019,1.00,1.00
2016.05.31 19:58:50.194,9.27816,9.28037,1.00,1.00
2016.05.31 19:58:50.296,9.27816,9.28048,1.00,1.00
2016.05.31 19:58:50.347,9.27836,9.28048,1.00,1.00
2016.05.31 19:58:50.397,9.27836,9.28094,1.00,1.00
2016.05.31 19:58:50.499,9.2784,9.28108,1.00,1.00
2016.05.31 19:58:50.883,9.27846,9.28108,1.00,1.00
2016.05.31 19:58:52.213,9.2785,9.2812,1.00,1.00
2016.05.31 19:58:53.840,9.27856,9.2812,1.00,1.00
2016.05.31 19:58:55.798,9.27899,9.28139,1.00,1.00
2016.05.31 19:58:55.900,9.27899,9.28151,1.00,1.00
2016.05.31 19:58:56.203,9.27899,9.28151,1.07,1.00
2016.05.31 19:58:58.209,9.27899,9.28162,1.07,1.00
2016.05.31 19:58:59.718,9.27899,9.28159,1.07,1.00
2016.05.31 19:59:16.571,9.27903,9.28171,1.07,1.00
2016.05.31 19:59:16.773,9.27899,9.28156,1.07,1.00
2016.05.31 19:59:19.646,9.27899,9.28159,1.07,1.00
2016.05.31 19:59:21.359,9.27899,9.28144,1.07,1.00
2016.05.31 19:59:21.410,9.27899,9.28144,1.00,1.00
2016.05.31 19:59:28.371,9.27899,9.28156,1.00,1.00
2016.05.31 19:59:30.387,9.27899,9.28145,1.00,1.00
2016.05.31 19:59:31.736,9.27943,9.28165,1.00,1.00
2016.05.31 19:59:31.789,9.27962,9.2823,1.00,1.07
2016.05.31 19:59:31.840,9.27962,9.2823,1.00,1.00
2016.05.31 19:59:31.890,9.27942,9.28206,1.00,1.00
2016.05.31 19:59:31.941,9.27938,9.28206,1.00,1.00
2016.05.31 19:59:32.043,9.27938,9.282,1.00,1.00
2016.05.31 19:59:32.347,9.27916,9.28166,1.00,1.00
2016.05.31 19:59:33.850,9.27935,9.28166,1.00,1.00
2016.05.31 19:59:34.063,9.27925,9.28166,1.00,1.00
2016.05.31 19:59:36.922,9.27925,9.28185,1.07,1.00
2016.05.31 19:59:37.124,9.27927,9.28197,1.07,1.00
2016.05.31 19:59:37.226,9.27941,9.28209,1.00,1.00
2016.05.31 19:59:39.447,9.27941,9.28209,1.07,1.00
2016.05.31 19:59:50.466,9.27952,9.2822,1.00,1.00
2016.05.31 19:59:56.645,9.27965,9.28233,1.00,1.00
2016.05.31 19:59:56.955,9.27953,9.28221,1.00,1.00
2016.05.31 19:59:59.981,9.27963,9.28233,1.00,1.00
