2016.05.06 02:00:01.123,9.24036,9.24464,1.00,1.00
2016.05.06 02:00:01.443,9.24026,9.24454,1.00,1.00
2016.05.06 02:00:02.030,9.24036,9.24464,1.00,1.00
2016.05.06 02:00:03.384,9.24046,9.24474,1.00,1.00
2016.05.06 02:00:03.687,9.24036,9.24464,1.00,1.00
2016.05.06 02:00:04.187,9.24016,9.24444,1.00,1.00
2016.05.06 02:00:04.687,9.24006,9.24434,1.00,1.00
2016.05.06 02:00:05.181,9.24016,9.24444,1.00,1.00
2016.05.06 02:00:06.193,9.24026,9.24454,1.00,1.00
2016.05.06 02:00:06.540,9.24036,9.24464,1.00,1.00
2016.05.06 02:00:08.799,9.24045,9.24475,1.00,1.00
2016.05.06 02:00:09.203,9.24056,9.24484,1.00,1.00
2016.05.06 02:00:09.507,9.24076,9.24504,1.00,1.00
2016.05.06 02:00:10.905,9.24066,9.24494,1.00,1.00
2016.05.06 02:00:11.304,9.24076,9.24504,1.00,1.00
2016.05.06 02:00:12.900,9.24056,9.24484,1.00,1.00
2016.05.06 02:00:14.238,9.24045,9.24475,1.00,1.00
2016.05.06 02:00:16.630,9.24036,9.24464,1.00,1.00
2016.05.06 02:00:17.932,9.24026,9.24454,1.00,1.00
2016.05.06 02:00:28.162,9.24046,9.24474,1.00,1.00
2016.05.06 02:00:29.164,9.24036,9.24464,1.00,1.00
2016.05.06 02:00:29.467,9.24046,9.24474,1.00,1.00
2016.05.06 02:00:33.677,9.24056,9.24484,1.00,1.50
2016.05.06 02:00:34.151,9.24066,9.24484,1.00,1.00
2016.05.06 02:00:34.366,9.24036,9.24464,1.00,1.00
2016.05.06 02:00:34.881,9.24046,9.24474,1.00,1.00
2016.05.06 02:00:35.371,9.24066,9.24484,1.00,1.00
2016.05.06 02:00:35.577,9.24066,9.24494,1.00,1.00
2016.05.06 02:00:35.679,9.24076,9.24514,1.00,1.50
2016.05.06 02:00:35.882,9.24036,9.24464,1.00,1.00
2016.05.06 02:00:36.361,9.24046,9.24474,1.00,1.00
2016.05.06 02:00:37.391,9.24026,9.24454,1.00,1.00
2016.05.06 02:00:38.192,9.24036,9.24464,1.00,1.00
2016.05.06 02:00:40.365,9.24026,9.24454,1.00,1.00
2016.05.06 02:00:40.699,9.24056,9.24484,1.00,1.00
2016.05.06 02:00:42.206,9.24056,9.24464,1.00,1.00
2016.05.06 02:00:42.307,9.24036,9.24464,1.00,1.00
2016.05.06 02:00:42.408,9.24026,9.24454,1.00,1.00
2016.05.06 02:00:50.127,9.24036,9.24464,1.00,1.00
2016.05.06 02:00:50.441,9.24046,9.24474,1.00,1.00
2016.05.06 02:00:51.447,9.24036,9.24464,1.00,1.00
2016.05.06 02:00:51.948,9.24056,9.24484,1.00,1.00
2016.05.06 02:00:52.935,9.24046,9.24474,1.00,1.00
2016.05.06 02:00:53.436,9.24056,9.24484,1.00,1.00
2016.05.06 02:00:53.837,9.24066,9.24494,1.00,1.00
2016.05.06 02:00:55.646,9.24076,9.24504,1.00,1.00
2016.05.06 02:00:56.451,9.24085,9.24515,1.00,1.00
2016.05.06 02:00:56.946,9.24066,9.24494,1.00,1.00
2016.05.06 02:00:57.947,9.24055,9.24485,1.00,1.00
2016.05.06 02:01:10.175,9.24045,9.24475,1.00,1.00
2016.05.06 02:01:10.525,9.24026,9.24454,1.00,1.00
2016.05.06 02:01:10.826,9.24036,9.24464,1.00,1.00
2016.05.06 02:01:11.294,9.24026,9.24454,1.00,1.00
2016.05.06 02:01:16.382,9.24036,9.24464,1.00,1.00
2016.05.06 02:01:16.696,9.24026,9.24454,1.00,1.00
2016.05.06 02:01:25.946,9.24036,9.24464,1.00,1.00
2016.05.06 02:01:26.281,9.24046,9.24474,1.00,1.00
2016.05.06 02:01:26.764,9.24036,9.24464,1.00,1.00
2016.05.06 02:01:27.083,9.24016,9.24444,1.00,1.00
2016.05.06 02:01:27.426,9.24036,9.24464,1.00,1.00
2016.05.06 02:01:28.122,9.24046,9.24474,1.00,1.00
2016.05.06 02:01:28.426,9.24025,9.24455,1.00,1.00
2016.05.06 02:01:28.927,9.24036,9.24464,1.00,1.00
2016.05.06 02:01:29.927,9.24016,9.24444,1.00,1.00
2016.05.06 02:01:30.428,9.24036,9.24464,1.00,1.00
2016.05.06 02:01:31.411,9.24016,9.24444,1.00,1.00
2016.05.06 02:01:31.953,9.24036,9.24464,1.00,1.00
2016.05.06 02:01:32.959,9.24016,9.24444,1.00,1.00
2016.05.06 02:01:33.622,9.24036,9.24464,1.00,1.00
2016.05.06 02:01:34.635,9.24016,9.24444,1.00,1.00
2016.05.06 02:01:35.163,9.24036,9.24464,1.00,1.00
2016.05.06 02:01:36.158,9.24016,9.24444,1.00,1.00
2016.05.06 02:01:36.633,9.24036,9.24464,1.00,1.00
2016.05.06 02:01:37.662,9.24016,9.24444,1.00,1.00
2016.05.06 02:01:38.171,9.24036,9.24464,1.00,1.00
2016.05.06 02:01:39.148,9.24016,9.24444,1.00,1.00
2016.05.06 02:01:39.675,9.24026,9.24454,1.00,1.00
2016.05.06 02:01:40.678,9.24016,9.24444,1.00,1.00
2016.05.06 02:01:41.004,9.24026,9.24454,1.00,1.00
2016.05.06 02:01:42.165,9.24016,9.24444,1.00,1.00
2016.05.06 02:01:42.665,9.24026,9.24454,1.00,1.00
2016.05.06 02:01:42.835,9.24035,9.24465,1.00,1.00
2016.05.06 02:01:43.135,9.24025,9.24455,1.00,1.00
2016.05.06 02:01:43.683,9.24015,9.24445,1.00,1.00
2016.05.06 02:01:44.138,9.24026,9.24454,1.00,1.00
2016.05.06 02:01:45.184,9.24016,9.24444,1.00,1.00
2016.05.06 02:01:55.419,9.24026,9.24454,1.00,1.00
2016.05.06 02:01:57.921,9.24046,9.24474,1.00,1.00
2016.05.06 02:01:58.227,9.24056,9.24484,1.00,1.00
2016.05.06 02:02:00.941,9.24046,9.24474,1.00,1.00
2016.05.06 02:02:02.232,9.24036,9.24464,1.50,1.00
2016.05.06 02:02:03.161,9.24046,9.24474,1.00,1.00
2016.05.06 02:02:10.352,9.24056,9.24484,1.00,1.00
2016.05.06 02:02:10.776,9.24136,9.24564,1.00,1.50
2016.05.06 02:02:11.108,9.24106,9.24534,1.00,1.00
2016.05.06 02:02:11.854,9.24126,9.24554,1.00,1.00
2016.05.06 02:02:13.157,9.24136,9.24564,1.00,1.00
2016.05.06 02:02:13.460,9.24166,9.24574,1.00,1.00
2016.05.06 02:02:13.567,9.24166,9.24594,1.00,1.50
2016.05.06 02:02:13.884,9.24146,9.24574,1.00,1.00
2016.05.06 02:02:20.810,9.24136,9.24564,1.00,1.00
2016.05.06 02:02:40.670,9.24126,9.24554,1.00,1.00
2016.05.06 02:02:44.855,9.24116,9.24544,1.00,1.00
2016.05.06 02:02:45.858,9.24115,9.24534,1.00,1.00
2016.05.06 02:02:48.464,9.24115,9.24524,1.00,1.00
2016.05.06 02:02:48.566,9.24096,9.24524,1.00,1.00
2016.05.06 02:02:48.667,9.24066,9.24484,1.00,1.00
2016.05.06 02:02:48.769,9.24056,9.24484,1.00,1.00
2016.05.06 02:02:48.870,9.24066,9.24494,1.00,1.00
2016.05.06 02:02:49.356,9.24086,9.24514,1.00,1.00
2016.05.06 02:02:49.734,9.24076,9.24504,1.00,1.00
2016.05.06 02:02:50.370,9.24056,9.24484,1.50,1.00
2016.05.06 02:02:50.673,9.24066,9.24494,1.00,1.00
2016.05.06 02:02:51.271,9.24046,9.24474,1.00,1.00
2016.05.06 02:02:51.874,9.24036,9.24465,1.00,1.00
2016.05.06 02:02:52.191,9.24056,9.24484,1.00,1.00
2016.05.06 02:02:52.677,9.24027,9.24444,1.00,1.00
2016.05.06 02:02:54.303,9.24027,9.24424,1.00,1.00
2016.05.06 02:02:55.183,9.24027,9.24444,1.00,1.00
2016.05.06 02:02:55.394,9.24027,9.24424,1.00,1.00
2016.05.06 02:02:55.885,9.24027,9.24434,1.00,1.00
2016.05.06 02:02:56.189,9.24027,9.24424,1.00,1.00
2016.05.06 02:03:02.654,9.24025,9.24424,1.00,1.00
2016.05.06 02:03:02.705,9.24025,9.24435,1.00,1.00
2016.05.06 02:03:03.220,9.24026,9.24454,1.50,1.00
2016.05.06 02:03:04.107,9.24026,9.24434,1.00,1.00
2016.05.06 02:03:04.387,9.24026,9.24444,1.00,1.00
2016.05.06 02:03:07.916,9.24026,9.24434,1.00,1.00
2016.05.06 02:03:08.117,9.24026,9.24444,1.00,1.00
2016.05.06 02:03:08.417,9.24026,9.24434,1.00,1.00
2016.05.06 02:03:09.922,9.24026,9.24444,1.00,1.00
2016.05.06 02:03:10.422,9.24026,9.24455,1.00,1.00
2016.05.06 02:03:10.924,9.24026,9.24434,1.00,1.00
2016.05.06 02:03:11.426,9.24026,9.24454,1.50,1.00
2016.05.06 02:03:11.624,9.24026,9.24444,1.00,1.00
2016.05.06 02:03:12.427,9.24026,9.24434,1.00,1.00
2016.05.06 02:03:12.928,9.24026,9.24444,1.00,1.00
2016.05.06 02:03:13.930,9.24026,9.24434,1.00,1.00
2016.05.06 02:03:14.431,9.24026,9.24444,1.00,1.00
2016.05.06 02:03:14.620,9.24035,9.24465,1.00,1.00
2016.05.06 02:03:15.130,9.24046,9.24474,1.00,1.00
2016.05.06 02:03:15.631,9.24056,9.24484,1.00,1.00
2016.05.06 02:03:16.933,9.24065,9.24495,1.00,1.00
2016.05.06 02:03:17.138,9.24086,9.24514,1.00,1.00
2016.05.06 02:03:17.633,9.24096,9.24524,1.00,1.00
2016.05.06 02:03:18.145,9.24086,9.24514,1.50,1.00
2016.05.06 02:03:18.935,9.24076,9.24504,1.00,1.00
2016.05.06 02:03:19.454,9.24086,9.24514,1.00,1.00
2016.05.06 02:03:24.139,9.24096,9.24524,1.00,1.00
2016.05.06 02:03:25.185,9.24086,9.24514,1.50,1.00
2016.05.06 02:03:25.792,9.24096,9.24514,1.00,1.00
2016.05.06 02:03:25.843,9.24096,9.24524,1.50,1.00
2016.05.06 02:03:29.684,9.24066,9.24494,1.00,1.00
2016.05.06 02:03:29.998,9.24076,9.24504,1.00,1.00
2016.05.06 02:03:37.184,9.24066,9.24494,1.00,1.00
2016.05.06 02:03:39.239,9.24076,9.24504,1.00,1.00
2016.05.06 02:03:43.892,9.24086,9.24514,1.00,1.00
2016.05.06 02:03:54.657,9.24096,9.24524,1.00,1.00
2016.05.06 02:03:55.621,9.24106,9.24534,1.00,1.00
2016.05.06 02:03:55.941,9.24116,9.24544,1.00,1.00
2016.05.06 02:03:56.291,9.24106,9.24534,1.00,1.00
2016.05.06 02:03:57.645,9.24125,9.24555,1.00,1.00
2016.05.06 02:03:58.950,9.24136,9.24564,1.00,1.00
2016.05.06 02:03:59.651,9.24156,9.24574,1.00,1.00
2016.05.06 02:03:59.805,9.24156,9.24583,1.00,1.00
2016.05.06 02:04:01.834,9.24136,9.24564,1.00,1.00
2016.05.06 02:04:02.168,9.24145,9.24575,1.00,1.00
2016.05.06 02:04:04.167,9.24156,9.24584,1.00,1.00
2016.05.06 02:04:04.514,9.24176,9.24604,1.00,1.00
2016.05.06 02:04:05.169,9.24186,9.24614,1.00,1.00
2016.05.06 02:04:05.681,9.24196,9.24624,1.00,1.00
2016.05.06 02:04:06.655,9.24186,9.24614,1.00,1.00
2016.05.06 02:04:09.155,9.24165,9.24595,1.00,1.00
2016.05.06 02:04:16.899,9.24176,9.24604,1.00,1.00
2016.05.06 02:04:19.697,9.24186,9.24614,1.00,1.00
2016.05.06 02:04:24.435,9.24196,9.24624,1.00,1.00
2016.05.06 02:04:36.285,9.24206,9.24634,1.00,1.00
2016.05.06 02:04:36.591,9.24176,9.24604,1.00,1.00
2016.05.06 02:04:36.909,9.24166,9.24594,1.00,1.00
2016.05.06 02:04:37.686,9.24156,9.24584,1.00,1.00
2016.05.06 02:04:37.990,9.24166,9.24565,1.00,1.00
2016.05.06 02:04:38.858,9.24136,9.24565,1.00,1.00
2016.05.06 02:04:38.909,9.24146,9.24574,1.00,1.00
2016.05.06 02:04:39.671,9.24136,9.24564,1.00,1.00
2016.05.06 02:04:40.188,9.24146,9.24574,1.00,1.00
2016.05.06 02:04:42.995,9.24156,9.24584,1.00,1.00
2016.05.06 02:04:45.918,9.24126,9.24554,1.00,1.00
2016.05.06 02:04:46.222,9.24136,9.24564,1.00,1.00
2016.05.06 02:04:47.620,9.24126,9.24554,1.00,1.00
2016.05.06 02:04:48.407,9.24135,9.24554,1.00,1.00
2016.05.06 02:04:48.710,9.24135,9.24514,1.00,1.00
2016.05.06 02:04:48.921,9.24116,9.24514,1.00,1.00
2016.05.06 02:04:49.123,9.24106,9.24514,1.00,1.00
2016.05.06 02:04:49.427,9.24086,9.24514,1.00,1.50
2016.05.06 02:04:49.629,9.24095,9.24514,1.00,1.00
2016.05.06 02:04:49.929,9.24076,9.24504,1.00,1.00
2016.05.06 02:04:50.435,9.24056,9.24484,1.00,1.00
2016.05.06 02:04:50.743,9.24066,9.24494,1.00,1.00
2016.05.06 02:04:51.948,9.24076,9.24504,1.00,1.00
2016.05.06 02:04:52.951,9.24056,9.24484,1.00,1.00
2016.05.06 02:04:53.282,9.24066,9.24494,1.00,1.00
2016.05.06 02:04:53.611,9.24056,9.24484,1.00,1.00
2016.05.06 02:04:53.877,9.24065,9.24495,1.00,1.00
2016.05.06 02:04:54.843,9.24056,9.24484,1.00,1.00
2016.05.06 02:04:55.146,9.24066,9.24494,1.00,1.00
2016.05.06 02:04:55.474,9.24046,9.24474,1.00,1.00
2016.05.06 02:04:56.189,9.24066,9.24494,1.00,1.00
2016.05.06 02:04:56.560,9.24076,9.24504,1.00,1.00
2016.05.06 02:04:57.191,9.24066,9.24494,1.00,1.00
2016.05.06 02:04:57.451,9.24075,9.24505,1.00,1.00
2016.05.06 02:04:58.374,9.24066,9.24494,1.00,1.00
2016.05.06 02:04:58.885,9.24076,9.24504,1.00,1.00
2016.05.06 02:04:59.919,9.24066,9.24494,1.00,1.00
2016.05.06 02:05:00.222,9.24055,9.24485,1.00,1.00
2016.05.06 02:05:00.623,9.24066,9.24494,1.00,1.00
2016.05.06 02:05:00.947,9.24076,9.24504,1.00,1.00
2016.05.06 02:05:01.589,9.24066,9.24494,1.00,1.00
2016.05.06 02:05:02.261,9.24086,9.24514,1.00,1.00
2016.05.06 02:05:03.103,9.24066,9.24494,1.00,1.00
2016.05.06 02:05:03.440,9.24056,9.24484,1.00,1.00
2016.05.06 02:05:03.952,9.24076,9.24504,1.00,1.00
2016.05.06 02:05:04.405,9.24086,9.24514,1.00,1.00
2016.05.06 02:05:04.951,9.24066,9.24494,1.00,1.00
2016.05.06 02:05:05.452,9.24086,9.24514,1.00,1.00
2016.05.06 02:05:06.453,9.24066,9.24494,1.00,1.00
2016.05.06 02:05:06.953,9.24086,9.24514,1.00,1.00
2016.05.06 02:05:07.595,9.24086,9.24513,1.00,1.50
2016.05.06 02:05:07.955,9.24066,9.24494,1.00,1.00
2016.05.06 02:05:08.656,9.24086,9.24514,1.00,1.00
2016.05.06 02:05:09.658,9.24066,9.24494,1.00,1.00
2016.05.06 02:05:09.985,9.24086,9.24514,1.00,1.00
2016.05.06 02:05:10.958,9.24066,9.24494,1.00,1.00
2016.05.06 02:05:11.462,9.24085,9.24515,1.00,1.00
2016.05.06 02:05:12.465,9.24076,9.24504,1.00,1.00
2016.05.06 02:05:12.782,9.24086,9.24514,1.00,1.00
2016.05.06 02:05:14.365,9.24076,9.24504,1.00,1.00
2016.05.06 02:05:15.173,9.24086,9.24514,1.00,1.00
2016.05.06 02:05:15.903,9.24096,9.24494,1.00,1.00
2016.05.06 02:05:16.892,9.24076,9.24504,1.00,1.00
2016.05.06 02:05:17.178,9.24066,9.24494,1.00,1.00
2016.05.06 02:05:22.590,9.24056,9.24484,1.50,1.00
2016.05.06 02:05:23.392,9.24076,9.24504,1.00,1.00
2016.05.06 02:05:24.426,9.24056,9.24484,1.00,1.00
2016.05.06 02:05:25.423,9.24066,9.24494,1.00,1.00
2016.05.06 02:05:31.230,9.24056,9.24484,1.00,1.00
2016.05.06 02:05:32.273,9.24076,9.24504,1.00,1.00
2016.05.06 02:05:33.134,9.24056,9.24484,1.00,1.00
2016.05.06 02:05:34.332,9.24076,9.24484,1.00,1.00
2016.05.06 02:05:34.635,9.24066,9.24464,1.00,1.00
2016.05.06 02:05:36.120,9.24036,9.24464,1.50,1.00
2016.05.06 02:05:36.171,9.24046,9.24474,1.00,1.00
2016.05.06 02:05:36.859,9.24056,9.24484,1.00,1.00
2016.05.06 02:05:41.196,9.24066,9.24494,1.00,1.00
2016.05.06 02:05:52.400,9.24056,9.24484,1.00,1.00
2016.05.06 02:06:11.166,9.24076,9.24504,1.00,1.00
2016.05.06 02:06:11.483,9.24066,9.24494,1.00,1.00
2016.05.06 02:06:11.728,9.24045,9.24475,1.00,1.00
2016.05.06 02:06:12.214,9.24036,9.24464,1.00,1.00
2016.05.06 02:06:12.543,9.24046,9.24474,1.00,1.00
2016.05.06 02:06:12.848,9.24026,9.24454,1.00,1.00
2016.05.06 02:06:13.188,9.24036,9.24464,1.00,1.00
2016.05.06 02:06:13.697,9.24046,9.24474,1.00,1.00
2016.05.06 02:06:14.027,9.24066,9.24494,1.00,1.00
2016.05.06 02:06:14.392,9.24076,9.24504,1.00,1.00
2016.05.06 02:06:14.894,9.24056,9.24484,1.00,1.00
2016.05.06 02:06:15.897,9.24076,9.24504,1.00,1.00
2016.05.06 02:06:16.914,9.24066,9.24494,1.00,1.00
2016.05.06 02:06:17.682,9.24096,9.24524,1.00,1.00
2016.05.06 02:06:18.622,9.24076,9.24504,1.00,1.00
2016.05.06 02:06:24.106,9.24086,9.24514,1.00,1.00
2016.05.06 02:06:24.416,9.24076,9.24504,1.00,1.00
2016.05.06 02:06:24.786,9.24086,9.24514,1.00,1.00
2016.05.06 02:06:27.928,9.24076,9.24504,1.00,1.00
2016.05.06 02:06:28.246,9.24086,9.24514,1.00,1.00
2016.05.06 02:06:29.934,9.24076,9.24504,1.00,1.00
2016.05.06 02:06:30.492,9.24086,9.24514,1.00,1.00
2016.05.06 02:06:30.811,9.24096,9.24524,1.00,1.00
2016.05.06 02:06:32.126,9.24086,9.24514,1.00,1.00
2016.05.06 02:06:33.444,9.24096,9.24524,1.00,1.00
2016.05.06 02:06:33.968,9.24105,9.24535,1.00,1.00
2016.05.06 02:06:34.438,9.24096,9.24524,1.00,1.00
2016.05.06 02:06:36.760,9.24086,9.24514,1.00,1.00
2016.05.06 02:06:37.101,9.24076,9.24504,1.00,1.00
2016.05.06 02:06:37.415,9.24086,9.24514,1.00,1.00
2016.05.06 02:06:48.874,9.24106,9.24534,1.00,1.00
2016.05.06 02:06:49.864,9.24086,9.24514,1.00,1.00
2016.05.06 02:06:50.287,9.24095,9.24525,1.00,1.00
2016.05.06 02:06:50.906,9.24086,9.24514,1.00,1.00
2016.05.06 02:06:51.230,9.24076,9.24504,1.00,1.00
2016.05.06 02:07:01.615,9.24086,9.24514,1.00,1.00
2016.05.06 02:07:02.390,9.24076,9.24504,1.00,1.00
2016.05.06 02:07:02.925,9.24066,9.24494,1.00,1.00
2016.05.06 02:07:03.242,9.24076,9.24504,1.00,1.00
2016.05.06 02:07:03.619,9.24086,9.24514,1.00,1.00
2016.05.06 02:07:04.093,9.24076,9.24504,1.00,1.00
2016.05.06 02:07:08.133,9.24066,9.24494,1.00,1.00
2016.05.06 02:07:08.946,9.24086,9.24514,1.00,1.00
2016.05.06 02:07:09.636,9.24096,9.24524,1.00,1.00
2016.05.06 02:07:09.959,9.24075,9.24505,1.00,1.00
2016.05.06 02:07:10.463,9.24086,9.24514,1.00,1.00
2016.05.06 02:07:10.958,9.24076,9.24504,1.00,1.00
2016.05.06 02:07:11.431,9.24066,9.24494,1.00,1.00
2016.05.06 02:07:20.867,9.24056,9.24484,1.00,1.00
2016.05.06 02:07:27.930,9.24086,9.24514,1.00,1.00
2016.05.06 02:07:28.230,9.24076,9.24514,1.00,1.00
2016.05.06 02:07:29.441,9.24086,9.24534,1.50,1.00
2016.05.06 02:07:30.417,9.24096,9.24534,1.00,1.00
2016.05.06 02:07:41.384,9.24096,9.24544,1.00,1.00
2016.05.06 02:07:41.637,9.24096,9.24554,1.50,1.00
2016.05.06 02:07:41.867,9.24096,9.24544,1.50,1.00
2016.05.06 02:07:42.169,9.24106,9.24554,1.00,1.00
2016.05.06 02:07:42.870,9.24116,9.24564,1.00,1.00
2016.05.06 02:07:43.874,9.24126,9.24574,1.00,1.00
2016.05.06 02:07:44.674,9.24126,9.24564,1.00,1.00
2016.05.06 02:07:47.180,9.24136,9.24574,1.00,1.00
2016.05.06 02:07:48.882,9.24116,9.24554,1.00,1.00
2016.05.06 02:07:50.689,9.24116,9.24564,1.00,1.00
2016.05.06 02:07:51.190,9.24106,9.24544,1.00,1.00
2016.05.06 02:07:51.885,9.24116,9.24554,1.00,1.00
2016.05.06 02:07:52.630,9.24106,9.24544,1.00,1.00
2016.05.06 02:07:52.883,9.24106,9.24554,1.00,1.00
2016.05.06 02:07:53.898,9.24116,9.24554,1.00,1.00
2016.05.06 02:07:54.918,9.24116,9.24564,1.00,1.00
2016.05.06 02:07:56.891,9.24126,9.24564,1.00,1.00
2016.05.06 02:07:58.409,9.24096,9.24534,1.00,1.00
2016.05.06 02:07:58.729,9.24106,9.24544,1.00,1.00
2016.05.06 02:08:01.117,9.24096,9.24524,1.00,1.00
2016.05.06 02:08:01.920,9.24096,9.24534,1.00,1.00
2016.05.06 02:08:03.615,9.24086,9.24524,1.00,1.00
2016.05.06 02:08:04.618,9.24096,9.24534,1.00,1.00
2016.05.06 02:08:05.188,9.24085,9.24535,1.00,1.00
2016.05.06 02:08:06.123,9.24095,9.24535,1.00,1.00
2016.05.06 02:08:07.842,9.24105,9.24545,1.00,1.00
2016.05.06 02:08:10.721,9.24106,9.24554,1.00,1.00
2016.05.06 02:08:10.873,9.24116,9.24554,1.00,1.00
2016.05.06 02:08:11.871,9.24116,9.24564,1.00,1.00
2016.05.06 02:08:12.351,9.24126,9.24571,1.50,1.00
2016.05.06 02:08:13.402,9.24135,9.24571,1.00,1.00
2016.05.06 02:08:18.991,9.24135,9.24572,1.00,1.00
2016.05.06 02:08:20.085,9.24145,9.24572,1.00,1.00
2016.05.06 02:08:20.406,9.24135,9.24572,1.00,1.00
2016.05.06 02:08:20.533,9.24135,9.2457,1.00,1.00
2016.05.06 02:08:22.428,9.24136,9.2457,1.00,1.00
2016.05.06 02:08:23.442,9.24146,9.2457,1.00,1.00
2016.05.06 02:08:23.902,9.24136,9.2457,1.00,1.00
2016.05.06 02:08:24.133,9.24126,9.24564,1.00,1.00
2016.05.06 02:08:24.913,9.24126,9.24571,1.00,1.00
2016.05.06 02:08:25.919,9.24136,9.24571,1.00,1.00
2016.05.06 02:08:27.414,9.24126,9.24564,1.00,1.00
2016.05.06 02:08:28.415,9.24126,9.24571,1.00,1.00
2016.05.06 02:08:29.616,9.24136,9.24571,1.00,1.00
2016.05.06 02:08:32.924,9.24136,9.2457,1.00,1.00
2016.05.06 02:08:33.834,9.24146,9.2457,1.00,1.00
2016.05.06 02:08:35.540,9.24136,9.2457,1.00,1.00
2016.05.06 02:08:36.086,9.24136,9.24571,1.00,1.00
2016.05.06 02:08:36.545,9.24146,9.24571,1.00,1.00
2016.05.06 02:08:37.545,9.24136,9.24571,1.00,1.00
2016.05.06 02:08:38.869,9.24135,9.24571,1.00,1.00
2016.05.06 02:08:39.072,9.24146,9.2457,1.00,1.00
2016.05.06 02:08:39.957,9.24146,9.24571,1.00,1.00
2016.05.06 02:08:42.173,9.24136,9.24571,1.00,1.00
2016.05.06 02:08:44.160,9.24145,9.24571,1.00,1.00
2016.05.06 02:08:55.786,9.24145,9.2457,1.00,1.00
2016.05.06 02:08:56.417,9.24146,9.2457,1.00,1.00
2016.05.06 02:08:57.420,9.24146,9.24571,1.00,1.00
2016.05.06 02:09:01.900,9.24156,9.24571,1.00,1.00
2016.05.06 02:09:03.721,9.24146,9.24571,1.00,1.00
2016.05.06 02:09:04.240,9.24146,9.2457,1.00,1.00
2016.05.06 02:09:04.728,9.24156,9.2457,1.00,1.00
2016.05.06 02:09:07.418,9.24146,9.2457,1.00,1.00
2016.05.06 02:09:07.966,9.24146,9.24571,1.00,1.00
2016.05.06 02:09:08.419,9.24156,9.24571,1.00,1.00
2016.05.06 02:09:12.677,9.24146,9.24571,1.00,1.00
2016.05.06 02:09:13.630,9.24155,9.24571,1.00,1.00
2016.05.06 02:09:16.211,9.24146,9.24571,1.00,1.00
2016.05.06 02:09:18.176,9.24146,9.24572,1.00,1.00
2016.05.06 02:09:21.152,9.24156,9.24572,1.00,1.00
2016.05.06 02:09:21.801,9.24156,9.2457,1.00,1.00
2016.05.06 02:09:22.753,9.24156,9.24571,1.00,1.00
2016.05.06 02:09:24.859,9.24166,9.24571,1.00,1.00
2016.05.06 02:09:30.297,9.24166,9.24594,1.00,1.00
2016.05.06 02:09:30.920,9.24166,9.24574,1.00,1.00
2016.05.06 02:09:31.224,9.24166,9.24564,1.00,1.00
2016.05.06 02:09:31.376,9.24166,9.24584,1.00,1.00
2016.05.06 02:09:31.679,9.24156,9.24554,1.00,1.00
2016.05.06 02:09:31.881,9.24156,9.24594,1.00,1.00
2016.05.06 02:09:32.190,9.24156,9.24604,1.50,1.00
2016.05.06 02:09:32.680,9.24165,9.24615,1.00,1.00
2016.05.06 02:09:32.893,9.24166,9.24604,1.00,1.00
2016.05.06 02:09:33.423,9.24136,9.24574,1.00,1.00
2016.05.06 02:09:34.397,9.24136,9.24584,1.00,1.00
2016.05.06 02:09:35.891,9.24146,9.24584,1.00,1.00
2016.05.06 02:09:36.895,9.24156,9.24594,1.00,1.00
2016.05.06 02:09:38.888,9.24166,9.24594,1.00,1.00
2016.05.06 02:09:42.001,9.24156,9.24594,1.00,1.00
2016.05.06 02:09:42.616,9.24136,9.24574,1.00,1.00
2016.05.06 02:09:43.416,9.24116,9.24554,1.00,1.00
2016.05.06 02:09:43.720,9.24126,9.24564,1.00,1.00
2016.05.06 02:09:44.128,9.24116,9.24554,1.00,1.00
2016.05.06 02:09:44.443,9.24106,9.24544,1.00,1.00
2016.05.06 02:09:45.418,9.24106,9.24554,1.50,1.00
2016.05.06 02:09:45.623,9.24116,9.24564,1.50,1.00
2016.05.06 02:09:46.426,9.24126,9.24614,1.00,1.50
2016.05.06 02:09:46.477,9.24146,9.24614,1.00,1.00
2016.05.06 02:09:46.821,9.24126,9.24564,1.00,1.00
2016.05.06 02:09:47.150,9.24136,9.24574,1.00,1.00
2016.05.06 02:09:47.429,9.24116,9.24555,1.00,1.00
2016.05.06 02:09:47.632,9.24126,9.24564,1.00,1.00
2016.05.06 02:09:47.955,9.24116,9.24554,1.00,1.00
2016.05.06 02:09:48.432,9.24126,9.24564,1.00,1.00
2016.05.06 02:09:48.933,9.24126,9.24554,1.00,1.00
2016.05.06 02:09:49.133,9.24126,9.24564,1.00,1.00
2016.05.06 02:10:02.003,9.24126,9.24554,1.00,1.00
2016.05.06 02:10:03.693,9.24116,9.24554,1.00,1.00
2016.05.06 02:10:04.690,9.24126,9.24554,1.00,1.00
2016.05.06 02:10:08.613,9.24116,9.24544,1.00,1.00
2016.05.06 02:10:08.923,9.24106,9.24544,1.00,1.00
2016.05.06 02:10:24.663,9.24095,9.24535,1.00,1.00
2016.05.06 02:10:25.663,9.24096,9.24524,1.00,1.00
2016.05.06 02:10:26.356,9.24096,9.24534,1.00,1.00
2016.05.06 02:10:27.408,9.24096,9.24524,1.00,1.00
2016.05.06 02:10:53.206,9.24086,9.24524,1.00,1.00
2016.05.06 02:10:54.240,9.24095,9.24525,1.00,1.00
2016.05.06 02:11:02.277,9.24086,9.24524,1.00,1.00
2016.05.06 02:11:03.262,9.24096,9.24524,1.00,1.00
2016.05.06 02:11:10.215,9.24096,9.24534,1.00,1.00
2016.05.06 02:11:13.894,9.24086,9.24524,1.00,1.00
2016.05.06 02:11:30.137,9.24095,9.24525,1.00,1.00
2016.05.06 02:11:30.640,9.24095,9.24535,1.00,1.00
2016.05.06 02:11:34.129,9.24106,9.24534,1.00,1.00
2016.05.06 02:11:38.264,9.24096,9.24524,1.00,1.00
2016.05.06 02:11:38.686,9.24096,9.24534,1.00,1.00
2016.05.06 02:11:40.343,9.24106,9.24544,1.00,1.50
2016.05.06 02:11:41.689,9.24116,9.24554,1.00,1.00
2016.05.06 02:11:44.653,9.24126,9.24554,1.00,1.00
2016.05.06 02:11:46.869,9.24116,9.24554,1.00,1.00
2016.05.06 02:11:47.871,9.24126,9.24554,1.00,1.00
2016.05.06 02:11:48.873,9.24116,9.24554,1.00,1.00
2016.05.06 02:11:49.688,9.24106,9.24544,1.00,1.00
2016.05.06 02:11:50.031,9.24096,9.24534,1.00,1.00
2016.05.06 02:12:00.294,9.24096,9.24524,1.00,1.00
2016.05.06 02:12:04.515,9.24096,9.24534,1.00,1.00
2016.05.06 02:12:29.173,9.24106,9.24544,1.00,1.07
2016.05.06 02:12:42.663,9.24106,9.24544,1.00,1.00
2016.05.06 02:12:43.203,9.24106,9.24554,1.50,1.00
2016.05.06 02:12:43.405,9.24116,9.24564,1.50,1.00
2016.05.06 02:12:43.710,9.24116,9.24554,1.00,1.00
2016.05.06 02:12:43.912,9.24116,9.24564,1.50,1.00
2016.05.06 02:12:44.408,9.24126,9.24564,1.00,1.00
2016.05.06 02:12:45.106,9.24126,9.24554,1.00,1.00
2016.05.06 02:12:45.417,9.24116,9.24544,1.00,1.00
2016.05.06 02:12:45.669,9.24076,9.24514,1.00,1.00
2016.05.06 02:12:45.922,9.24086,9.24524,1.00,1.00
2016.05.06 02:12:47.111,9.24086,9.24534,1.50,1.00
2016.05.06 02:12:47.390,9.24096,9.24524,1.00,1.00
2016.05.06 02:12:48.413,9.24086,9.24524,1.00,1.00
2016.05.06 02:12:49.401,9.24096,9.24524,1.00,1.00
2016.05.06 02:12:53.559,9.24086,9.24514,1.00,1.00
2016.05.06 02:13:07.455,9.24086,9.24524,1.00,1.00
2016.05.06 02:13:09.492,9.24096,9.24524,1.00,1.00
2016.05.06 02:13:09.872,9.24086,9.24534,1.00,1.00
2016.05.06 02:13:10.361,9.24096,9.24524,1.00,1.00
2016.05.06 02:13:11.370,9.24096,9.24534,1.00,1.00
2016.05.06 02:13:11.870,9.24086,9.24524,1.00,1.00
2016.05.06 02:13:12.872,9.24096,9.24524,1.00,1.00
2016.05.06 02:13:13.865,9.24086,9.24524,1.00,1.00
2016.05.06 02:13:14.891,9.24096,9.24524,1.00,1.00
2016.05.06 02:13:22.801,9.24086,9.24524,1.00,1.00
2016.05.06 02:13:23.704,9.24096,9.24524,1.00,1.00
2016.05.06 02:13:25.409,9.24086,9.24524,1.00,1.00
2016.05.06 02:13:26.413,9.24096,9.24524,1.00,1.00
2016.05.06 02:13:26.764,9.24086,9.24514,1.00,1.00
2016.05.06 02:13:35.942,9.24076,9.24514,1.00,1.00
2016.05.06 02:13:36.745,9.24076,9.24504,1.00,1.00
2016.05.06 02:13:37.760,9.24066,9.24504,1.00,1.00
2016.05.06 02:13:39.636,9.24076,9.24514,1.00,1.00
2016.05.06 02:13:46.167,9.24086,9.24524,1.00,1.00
2016.05.06 02:13:47.157,9.24086,9.24534,1.50,1.00
2016.05.06 02:13:47.687,9.24095,9.24535,1.00,1.00
2016.05.06 02:13:47.889,9.24106,9.24554,1.00,1.00
2016.05.06 02:13:48.193,9.24116,9.24564,1.00,1.00
2016.05.06 02:13:48.542,9.24106,9.24554,1.00,1.00
2016.05.06 02:13:48.888,9.24106,9.24544,1.00,1.00
2016.05.06 02:13:49.855,9.24116,9.24554,1.00,1.00
2016.05.06 02:13:53.883,9.24126,9.24534,1.00,1.00
2016.05.06 02:13:54.931,9.24136,9.24564,1.00,1.00
2016.05.06 02:13:55.897,9.24126,9.24564,1.00,1.00
2016.05.06 02:13:58.504,9.24126,9.24554,1.00,1.00
2016.05.06 02:14:01.416,9.24126,9.24564,1.00,1.00
2016.05.06 02:14:02.653,9.24136,9.24574,1.00,1.00
2016.05.06 02:14:04.871,9.24136,9.24584,1.00,1.00
2016.05.06 02:14:05.398,9.24146,9.24584,1.00,1.00
2016.05.06 02:14:14.092,9.24146,9.24594,1.00,1.00
2016.05.06 02:14:14.698,9.24186,9.24614,1.00,1.00
2016.05.06 02:14:14.901,9.24176,9.24614,1.00,1.00
2016.05.06 02:14:15.103,9.24176,9.24624,1.00,1.00
2016.05.06 02:14:15.407,9.24196,9.24624,1.00,1.00
2016.05.06 02:14:15.594,9.24176,9.24624,1.00,1.00
2016.05.06 02:14:16.087,9.24186,9.24594,1.00,1.00
2016.05.06 02:14:17.111,9.24186,9.24624,1.00,1.00
2016.05.06 02:14:20.132,9.24196,9.24644,1.50,1.00
2016.05.06 02:14:20.605,9.24196,9.24634,1.00,1.00
2016.05.06 02:14:21.641,9.24206,9.24654,1.50,1.00
2016.05.06 02:14:22.112,9.24206,9.24644,1.00,1.00
2016.05.06 02:14:37.126,9.24196,9.24634,1.00,1.00
2016.05.06 02:14:37.676,9.24206,9.24644,1.00,1.00
2016.05.06 02:14:41.661,9.24196,9.24634,1.00,1.00
2016.05.06 02:14:42.005,9.24196,9.24624,1.00,1.00
2016.05.06 02:14:42.158,9.24196,9.24634,1.00,1.00
2016.05.06 02:14:42.678,9.24196,9.24624,1.00,1.00
2016.05.06 02:14:43.672,9.24196,9.24634,1.00,1.00
2016.05.06 02:14:44.149,9.24196,9.24624,1.00,1.00
2016.05.06 02:14:45.143,9.24196,9.24634,1.00,1.00
2016.05.06 02:14:45.679,9.24196,9.24624,1.00,1.00
2016.05.06 02:14:46.064,9.24186,9.24614,1.00,1.00
2016.05.06 02:15:01.684,9.24186,9.24624,1.00,1.00
2016.05.06 02:15:02.618,9.24186,9.24634,1.00,1.00
2016.05.06 02:15:02.904,9.24196,9.24634,1.00,1.00
2016.05.06 02:15:03.208,9.24166,9.24604,1.07,1.00
2016.05.06 02:15:03.259,9.24166,9.24604,1.00,1.00
2016.05.06 02:15:03.411,9.24156,9.24594,1.00,1.00
2016.05.06 02:15:03.715,9.24166,9.24604,1.00,1.00
2016.05.06 02:15:03.917,9.24166,9.24614,2.25,1.00
2016.05.06 02:15:04.142,9.24186,9.24624,1.00,1.00
2016.05.06 02:15:04.446,9.24176,9.24624,1.00,1.00
2016.05.06 02:15:04.622,9.24176,9.24614,1.00,1.00
2016.05.06 02:15:04.926,9.24166,9.24614,2.25,1.00
2016.05.06 02:15:05.423,9.24186,9.24624,1.00,1.00
2016.05.06 02:15:06.944,9.24196,9.24634,1.00,1.00
2016.05.06 02:15:07.653,9.24176,9.24615,1.00,1.00
2016.05.06 02:15:07.957,9.24176,9.24624,1.00,1.00
2016.05.06 02:15:08.435,9.24185,9.24635,1.00,1.00
2016.05.06 02:15:08.948,9.24186,9.24624,1.00,1.00
2016.05.06 02:15:09.137,9.24186,9.24634,1.00,1.00
2016.05.06 02:15:09.949,9.24195,9.24645,1.50,1.00
2016.05.06 02:15:11.429,9.24206,9.24654,1.00,1.00
2016.05.06 02:15:11.942,9.24215,9.24655,1.00,1.00
2016.05.06 02:15:16.910,9.24206,9.24644,1.00,1.00
2016.05.06 02:15:18.365,9.24206,9.24634,1.00,1.00
2016.05.06 02:15:20.124,9.24206,9.24644,1.00,1.00
2016.05.06 02:15:21.161,9.24196,9.24634,1.00,1.00
2016.05.06 02:15:22.169,9.24186,9.24624,1.00,1.00
2016.05.06 02:15:22.376,9.24166,9.24635,1.07,1.00
2016.05.06 02:15:22.496,9.24155,9.24635,1.00,1.00
2016.05.06 02:15:22.706,9.24156,9.24604,1.50,1.00
2016.05.06 02:15:23.390,9.24176,9.24624,1.00,1.00
2016.05.06 02:15:23.713,9.24166,9.24614,2.25,1.00
2016.05.06 02:15:24.023,9.24176,9.24624,1.50,1.00
2016.05.06 02:15:25.171,9.24186,9.24624,1.00,1.00
2016.05.06 02:15:26.172,9.24196,9.24634,1.00,1.00
2016.05.06 02:15:29.179,9.24206,9.24634,1.00,1.00
2016.05.06 02:15:34.321,9.24196,9.24634,1.00,1.00
2016.05.06 02:15:34.636,9.24176,9.24644,1.00,1.00
2016.05.06 02:15:34.894,9.24186,9.24624,1.00,1.00
2016.05.06 02:15:36.115,9.24196,9.24634,1.00,1.00
2016.05.06 02:15:37.158,9.24195,9.24644,1.00,1.00
2016.05.06 02:15:37.709,9.24195,9.24645,1.00,1.00
2016.05.06 02:15:38.139,9.24206,9.24654,1.00,1.50
2016.05.06 02:15:39.141,9.24206,9.24644,1.00,1.00
2016.05.06 02:15:39.513,9.24216,9.24654,1.00,1.00
2016.05.06 02:15:39.937,9.24196,9.24664,1.00,1.00
2016.05.06 02:15:40.140,9.24196,9.24644,1.50,1.00
2016.05.06 02:15:40.466,9.24206,9.24644,1.00,1.00
2016.05.06 02:15:40.798,9.24206,9.24654,1.00,1.00
2016.05.06 02:15:41.167,9.24216,9.24664,1.00,1.00
2016.05.06 02:15:42.351,9.24226,9.24664,1.00,1.00
2016.05.06 02:15:43.355,9.24236,9.24674,1.00,1.00
2016.05.06 02:15:48.708,9.24246,9.24674,1.00,1.00
2016.05.06 02:15:49.698,9.24236,9.24674,1.00,1.00
2016.05.06 02:15:50.679,9.24246,9.24674,1.00,1.00
2016.05.06 02:15:50.989,9.24236,9.24674,1.00,1.00
2016.05.06 02:15:51.515,9.24226,9.24664,1.00,1.00
2016.05.06 02:15:53.208,9.24216,9.24644,1.00,1.00
2016.05.06 02:15:53.410,9.24216,9.24654,1.00,1.00
2016.05.06 02:15:54.117,9.24216,9.24674,1.50,1.00
2016.05.06 02:15:54.698,9.24226,9.24674,1.50,1.00
2016.05.06 02:15:55.102,9.24236,9.24684,1.00,1.00
2016.05.06 02:15:56.442,9.24246,9.24684,1.00,1.00
2016.05.06 02:15:56.754,9.24236,9.24664,1.00,1.00
2016.05.06 02:15:57.143,9.24215,9.24644,1.00,1.00
2016.05.06 02:15:57.244,9.24206,9.24644,1.00,1.00
2016.05.06 02:15:57.405,9.24196,9.24634,1.00,1.00
2016.05.06 02:15:57.709,9.24166,9.24604,1.00,1.00
2016.05.06 02:15:58.012,9.24146,9.24584,1.00,1.00
2016.05.06 02:15:58.114,9.24146,9.24594,1.50,1.00
2016.05.06 02:15:58.909,9.24166,9.24604,1.00,1.00
2016.05.06 02:16:00.613,9.24176,9.24604,1.00,1.00
2016.05.06 02:16:03.421,9.24176,9.24614,1.00,1.00
2016.05.06 02:16:03.624,9.24166,9.24594,1.00,1.00
2016.05.06 02:16:03.964,9.24166,9.24604,1.00,1.00
2016.05.06 02:16:05.931,9.24156,9.24594,1.00,1.00
2016.05.06 02:16:06.276,9.24146,9.24584,1.00,1.00
2016.05.06 02:16:06.630,9.24146,9.24604,2.25,1.00
2016.05.06 02:16:06.954,9.24166,9.24604,1.00,1.00
2016.05.06 02:16:07.273,9.24176,9.24614,1.00,1.00
2016.05.06 02:16:07.475,9.24166,9.24614,1.00,1.00
2016.05.06 02:16:07.943,9.24166,9.24624,1.50,1.00
2016.05.06 02:16:08.045,9.24166,9.24614,1.50,1.00
2016.05.06 02:16:08.345,9.24176,9.24665,1.50,1.00
2016.05.06 02:16:08.447,9.24195,9.24684,1.00,1.00
2016.05.06 02:16:08.827,9.24195,9.24684,1.07,1.00
2016.05.06 02:16:09.130,9.24195,9.24634,1.00,1.00
2016.05.06 02:16:09.635,9.24196,9.24634,1.00,1.00
2016.05.06 02:16:09.686,9.24206,9.24654,1.00,1.00
2016.05.06 02:16:09.891,9.24206,9.24644,1.00,1.00
2016.05.06 02:16:10.887,9.24205,9.24655,1.50,1.00
2016.05.06 02:16:11.158,9.24216,9.24654,1.00,1.00
2016.05.06 02:16:11.648,9.24206,9.24644,1.00,1.00
2016.05.06 02:16:19.685,9.24196,9.24634,1.00,1.00
2016.05.06 02:16:20.025,9.24186,9.24624,1.00,1.00
2016.05.06 02:16:23.121,9.24186,9.24614,1.00,1.00
2016.05.06 02:16:27.972,9.24186,9.24624,1.00,1.00
2016.05.06 02:16:31.140,9.24195,9.24625,1.00,1.00
2016.05.06 02:16:38.680,9.24196,9.24634,1.00,1.00
2016.05.06 02:16:41.658,9.24206,9.24644,1.00,1.00
2016.05.06 02:16:58.651,9.24196,9.24624,1.00,1.00
2016.05.06 02:16:58.904,9.24166,9.24595,1.00,1.00
2016.05.06 02:16:58.955,9.24155,9.24595,1.00,1.00
2016.05.06 02:16:59.597,9.24166,9.24614,1.00,1.00
2016.05.06 02:17:00.297,9.24166,9.24604,1.00,1.00
2016.05.06 02:17:00.609,9.24166,9.24614,1.00,1.00
2016.05.06 02:17:00.933,9.24175,9.24615,1.00,1.00
2016.05.06 02:17:01.613,9.24175,9.24625,1.00,1.00
2016.05.06 02:17:01.935,9.24186,9.24614,1.00,1.00
2016.05.06 02:17:02.254,9.24176,9.24604,1.00,1.00
2016.05.06 02:17:02.634,9.24166,9.24604,1.00,1.00
2016.05.06 02:17:02.914,9.24175,9.24615,1.00,1.00
2016.05.06 02:17:03.940,9.24176,9.24604,1.00,1.00
2016.05.06 02:17:04.616,9.24166,9.24604,1.00,1.00
2016.05.06 02:17:05.611,9.24176,9.24624,1.00,1.00
2016.05.06 02:17:05.945,9.24176,9.24604,1.00,1.00
2016.05.06 02:17:06.646,9.24156,9.24594,1.00,1.00
2016.05.06 02:17:07.211,9.24166,9.24614,1.00,1.00
2016.05.06 02:17:07.642,9.24176,9.24624,1.00,1.00
2016.05.06 02:17:07.950,9.24176,9.24614,1.00,1.00
2016.05.06 02:17:08.660,9.24156,9.24594,1.00,1.00
2016.05.06 02:17:09.453,9.24156,9.24604,1.00,1.00
2016.05.06 02:17:10.620,9.24166,9.24614,1.00,1.00
2016.05.06 02:17:11.622,9.24176,9.24614,1.00,1.00
2016.05.06 02:17:14.647,9.24186,9.24624,1.00,1.00
2016.05.06 02:17:15.930,9.24175,9.24605,1.00,1.00
2016.05.06 02:17:16.933,9.24176,9.24614,1.00,1.00
2016.05.06 02:17:17.143,9.24176,9.24604,1.00,1.00
2016.05.06 02:17:19.376,9.24176,9.24614,1.00,1.00
2016.05.06 02:17:19.677,9.24175,9.24605,1.00,1.00
2016.05.06 02:17:19.964,9.24166,9.24604,1.00,1.00
2016.05.06 02:17:20.167,9.24176,9.24604,1.00,1.00
2016.05.06 02:17:25.097,9.24176,9.24614,1.00,1.00
2016.05.06 02:17:25.669,9.24176,9.24624,1.00,1.00
2016.05.06 02:17:26.656,9.24186,9.24624,1.00,1.00
2016.05.06 02:17:27.693,9.24176,9.24614,1.00,1.00
2016.05.06 02:17:28.163,9.24176,9.24604,1.00,1.00
2016.05.06 02:17:28.393,9.24156,9.24594,1.00,1.00
2016.05.06 02:17:31.193,9.24166,9.24604,1.00,1.00
2016.05.06 02:17:33.169,9.24176,9.24604,1.00,1.00
2016.05.06 02:17:41.035,9.24166,9.24594,1.00,1.00
2016.05.06 02:17:41.207,9.24166,9.24604,1.00,1.00
2016.05.06 02:17:43.221,9.24166,9.24594,1.00,1.00
2016.05.06 02:17:44.746,9.24155,9.24595,1.00,1.00
2016.05.06 02:17:45.631,9.24166,9.24594,1.00,1.00
2016.05.06 02:17:46.865,9.24166,9.24604,1.00,1.00
2016.05.06 02:17:49.150,9.24166,9.24594,1.00,1.00
2016.05.06 02:17:50.670,9.24166,9.24604,1.00,1.00
2016.05.06 02:17:53.871,9.24176,9.24604,1.00,1.00
2016.05.06 02:17:55.680,9.24175,9.24615,1.00,1.00
2016.05.06 02:17:58.905,9.24176,9.24604,1.00,1.00
2016.05.06 02:18:02.396,9.24166,9.24604,1.00,1.00
2016.05.06 02:18:03.957,9.24176,9.24614,1.00,1.00
2016.05.06 02:18:10.950,9.24175,9.24605,1.00,1.00
2016.05.06 02:18:18.644,9.24166,9.24604,1.00,1.00
2016.05.06 02:18:18.845,9.24166,9.24594,1.00,1.00
2016.05.06 02:18:20.254,9.24166,9.24624,1.00,1.00
2016.05.06 02:18:24.464,9.24156,9.24614,1.00,1.00
2016.05.06 02:18:25.470,9.24166,9.24624,1.00,1.00
2016.05.06 02:18:30.134,9.24156,9.24614,1.00,1.00
2016.05.06 02:18:31.143,9.24166,9.24624,1.00,1.00
2016.05.06 02:18:31.419,9.24166,9.24634,1.00,1.00
2016.05.06 02:18:31.621,9.24146,9.24614,1.00,1.00
2016.05.06 02:18:31.965,9.24156,9.24614,1.00,1.00
2016.05.06 02:18:32.314,9.24146,9.24604,1.00,1.00
2016.05.06 02:18:33.641,9.24126,9.24594,1.00,1.00
2016.05.06 02:18:33.949,9.24136,9.24604,1.00,1.00
2016.05.06 02:18:35.422,9.24145,9.24615,1.00,1.00
2016.05.06 02:18:38.671,9.24146,9.24604,1.00,1.00
2016.05.06 02:18:42.683,9.24146,9.24614,1.00,1.00
2016.05.06 02:18:43.885,9.24146,9.24624,1.50,1.00
2016.05.06 02:18:44.271,9.24156,9.24624,1.00,1.00
2016.05.06 02:18:44.373,9.24156,9.24654,1.00,1.07
2016.05.06 02:18:44.424,9.24156,9.24654,1.07,1.00
2016.05.06 02:18:44.526,9.24206,9.24704,1.00,1.00
2016.05.06 02:18:44.678,9.24206,9.24714,1.00,1.00
2016.05.06 02:18:44.729,9.24216,9.24734,1.07,1.00
2016.05.06 02:18:45.032,9.24226,9.24674,1.00,1.00
2016.05.06 02:18:45.184,9.24216,9.24674,1.00,1.00
2016.05.06 02:18:45.438,9.24206,9.24674,1.00,1.00
2016.05.06 02:18:45.640,9.24206,9.24663,1.00,1.00
2016.05.06 02:18:45.798,9.24196,9.24663,1.00,1.00
2016.05.06 02:18:46.275,9.24206,9.24664,1.00,1.00
2016.05.06 02:18:46.393,9.24196,9.24664,1.00,1.00
2016.05.06 02:18:46.696,9.24206,9.24674,1.00,1.00
2016.05.06 02:18:47.044,9.24206,9.24664,1.00,1.00
2016.05.06 02:18:47.827,9.24206,9.24657,1.00,1.00
2016.05.06 02:18:47.929,9.24176,9.24634,1.00,1.00
2016.05.06 02:18:48.183,9.24166,9.24624,1.00,1.00
2016.05.06 02:18:48.397,9.24156,9.24624,1.50,1.00
2016.05.06 02:18:48.899,9.24166,9.24634,1.00,1.00
2016.05.06 02:18:49.903,9.24166,9.24624,1.00,1.00
2016.05.06 02:19:00.420,9.24166,9.24654,1.00,1.50
2016.05.06 02:19:00.630,9.24156,9.24624,2.25,1.00
2016.05.06 02:19:01.744,9.24166,9.24634,1.00,1.00
2016.05.06 02:19:02.634,9.24175,9.24635,1.00,1.00
2016.05.06 02:19:04.640,9.24186,9.24644,1.00,1.00
2016.05.06 02:19:06.486,9.24176,9.24634,1.00,1.00
2016.05.06 02:19:08.451,9.24185,9.24645,1.00,1.00
2016.05.06 02:19:08.783,9.24176,9.24634,1.00,1.00
2016.05.06 02:19:19.377,9.24145,9.24605,1.00,1.00
2016.05.06 02:19:19.698,9.24146,9.24614,1.00,1.00
2016.05.06 02:19:21.284,9.24146,9.24604,1.00,1.00
2016.05.06 02:19:21.909,9.24136,9.24604,1.00,1.00
2016.05.06 02:19:23.572,9.24137,9.24604,1.00,1.00
2016.05.06 02:19:23.623,9.24146,9.24614,1.00,1.00
2016.05.06 02:19:24.924,9.24156,9.24614,1.00,1.00
2016.05.06 02:19:25.901,9.24146,9.24614,1.00,1.00
2016.05.06 02:19:26.103,9.24156,9.24624,1.00,1.00
2016.05.06 02:19:27.405,9.24166,9.24634,1.00,1.00
2016.05.06 02:19:28.460,9.24176,9.24634,1.00,1.00
2016.05.06 02:19:29.617,9.24176,9.24644,1.00,1.00
2016.05.06 02:19:31.628,9.24186,9.24644,1.00,1.00
2016.05.06 02:19:35.377,9.24176,9.24634,1.00,1.00
2016.05.06 02:19:37.652,9.24156,9.24614,1.00,1.00
2016.05.06 02:19:38.655,9.24166,9.24624,1.00,1.00
2016.05.06 02:19:39.861,9.24156,9.24614,1.00,1.00
2016.05.06 02:19:40.158,9.24126,9.24594,1.00,1.00
2016.05.06 02:19:41.663,9.24136,9.24604,1.00,1.00
2016.05.06 02:19:42.166,9.24136,9.24614,1.50,1.00
2016.05.06 02:19:42.895,9.24146,9.24614,1.00,1.00
2016.05.06 02:19:44.178,9.24156,9.24624,1.00,1.00
2016.05.06 02:19:44.717,9.24156,9.24634,1.50,1.00
2016.05.06 02:19:45.399,9.24166,9.24634,1.00,1.00
2016.05.06 02:19:47.613,9.24176,9.24634,1.00,1.00
2016.05.06 02:19:50.918,9.24156,9.24614,1.00,1.00
2016.05.06 02:19:51.121,9.24156,9.24624,1.00,1.00
2016.05.06 02:19:51.620,9.24166,9.24634,1.00,1.00
2016.05.06 02:19:52.786,9.24176,9.24644,1.00,1.00
2016.05.06 02:19:54.647,9.24175,9.24635,1.00,1.00
2016.05.06 02:19:54.832,9.24156,9.24624,1.00,1.00
2016.05.06 02:19:55.136,9.24166,9.24624,1.00,1.00
2016.05.06 02:20:01.161,9.24156,9.24614,1.00,1.00
2016.05.06 02:20:02.202,9.24156,9.24624,1.00,1.00
2016.05.06 02:20:03.104,9.24166,9.24624,1.00,1.00
2016.05.06 02:20:03.706,9.24156,9.24624,1.00,1.00
2016.05.06 02:20:04.210,9.24156,9.24634,1.50,1.00
2016.05.06 02:20:04.407,9.24165,9.24635,1.00,1.00
2016.05.06 02:20:04.888,9.24166,9.24624,1.00,1.00
2016.05.06 02:20:05.411,9.24166,9.24634,1.00,1.00
2016.05.06 02:20:07.715,9.24176,9.24634,1.00,1.00
2016.05.06 02:20:21.180,9.24176,9.24644,1.00,1.00
2016.05.06 02:20:21.345,9.24186,9.24644,1.00,1.00
2016.05.06 02:20:21.648,9.24175,9.24645,1.00,1.00
2016.05.06 02:20:22.644,9.24186,9.24654,1.00,1.00
2016.05.06 02:20:22.947,9.24186,9.24644,1.00,1.00
2016.05.06 02:20:41.898,9.24186,9.24654,1.00,1.00
2016.05.06 02:20:43.818,9.24196,9.24654,1.00,1.00
2016.05.06 02:21:03.852,9.24186,9.24654,1.00,1.00
2016.05.06 02:21:04.682,9.24176,9.24634,1.00,1.00
2016.05.06 02:21:07.376,9.24176,9.24644,1.00,1.00
2016.05.06 02:21:11.372,9.24185,9.24645,1.00,1.00
2016.05.06 02:21:14.894,9.24186,9.24654,1.00,1.00
2016.05.06 02:21:15.210,9.24186,9.24665,1.00,1.00
2016.05.06 02:21:15.412,9.24186,9.24654,2.25,1.00
2016.05.06 02:21:15.776,9.24196,9.24674,1.50,1.00
2016.05.06 02:21:15.928,9.24206,9.24674,1.00,1.00
2016.05.06 02:21:17.111,9.24216,9.24684,1.00,1.00
2016.05.06 02:21:19.089,9.24226,9.24684,1.00,1.00
2016.05.06 02:21:25.634,9.24216,9.24674,1.00,1.00
2016.05.06 02:21:34.962,9.24216,9.24684,1.00,1.00
2016.05.06 02:21:36.953,9.24226,9.24684,1.00,1.00
2016.05.06 02:21:52.702,9.24226,9.24694,1.00,1.00
2016.05.06 02:21:52.861,9.24236,9.24694,1.00,1.00
2016.05.06 02:21:55.867,9.24246,9.24704,1.00,1.00
2016.05.06 02:22:01.694,9.24236,9.24694,1.00,1.00
2016.05.06 02:22:12.597,9.24226,9.24684,1.00,1.00
2016.05.06 02:22:12.906,9.24216,9.24674,1.00,1.00
2016.05.06 02:22:17.907,9.24225,9.24685,1.00,1.00
2016.05.06 02:22:18.910,9.24216,9.24674,1.00,1.00
2016.05.06 02:22:25.941,9.24206,9.24674,1.00,1.00
2016.05.06 02:22:27.471,9.24216,9.24674,1.00,1.00
2016.05.06 02:22:31.421,9.24226,9.24684,1.00,1.00
2016.05.06 02:22:56.312,9.24226,9.24675,1.00,1.00
2016.05.06 02:23:04.682,9.24226,9.24684,1.50,1.00
2016.05.06 02:23:05.885,9.24226,9.24694,1.50,1.00
2016.05.06 02:23:07.843,9.24236,9.24694,1.00,1.00
2016.05.06 02:23:15.559,9.24245,9.24705,1.00,1.00
2016.05.06 02:23:24.725,9.24236,9.24694,1.00,1.00
2016.05.06 02:23:25.059,9.24226,9.24684,1.50,1.00
2016.05.06 02:23:35.343,9.24236,9.24694,1.00,1.00
2016.05.06 02:23:49.431,9.24226,9.24684,1.50,1.00
2016.05.06 02:24:25.432,9.24226,9.24694,1.00,1.00
2016.05.06 02:24:26.617,9.24236,9.24704,1.00,1.00
2016.05.06 02:24:28.597,9.24246,9.24704,1.00,1.00
2016.05.06 02:24:33.632,9.24236,9.24694,1.00,1.00
2016.05.06 02:24:33.942,9.24226,9.24684,1.50,1.00
2016.05.06 02:24:34.919,9.24236,9.24694,1.00,1.00
2016.05.06 02:24:35.940,9.24225,9.24685,1.00,1.00
2016.05.06 02:24:37.923,9.24236,9.24694,1.00,1.00
2016.05.06 02:24:42.524,9.24226,9.24694,1.00,1.00
2016.05.06 02:24:43.527,9.24236,9.24694,1.00,1.00
2016.05.06 02:25:35.985,9.24246,9.24704,1.00,1.00
2016.05.06 02:26:19.939,9.24236,9.24694,1.00,1.00
2016.05.06 02:26:31.117,9.24226,9.24684,1.00,1.00
2016.05.06 02:26:33.065,9.24236,9.24694,1.00,1.00
2016.05.06 02:26:33.627,9.24226,9.24684,1.00,1.00
2016.05.06 02:27:16.727,9.24216,9.24674,1.00,1.00
2016.05.06 02:27:25.204,9.24216,9.24684,1.00,1.00
2016.05.06 02:27:26.207,9.24225,9.24684,1.00,1.00
2016.05.06 02:27:26.342,9.24225,9.24695,1.50,1.00
2016.05.06 02:27:27.645,9.24236,9.24694,1.00,1.00
2016.05.06 02:27:29.661,9.24246,9.24704,1.00,1.00
2016.05.06 02:27:30.001,9.24236,9.24694,1.00,1.00
2016.05.06 02:27:33.081,9.24226,9.24684,1.00,1.00
2016.05.06 02:27:38.067,9.24226,9.24694,1.00,1.00
2016.05.06 02:27:38.374,9.24226,9.24714,1.57,1.00
2016.05.06 02:27:38.425,9.24276,9.24764,1.00,1.00
2016.05.06 02:27:38.606,9.24276,9.24774,1.07,1.50
2016.05.06 02:27:38.657,9.24316,9.24774,1.00,1.00
2016.05.06 02:27:38.962,9.24286,9.24744,1.00,1.00
2016.05.06 02:27:39.265,9.24296,9.24754,1.00,1.00
2016.05.06 02:27:39.572,9.24306,9.24764,1.00,1.00
2016.05.06 02:27:39.674,9.24276,9.24754,2.25,1.00
2016.05.06 02:27:40.180,9.24286,9.24744,1.00,1.00
2016.05.06 02:27:40.686,9.24286,9.24764,1.50,1.00
2016.05.06 02:27:41.287,9.24286,9.24756,1.50,1.00
2016.05.06 02:27:41.596,9.24286,9.24744,1.00,1.00
2016.05.06 02:27:42.392,9.24285,9.24755,1.00,1.00
2016.05.06 02:27:42.705,9.24276,9.24734,1.00,1.00
2016.05.06 02:27:43.205,9.24266,9.24734,1.00,1.00
2016.05.06 02:27:43.379,9.24276,9.24734,1.00,1.00
2016.05.06 02:27:52.915,9.24266,9.24724,1.00,1.00
2016.05.06 02:28:00.413,9.24265,9.24735,1.00,1.00
2016.05.06 02:28:01.444,9.24276,9.24734,1.00,1.00
2016.05.06 02:28:03.455,9.24266,9.24724,1.00,1.00
2016.05.06 02:28:04.468,9.24256,9.24724,1.00,1.00
2016.05.06 02:28:04.962,9.24256,9.24714,1.00,1.00
2016.05.06 02:28:05.164,9.24256,9.24724,1.00,1.00
2016.05.06 02:28:07.176,9.24256,9.24714,1.00,1.00
2016.05.06 02:28:07.476,9.24255,9.24725,1.00,1.00
2016.05.06 02:28:08.429,9.24256,9.24714,1.00,1.00
2016.05.06 02:28:08.652,9.24256,9.24724,1.00,1.00
2016.05.06 02:28:08.930,9.24256,9.24714,1.00,1.00
2016.05.06 02:28:10.223,9.24256,9.24724,1.00,1.00
2016.05.06 02:28:12.337,9.24266,9.24724,1.00,1.00
2016.05.06 02:28:13.338,9.24256,9.24724,1.00,1.00
2016.05.06 02:28:22.877,9.24266,9.24734,1.00,1.00
2016.05.06 02:28:32.682,9.24276,9.24734,1.00,1.00
2016.05.06 02:28:35.092,9.24265,9.24735,1.00,1.00
2016.05.06 02:28:38.703,9.24266,9.24724,1.00,1.00
2016.05.06 02:28:39.903,9.24266,9.24734,1.00,1.00
2016.05.06 02:28:40.123,9.24266,9.24724,1.00,1.00
2016.05.06 02:28:41.408,9.24266,9.24734,1.00,1.00
2016.05.06 02:28:41.610,9.24246,9.24734,1.00,1.00
2016.05.06 02:28:42.112,9.24236,9.24704,1.00,1.00
2016.05.06 02:28:43.411,9.24246,9.24714,1.00,1.00
2016.05.06 02:28:55.176,9.24236,9.24724,1.00,1.00
2016.05.06 02:28:55.392,9.24226,9.24714,1.00,1.00
2016.05.06 02:28:55.695,9.24226,9.24694,1.00,1.00
2016.05.06 02:28:56.040,9.24226,9.24684,1.00,1.00
2016.05.06 02:28:56.655,9.24216,9.24674,1.00,1.00
2016.05.06 02:28:57.161,9.24206,9.24664,1.00,1.00
2016.05.06 02:28:59.646,9.24216,9.24674,1.00,1.00
2016.05.06 02:29:00.687,9.24206,9.24664,1.00,1.00
2016.05.06 02:29:01.648,9.24216,9.24674,1.00,1.00
2016.05.06 02:29:07.671,9.24206,9.24664,1.00,1.00
2016.05.06 02:29:10.455,9.24206,9.24674,1.00,1.00
2016.05.06 02:29:11.815,9.24206,9.2467,1.00,1.00
2016.05.06 02:29:12.138,9.24206,9.24664,1.00,1.00
2016.05.06 02:29:12.443,9.24196,9.24654,1.00,1.00
2016.05.06 02:29:12.890,9.24196,9.24664,1.00,1.00
2016.05.06 02:29:13.877,9.24206,9.24664,1.00,1.00
2016.05.06 02:29:14.879,9.24196,9.24664,1.00,1.00
2016.05.06 02:29:17.884,9.24206,9.24664,1.00,1.00
2016.05.06 02:29:18.602,9.24196,9.24654,1.00,1.00
2016.05.06 02:29:19.895,9.24196,9.24664,1.00,1.00
2016.05.06 02:29:21.402,9.24206,9.24664,1.00,1.00
2016.05.06 02:29:23.415,9.24216,9.24674,1.00,1.00
2016.05.06 02:29:31.366,9.24216,9.24683,1.00,1.50
2016.05.06 02:29:32.188,9.24216,9.24674,1.00,1.00
2016.05.06 02:29:32.667,9.24196,9.24654,1.00,1.00
2016.05.06 02:29:32.869,9.24186,9.24674,1.00,1.00
2016.05.06 02:29:33.173,9.24186,9.24654,1.00,1.00
2016.05.06 02:29:33.490,9.24196,9.24664,1.00,1.00
2016.05.06 02:29:34.193,9.24206,9.24664,1.00,1.00
2016.05.06 02:29:38.414,9.24216,9.24674,1.00,1.00
2016.05.06 02:29:39.683,9.24206,9.24664,1.00,1.00
2016.05.06 02:29:42.417,9.24216,9.24674,1.00,1.00
2016.05.06 02:29:47.797,9.24205,9.24665,1.00,1.00
2016.05.06 02:29:48.625,9.24206,9.24674,1.00,1.00
2016.05.06 02:29:49.111,9.24206,9.24664,1.00,1.00
2016.05.06 02:29:49.913,9.24206,9.2467,1.00,1.00
2016.05.06 02:29:50.144,9.24206,9.24674,1.00,1.00
2016.05.06 02:29:50.839,9.24206,9.24669,1.00,1.00
2016.05.06 02:29:51.165,9.24216,9.24669,1.00,1.00
2016.05.06 02:29:51.832,9.24216,9.24674,1.00,1.00
2016.05.06 02:29:51.933,9.24206,9.24674,1.00,1.00
2016.05.06 02:29:52.343,9.24206,9.24669,1.00,1.00
2016.05.06 02:29:52.692,9.24206,9.24664,1.00,1.00
2016.05.06 02:29:53.460,9.24206,9.24674,1.00,1.00
2016.05.06 02:29:54.111,9.24206,9.24669,1.00,1.00
2016.05.06 02:29:54.421,9.24206,9.24664,1.00,1.00
2016.05.06 02:29:55.159,9.24206,9.24674,1.00,1.00
2016.05.06 02:29:55.638,9.24206,9.24664,1.00,1.00
2016.05.06 02:29:56.663,9.24206,9.24674,1.00,1.00
2016.05.06 02:29:57.012,9.24206,9.24669,1.00,1.00
2016.05.06 02:29:57.355,9.24206,9.24664,1.00,1.00
2016.05.06 02:29:58.152,9.24206,9.24674,1.00,1.00
2016.05.06 02:29:58.616,9.24206,9.24669,1.00,1.00
2016.05.06 02:29:58.958,9.24206,9.24664,1.00,1.00
2016.05.06 02:29:59.663,9.24206,9.24674,1.00,1.00
2016.05.06 02:30:00.680,9.24216,9.24674,1.00,1.00
2016.05.06 02:30:00.883,9.24216,9.24684,1.00,1.07
2016.05.06 02:30:01.186,9.24216,9.24684,1.00,1.00
2016.05.06 02:30:02.298,9.24226,9.24684,1.00,1.00
2016.05.06 02:30:02.886,9.24226,9.24694,1.00,1.00
2016.05.06 02:30:03.189,9.24226,9.24704,1.00,1.00
2016.05.06 02:30:03.886,9.24226,9.24714,1.50,1.07
2016.05.06 02:30:04.440,9.24226,9.24714,1.50,1.00
2016.05.06 02:30:04.868,9.24236,9.24714,1.00,1.00
2016.05.06 02:30:06.194,9.24246,9.24714,1.00,1.00
2016.05.06 02:30:07.175,9.24236,9.24714,1.00,1.00
2016.05.06 02:30:08.176,9.24246,9.24714,1.00,1.00
2016.05.06 02:30:10.214,9.24236,9.24704,1.00,1.00
2016.05.06 02:30:10.420,9.24236,9.24714,1.00,1.00
2016.05.06 02:30:11.693,9.24246,9.24714,1.00,1.00
2016.05.06 02:30:12.505,9.24246,9.24724,1.00,1.00
2016.05.06 02:30:15.496,9.24256,9.24724,1.00,1.00
2016.05.06 02:30:18.145,9.24256,9.24734,1.00,1.50
2016.05.06 02:30:18.646,9.24256,9.24724,1.00,1.00
2016.05.06 02:30:19.136,9.24246,9.24714,1.00,1.00
2016.05.06 02:30:22.334,9.24246,9.24724,1.00,1.00
2016.05.06 02:30:24.480,9.24256,9.24724,1.00,1.00
2016.05.06 02:30:25.012,9.24256,9.24734,1.00,1.37
2016.05.06 02:30:27.852,9.24266,9.24743,1.00,1.37
2016.05.06 02:30:30.618,9.24266,9.24743,1.00,1.00
2016.05.06 02:30:30.670,9.24266,9.24734,1.00,1.00
2016.05.06 02:30:32.665,9.24256,9.24724,1.00,1.00
2016.05.06 02:30:36.685,9.24256,9.24734,1.00,1.00
2016.05.06 02:30:40.448,9.24265,9.24735,1.00,1.00
2016.05.06 02:30:51.341,9.24255,9.24735,1.00,1.00
2016.05.06 02:30:52.440,9.24266,9.24734,1.00,1.00
2016.05.06 02:30:58.294,9.24256,9.24724,1.00,1.00
2016.05.06 02:30:59.392,9.24246,9.24714,1.00,1.00
2016.05.06 02:31:02.361,9.24256,9.24724,1.00,1.00
2016.05.06 02:31:03.363,9.24246,9.24714,1.00,1.00
2016.05.06 02:31:13.689,9.24246,9.24724,1.00,1.00
2016.05.06 02:31:14.499,9.24256,9.24734,1.00,1.00
2016.05.06 02:31:14.841,9.24256,9.24724,1.00,1.00
2016.05.06 02:31:16.736,9.24256,9.24724,1.00,1.37
2016.05.06 02:31:17.287,9.24255,9.24743,1.50,1.37
2016.05.06 02:31:17.848,9.24256,9.24734,1.00,1.37
2016.05.06 02:31:19.610,9.24266,9.24734,1.00,1.37
2016.05.06 02:31:24.489,9.24256,9.24734,1.00,1.37
2016.05.06 02:31:25.666,9.24265,9.24735,1.00,1.37
2016.05.06 02:31:33.740,9.24256,9.24724,1.00,1.37
2016.05.06 02:31:39.785,9.24246,9.24714,1.00,1.07
2016.05.06 02:31:43.130,9.24256,9.24734,1.00,1.37
2016.05.06 02:31:45.413,9.24255,9.24725,1.00,1.37
2016.05.06 02:31:48.947,9.24225,9.24695,1.00,1.00
2016.05.06 02:31:48.998,9.24225,9.24695,1.00,1.37
2016.05.06 02:31:49.940,9.24226,9.24714,1.50,1.37
2016.05.06 02:31:49.991,9.24226,9.24714,1.50,1.07
2016.05.06 02:31:50.133,9.24245,9.24723,1.00,1.37
2016.05.06 02:31:56.130,9.24256,9.24724,1.00,1.37
2016.05.06 02:32:24.662,9.24246,9.24714,1.00,1.07
2016.05.06 02:32:44.952,9.24246,9.24714,1.00,1.07
2016.05.06 02:32:59.616,9.24245,9.24742,1.00,1.37
2016.05.06 02:33:00.122,9.24256,9.24742,1.00,1.37
2016.05.06 02:33:02.199,9.24246,9.24743,1.00,1.37
2016.05.06 02:33:02.402,9.24256,9.24743,1.00,1.37
2016.05.06 02:33:02.926,9.24246,9.24743,1.00,1.37
2016.05.06 02:33:03.128,9.24256,9.24743,1.00,1.37
2016.05.06 02:33:09.954,9.24266,9.24744,1.00,1.37
2016.05.06 02:33:20.651,9.24236,9.24707,1.00,1.07
2016.05.06 02:33:20.702,9.24236,9.24707,1.00,1.37
2016.05.06 02:33:21.703,9.24236,9.24722,1.00,1.07
2016.05.06 02:33:23.039,9.24235,9.24715,1.00,1.07
2016.05.06 02:33:23.140,9.24236,9.24704,1.00,1.00
2016.05.06 02:33:23.634,9.24226,9.24704,1.07,1.00
2016.05.06 02:33:23.935,9.24226,9.24743,1.07,1.37
2016.05.06 02:33:24.930,9.24235,9.24743,1.00,1.37
2016.05.06 02:33:29.867,9.24246,9.24725,1.00,1.07
2016.05.06 02:33:39.274,9.24235,9.24725,1.00,1.07
2016.05.06 02:33:40.277,9.24246,9.24725,1.00,1.07
2016.05.06 02:34:09.492,9.24236,9.24725,1.00,1.07
2016.05.06 02:34:10.422,9.24246,9.24725,1.00,1.07
2016.05.06 02:34:14.773,9.24236,9.24725,1.00,1.07
2016.05.06 02:34:14.824,9.24236,9.247,1.00,1.00
2016.05.06 02:34:15.875,9.24226,9.247,1.07,1.00
2016.05.06 02:34:16.169,9.24236,9.247,1.00,1.00
2016.05.06 02:34:16.838,9.24226,9.247,1.07,1.00
2016.05.06 02:34:21.527,9.24226,9.24725,1.07,1.07
2016.05.06 02:34:28.686,9.24226,9.247,1.07,1.00
2016.05.06 02:34:31.544,9.24216,9.24704,1.07,1.00
2016.05.06 02:34:33.595,9.24226,9.24714,1.07,1.07
2016.05.06 02:34:34.198,9.24216,9.24714,1.87,1.00
2016.05.06 02:34:50.677,9.24236,9.24714,1.00,1.07
2016.05.06 02:34:52.716,9.24236,9.24694,1.00,1.00
2016.05.06 02:34:53.170,9.24246,9.24713,1.00,1.07
2016.05.06 02:34:56.267,9.24246,9.247,1.50,1.00
2016.05.06 02:34:56.419,9.24236,9.247,1.00,1.00
2016.05.06 02:34:57.583,9.24226,9.247,1.07,1.00
2016.05.06 02:34:57.778,9.24226,9.24714,1.07,1.07
2016.05.06 02:34:58.941,9.24216,9.24702,1.07,1.00
2016.05.06 02:34:59.922,9.24206,9.24694,1.37,1.00
2016.05.06 02:35:01.086,9.24216,9.24714,1.57,1.07
2016.05.06 02:35:06.204,9.24236,9.24714,1.00,1.07
2016.05.06 02:35:06.404,9.24226,9.24714,1.07,1.07
2016.05.06 02:35:23.254,9.24236,9.24722,1.00,1.07
2016.05.06 02:35:23.860,9.24246,9.24722,1.00,1.07
2016.05.06 02:35:25.193,9.24256,9.24722,1.00,1.07
2016.05.06 02:35:26.403,9.24245,9.2472,1.00,1.07
2016.05.06 02:35:26.911,9.24246,9.2472,1.00,1.07
2016.05.06 02:35:31.086,9.24256,9.2472,1.00,1.07
2016.05.06 02:35:35.106,9.24246,9.2472,1.00,1.07
2016.05.06 02:35:38.085,9.24246,9.247,1.00,1.00
2016.05.06 02:35:38.136,9.24226,9.247,1.07,1.00
2016.05.06 02:35:38.440,9.24226,9.24694,1.07,1.00
2016.05.06 02:35:39.582,9.24226,9.24703,1.07,1.00
2016.05.06 02:35:43.696,9.24216,9.24694,1.07,1.00
2016.05.06 02:35:44.849,9.24206,9.247,1.37,1.00
2016.05.06 02:35:45.052,9.24206,9.24704,1.37,1.00
2016.05.06 02:35:45.264,9.24206,9.24694,1.87,1.00
2016.05.06 02:35:46.192,9.24216,9.247,1.07,1.00
2016.05.06 02:35:47.794,9.24216,9.24694,1.07,1.00
2016.05.06 02:35:47.912,9.24216,9.24694,1.00,1.00
2016.05.06 02:35:50.086,9.24206,9.24694,1.00,1.00
2016.05.06 02:35:50.353,9.24206,9.24688,1.00,1.00
2016.05.06 02:35:50.404,9.24196,9.24688,1.50,1.00
2016.05.06 02:35:51.592,9.24206,9.24688,1.00,1.00
2016.05.06 02:35:53.591,9.24206,9.24694,1.00,1.50
2016.05.06 02:35:53.661,9.24206,9.24684,1.00,1.00
2016.05.06 02:35:54.900,9.24206,9.24694,1.00,1.00
2016.05.06 02:36:04.922,9.24216,9.24694,1.00,1.00
2016.05.06 02:36:08.173,9.24225,9.24694,1.00,1.00
2016.05.06 02:36:08.474,9.24216,9.24694,1.00,1.00
2016.05.06 02:36:15.227,9.24216,9.247,1.50,1.07
2016.05.06 02:36:17.497,9.24206,9.24704,1.50,1.07
2016.05.06 02:36:20.684,9.24215,9.247,1.00,1.07
2016.05.06 02:36:39.212,9.24206,9.247,1.50,1.07
2016.05.06 02:36:42.910,9.24206,9.247,1.50,1.07
2016.05.06 02:37:10.484,9.24216,9.247,1.00,1.07
2016.05.06 02:37:28.127,9.24206,9.24704,1.50,1.07
2016.05.06 02:37:28.228,9.24216,9.24714,1.00,1.07
2016.05.06 02:37:29.297,9.24206,9.24704,1.50,1.07
2016.05.06 02:37:30.530,9.24216,9.24714,1.00,1.07
2016.05.06 02:37:31.704,9.24206,9.24694,1.00,1.10
2016.05.06 02:37:33.638,9.24205,9.24694,1.00,1.10
2016.05.06 02:37:35.865,9.24206,9.24694,1.00,1.10
2016.05.06 02:37:37.469,9.24216,9.24704,1.00,1.07
2016.05.06 02:37:37.871,9.24206,9.24704,1.50,1.07
2016.05.06 02:37:38.088,9.24206,9.24676,1.50,1.00
2016.05.06 02:37:38.190,9.24196,9.24676,1.00,1.00
2016.05.06 02:37:38.360,9.24186,9.24676,1.57,1.00
2016.05.06 02:37:38.661,9.24196,9.24676,1.00,1.00
2016.05.06 02:37:39.043,9.24196,9.24684,1.00,1.00
2016.05.06 02:37:39.297,9.24186,9.24684,1.10,1.00
2016.05.06 02:37:39.399,9.24196,9.24684,1.00,1.00
2016.05.06 02:37:48.148,9.24206,9.24684,1.00,1.00
2016.05.06 02:37:48.600,9.24206,9.24675,1.00,1.00
2016.05.06 02:37:48.650,9.24196,9.24675,1.00,1.00
2016.05.06 02:37:49.101,9.24196,9.24675,1.00,1.37
2016.05.06 02:37:49.402,9.24196,9.24675,1.07,1.37
2016.05.06 02:37:50.198,9.24196,9.24675,1.00,1.12
2016.05.06 02:37:51.210,9.24196,9.24694,1.87,1.07
2016.05.06 02:37:51.990,9.24206,9.24694,1.75,1.50
2016.05.06 02:37:52.662,9.24216,9.24704,1.87,1.10
2016.05.06 02:37:53.103,9.24236,9.24734,1.00,1.75
2016.05.06 02:37:54.668,9.24226,9.247,1.07,1.37
2016.05.06 02:37:55.067,9.24235,9.24724,1.00,1.37
2016.05.06 02:37:55.170,9.24226,9.24724,1.07,1.37
2016.05.06 02:38:17.496,9.24216,9.24714,1.37,1.07
2016.05.06 02:38:18.479,9.24226,9.24714,1.07,1.37
2016.05.06 02:39:23.885,9.24236,9.24674,1.00,1.07
2016.05.06 02:39:24.159,9.24226,9.24674,1.07,1.07
2016.05.06 02:39:24.335,9.24226,9.24664,1.07,1.00
2016.05.06 02:39:24.955,9.24226,9.24693,1.07,1.07
2016.05.06 02:39:26.388,9.24236,9.24724,1.00,1.37
2016.05.06 02:39:27.374,9.24216,9.24675,1.57,1.07
2016.05.06 02:39:27.504,9.24216,9.24675,1.50,1.07
2016.05.06 02:39:28.040,9.24206,9.24675,1.50,1.07
2016.05.06 02:39:28.217,9.24215,9.24675,1.00,1.37
2016.05.06 02:39:28.771,9.24216,9.24704,1.00,1.75
2016.05.06 02:39:29.414,9.24206,9.24657,1.50,1.37
2016.05.06 02:39:37.828,9.24196,9.24657,1.00,1.37
2016.05.06 02:39:38.830,9.24206,9.24657,1.00,1.37
2016.05.06 02:39:41.659,9.24206,9.24694,1.50,1.37
2016.05.06 02:39:42.384,9.24216,9.24694,1.00,1.37
2016.05.06 02:39:43.405,9.24216,9.24694,1.00,1.37
2016.05.06 02:39:44.401,9.24226,9.24694,1.00,1.37
2016.05.06 02:39:57.899,9.24216,9.24663,1.00,1.07
2016.05.06 02:39:57.950,9.24216,9.24663,1.00,1.07
2016.05.06 02:39:58.451,9.24215,9.24663,1.00,1.07
2016.05.06 02:40:03.639,9.24226,9.24675,1.00,1.37
2016.05.06 02:40:06.912,9.24236,9.24675,1.00,1.37
2016.05.06 02:40:11.651,9.24226,9.24675,1.00,1.37
2016.05.06 02:40:16.179,9.24206,9.24669,1.00,1.37
2016.05.06 02:40:20.898,9.24206,9.24664,1.50,1.37
2016.05.06 02:40:21.844,9.24216,9.24664,1.00,1.37
2016.05.06 02:40:24.180,9.24215,9.24664,1.00,1.37
2016.05.06 02:40:32.412,9.24216,9.24695,1.00,1.50
2016.05.06 02:40:46.717,9.24226,9.24695,1.00,1.50
2016.05.06 02:40:56.973,9.24216,9.24695,1.50,1.50
2016.05.06 02:40:58.175,9.24206,9.24669,1.50,1.37
2016.05.06 02:40:58.428,9.24206,9.24669,1.50,1.37
2016.05.06 02:40:59.510,9.24196,9.24658,1.50,1.07
2016.05.06 02:41:00.661,9.24206,9.24658,1.00,1.07
2016.05.06 02:41:01.681,9.24196,9.24658,1.50,1.07
2016.05.06 02:41:02.141,9.24206,9.24658,1.00,1.07
2016.05.06 02:41:07.375,9.24216,9.24658,1.00,1.07
2016.05.06 02:41:08.366,9.24206,9.24658,1.00,1.07
2016.05.06 02:41:08.962,9.24205,9.24658,1.00,1.07
2016.05.06 02:41:09.463,9.24206,9.24658,1.00,1.07
2016.05.06 02:41:09.658,9.24196,9.24658,1.00,1.07
2016.05.06 02:41:18.705,9.24195,9.24658,1.00,1.07
2016.05.06 02:41:19.896,9.24196,9.24658,1.00,1.07
2016.05.06 02:41:32.598,9.24206,9.24658,1.00,1.07
2016.05.06 02:41:33.099,9.24196,9.24658,1.00,1.07
2016.05.06 02:41:34.610,9.24206,9.24658,1.00,1.07
2016.05.06 02:41:39.698,9.24206,9.24675,1.00,1.37
2016.05.06 02:41:40.941,9.24216,9.24675,1.00,1.37
2016.05.06 02:41:47.927,9.24205,9.24675,1.00,1.37
2016.05.06 02:41:48.929,9.24216,9.24675,1.00,1.37
2016.05.06 02:41:49.236,9.24216,9.24675,1.00,1.00
2016.05.06 02:41:50.834,9.24206,9.24675,1.00,1.00
2016.05.06 02:41:53.866,9.24216,9.24675,1.00,1.00
2016.05.06 02:41:55.677,9.24206,9.24675,1.00,1.00
2016.05.06 02:41:55.877,9.24216,9.24675,1.00,1.00
2016.05.06 02:41:59.693,9.24196,9.24657,1.00,1.00
2016.05.06 02:42:00.888,9.24205,9.24657,1.00,1.00
2016.05.06 02:42:02.837,9.24205,9.24684,1.00,1.07
2016.05.06 02:42:02.938,9.24176,9.24674,1.50,1.00
2016.05.06 02:42:02.989,9.24176,9.24674,1.50,1.07
2016.05.06 02:42:03.405,9.24185,9.24674,1.00,1.07
2016.05.06 02:42:03.456,9.24185,9.24657,1.00,1.00
2016.05.06 02:42:05.422,9.24196,9.24657,1.00,1.00
2016.05.06 02:42:08.384,9.24206,9.24657,1.00,1.00
2016.05.06 02:42:25.947,9.24196,9.24657,1.00,1.00
2016.05.06 02:42:26.199,9.24186,9.24657,1.00,1.00
2016.05.06 02:42:27.356,9.24196,9.24657,1.00,1.00
2016.05.06 02:43:03.450,9.24196,9.24674,1.00,1.07
2016.05.06 02:43:13.922,9.24186,9.24674,1.00,1.07
2016.05.06 02:43:14.916,9.24196,9.24674,1.00,1.07
2016.05.06 02:43:28.455,9.24186,9.24674,1.00,1.07
2016.05.06 02:43:45.327,9.24186,9.24657,1.00,1.00
2016.05.06 02:43:47.798,9.24186,9.24664,1.00,1.07
2016.05.06 02:43:48.719,9.24196,9.24674,1.00,1.07
2016.05.06 02:43:49.675,9.24206,9.24674,1.00,1.07
2016.05.06 02:43:52.660,9.24216,9.24681,1.00,1.07
2016.05.06 02:44:00.140,9.24216,9.24681,1.00,1.07
2016.05.06 02:44:00.443,9.24196,9.2465,1.50,1.00
2016.05.06 02:44:00.494,9.24196,9.2465,1.50,1.07
2016.05.06 02:44:03.140,9.24196,9.2465,1.00,1.00
2016.05.06 02:44:35.977,9.24196,9.24644,1.00,1.00
2016.05.06 02:44:37.952,9.24196,9.2465,1.00,1.00
2016.05.06 02:44:38.075,9.24186,9.2465,1.50,1.00
2016.05.06 02:44:38.126,9.24186,9.24644,1.00,1.00
2016.05.06 02:44:48.612,9.24176,9.24644,1.50,1.00
2016.05.06 02:44:49.681,9.24176,9.24635,1.00,1.00
2016.05.06 02:44:51.988,9.24176,9.24644,1.00,1.00
2016.05.06 02:44:59.693,9.24176,9.24635,1.00,1.00
2016.05.06 02:45:00.193,9.24176,9.24645,1.00,1.00
2016.05.06 02:45:09.256,9.24196,9.24654,1.00,1.50
2016.05.06 02:45:09.583,9.24205,9.24654,1.00,1.00
2016.05.06 02:45:10.435,9.24205,9.24656,1.00,1.00
2016.05.06 02:45:29.081,9.24196,9.24656,1.50,1.00
2016.05.06 02:45:29.132,9.24196,9.2465,1.50,1.00
2016.05.06 02:45:29.342,9.24186,9.2465,1.50,1.00
2016.05.06 02:45:29.393,9.24186,9.24644,1.00,1.00
2016.05.06 02:45:33.355,9.24186,9.2465,1.50,1.00
2016.05.06 02:45:35.359,9.24186,9.24644,1.00,1.00
2016.05.06 02:45:49.062,9.24176,9.24644,1.50,1.00
2016.05.06 02:45:49.163,9.24176,9.24638,1.50,1.00
2016.05.06 02:45:49.475,9.24176,9.24634,1.00,1.00
2016.05.06 02:46:09.332,9.24166,9.24634,1.00,1.00
2016.05.06 02:46:09.433,9.24165,9.24624,1.00,1.00
2016.05.06 02:46:13.589,9.24156,9.24624,1.50,1.00
2016.05.06 02:46:13.640,9.24156,9.24614,1.00,1.00
2016.05.06 02:46:14.043,9.24166,9.24624,1.00,1.00
2016.05.06 02:46:41.613,9.24166,9.24614,1.00,1.00
2016.05.06 02:46:41.664,9.24156,9.24614,1.00,1.00
2016.05.06 02:46:41.907,9.24156,9.24604,1.00,1.00
2016.05.06 02:46:42.392,9.24156,9.24614,1.00,1.00
2016.05.06 02:46:42.728,9.24166,9.24614,1.00,1.00
2016.05.06 02:46:43.595,9.24166,9.24624,1.00,1.00
2016.05.06 02:46:44.062,9.24156,9.24624,1.00,1.00
2016.05.06 02:46:44.113,9.24156,9.24614,1.00,1.00
2016.05.06 02:46:44.430,9.24156,9.24604,1.00,1.00
2016.05.06 02:46:47.621,9.24156,9.24614,1.00,1.00
2016.05.06 02:46:47.831,9.24166,9.24614,1.00,1.00
2016.05.06 02:46:48.926,9.24166,9.24624,1.00,1.00
2016.05.06 02:46:50.023,9.24156,9.24624,1.00,1.00
2016.05.06 02:46:50.125,9.24156,9.24615,1.00,1.00
2016.05.06 02:46:50.457,9.24156,9.24604,1.00,1.00
2016.05.06 02:46:56.433,9.24156,9.24614,1.00,1.00
2016.05.06 02:46:56.534,9.24166,9.24614,1.00,1.00
2016.05.06 02:46:57.643,9.24166,9.24625,1.00,1.00
2016.05.06 02:47:00.347,9.24156,9.24625,1.00,1.00
2016.05.06 02:47:00.449,9.24156,9.24614,1.00,1.00
2016.05.06 02:47:00.550,9.24146,9.24614,2.25,1.00
2016.05.06 02:47:00.651,9.24146,9.24604,1.50,1.00
2016.05.06 02:47:05.352,9.24156,9.24604,1.00,1.00
2016.05.06 02:47:05.453,9.24156,9.24614,1.00,1.00
2016.05.06 02:47:05.554,9.24166,9.24614,1.00,1.00
2016.05.06 02:47:06.384,9.24156,9.24614,1.00,1.00
2016.05.06 02:47:06.539,9.24146,9.24614,1.50,1.00
2016.05.06 02:47:06.640,9.24146,9.24604,1.50,1.00
2016.05.06 02:47:07.039,9.24156,9.24604,1.00,1.00
2016.05.06 02:47:07.140,9.24156,9.24614,1.00,1.00
2016.05.06 02:47:08.380,9.24156,9.24624,1.00,1.00
2016.05.06 02:47:23.055,9.24166,9.24624,1.00,1.00
2016.05.06 02:47:23.572,9.24166,9.24634,1.00,1.00
2016.05.06 02:47:35.653,9.24186,9.24634,1.00,1.00
2016.05.06 02:47:35.903,9.24186,9.24644,1.00,1.00
2016.05.06 02:47:45.626,9.24186,9.24634,1.00,1.00
2016.05.06 02:47:45.677,9.24176,9.24634,1.00,1.00
2016.05.06 02:47:46.635,9.24176,9.24644,1.50,1.00
2016.05.06 02:47:49.644,9.24176,9.24634,1.00,1.00
2016.05.06 02:47:55.877,9.24166,9.24624,1.00,1.00
2016.05.06 02:48:04.895,9.24166,9.24634,1.00,1.00
2016.05.06 02:48:04.996,9.24176,9.24634,1.00,1.00
2016.05.06 02:48:05.299,9.24216,9.24644,1.00,1.00
2016.05.06 02:48:05.401,9.24216,9.2465,1.00,1.00
2016.05.06 02:48:05.597,9.24196,9.2465,1.00,1.00
2016.05.06 02:48:05.758,9.24196,9.24645,1.00,1.00
2016.05.06 02:48:05.810,9.24186,9.24645,1.50,1.00
2016.05.06 02:48:05.911,9.24186,9.2465,1.50,1.00
2016.05.06 02:48:06.300,9.24196,9.2465,1.00,1.00
2016.05.06 02:48:06.601,9.24186,9.24644,1.50,1.00
2016.05.06 02:48:07.772,9.24196,9.24644,1.00,1.00
2016.05.06 02:48:07.839,9.24196,9.24654,1.00,1.00
2016.05.06 02:48:10.199,9.24196,9.24656,1.00,1.00
2016.05.06 02:48:10.415,9.24196,9.24634,1.00,1.00
2016.05.06 02:48:10.610,9.24196,9.24644,1.00,1.00
2016.05.06 02:48:10.897,9.24186,9.24644,1.50,1.00
2016.05.06 02:48:11.468,9.24176,9.24644,1.50,1.00
2016.05.06 02:48:11.599,9.24186,9.24644,1.00,1.00
2016.05.06 02:48:11.920,9.24206,9.24655,1.00,1.00
2016.05.06 02:48:12.120,9.24196,9.24655,1.00,1.00
2016.05.06 02:48:13.122,9.24196,9.24656,1.00,1.00
2016.05.06 02:48:16.320,9.24206,9.24656,1.00,1.00
2016.05.06 02:48:17.327,9.24216,9.24656,1.00,1.00
2016.05.06 02:48:31.598,9.24206,9.24656,1.50,1.00
2016.05.06 02:48:31.800,9.24196,9.24656,1.50,1.00
2016.05.06 02:48:37.607,9.24196,9.24654,1.00,1.00
2016.05.06 02:48:38.626,9.24196,9.24656,1.50,1.00
2016.05.06 02:48:42.862,9.24206,9.24656,1.00,1.00
2016.05.06 02:48:43.249,9.24226,9.24656,1.00,1.00
2016.05.06 02:48:43.300,9.24226,9.24672,1.00,1.00
2016.05.06 02:48:43.351,9.24196,9.24672,1.00,1.00
2016.05.06 02:48:43.452,9.24196,9.24674,1.00,1.00
2016.05.06 02:48:43.981,9.24195,9.24674,1.00,1.00
2016.05.06 02:48:44.032,9.24206,9.24684,1.00,1.50
2016.05.06 02:48:44.352,9.24215,9.24657,1.00,1.00
2016.05.06 02:48:44.454,9.24206,9.24657,1.50,1.00
2016.05.06 02:48:44.799,9.24206,9.24664,1.50,1.00
2016.05.06 02:48:45.111,9.24196,9.24664,1.50,1.00
2016.05.06 02:48:45.816,9.24196,9.24656,1.50,1.00
2016.05.06 02:48:46.188,9.24206,9.24656,1.50,1.00
2016.05.06 02:48:46.306,9.24206,9.24674,1.50,1.00
2016.05.06 02:48:46.357,9.24206,9.24664,1.00,1.00
2016.05.06 02:48:46.458,9.24196,9.24664,1.50,1.00
2016.05.06 02:48:46.613,9.24206,9.24664,1.00,1.00
2016.05.06 02:48:47.281,9.24206,9.24657,1.00,1.00
2016.05.06 02:48:47.810,9.24206,9.24664,1.00,1.00
2016.05.06 02:48:47.861,9.24196,9.24664,1.00,1.50
2016.05.06 02:48:48.819,9.24196,9.24656,1.00,1.00
2016.05.06 02:48:49.179,9.24206,9.24656,1.00,1.00
2016.05.06 02:48:49.316,9.24206,9.24664,1.00,1.00
2016.05.06 02:48:49.367,9.24196,9.24664,1.00,1.50
2016.05.06 02:48:50.279,9.24196,9.24656,1.00,1.00
2016.05.06 02:48:50.636,9.24206,9.24656,1.00,1.00
2016.05.06 02:48:50.818,9.24206,9.24664,1.00,1.00
2016.05.06 02:48:50.869,9.24196,9.24664,1.00,1.50
2016.05.06 02:48:51.371,9.24195,9.24664,1.00,1.00
2016.05.06 02:48:51.820,9.24195,9.24656,1.00,1.00
2016.05.06 02:48:52.170,9.24206,9.24656,1.00,1.00
2016.05.06 02:49:38.595,9.24216,9.24656,1.00,1.00
2016.05.06 02:49:38.798,9.24206,9.24656,1.00,1.00
2016.05.06 02:49:39.570,9.24206,9.24674,1.00,1.50
2016.05.06 02:49:39.621,9.24196,9.24674,1.00,1.50
2016.05.06 02:49:39.897,9.24206,9.24674,1.00,1.00
2016.05.06 02:49:39.948,9.24206,9.24681,1.00,1.10
2016.05.06 02:49:40.570,9.24206,9.24657,1.00,1.00
2016.05.06 02:49:40.907,9.24236,9.24657,1.00,1.00
2016.05.06 02:49:41.071,9.24236,9.24674,1.00,1.00
2016.05.06 02:49:41.122,9.24215,9.24674,1.00,1.00
2016.05.06 02:49:41.173,9.24216,9.24681,1.00,1.00
2016.05.06 02:49:41.275,9.24216,9.24691,1.00,1.07
2016.05.06 02:49:42.060,9.24216,9.24656,1.00,1.00
2016.05.06 02:49:42.361,9.24226,9.24656,1.50,1.00
2016.05.06 02:49:42.689,9.24216,9.24691,1.00,1.07
2016.05.06 02:49:42.900,9.24226,9.24684,1.00,1.07
2016.05.06 02:49:43.203,9.24216,9.24664,1.00,1.00
2016.05.06 02:49:43.570,9.24216,9.24644,1.00,1.00
2016.05.06 02:49:44.052,9.24216,9.24674,1.00,1.00
2016.05.06 02:49:44.103,9.24206,9.24674,1.00,1.50
2016.05.06 02:49:44.469,9.24206,9.24681,1.00,1.07
2016.05.06 02:49:45.043,9.24206,9.24656,1.00,1.00
2016.05.06 02:49:45.421,9.24225,9.24656,1.00,1.00
2016.05.06 02:49:45.575,9.24225,9.24674,1.00,1.00
2016.05.06 02:49:45.626,9.24216,9.24674,1.00,1.00
2016.05.06 02:49:45.677,9.24216,9.2468,1.00,1.10
2016.05.06 02:49:46.434,9.24216,9.2468,1.00,1.37
2016.05.06 02:49:46.825,9.24226,9.24656,1.00,1.00
2016.05.06 02:49:47.076,9.24226,9.24674,1.00,1.10
2016.05.06 02:49:47.127,9.24216,9.24674,1.00,1.10
2016.05.06 02:49:47.342,9.24216,9.24674,1.00,1.37
2016.05.06 02:49:48.085,9.24216,9.24644,1.00,1.00
2016.05.06 02:49:48.187,9.24206,9.24644,1.00,1.00
2016.05.06 02:49:48.339,9.24216,9.24644,1.00,1.00
2016.05.06 02:49:48.578,9.24216,9.24674,1.00,2.25
2016.05.06 02:49:48.629,9.24196,9.24674,1.07,2.62
2016.05.06 02:49:48.930,9.24206,9.24674,1.00,1.87
2016.05.06 02:49:49.620,9.24226,9.24656,1.00,1.07
2016.05.06 02:49:49.772,9.24226,9.24656,1.00,1.00
2016.05.06 02:49:50.038,9.24226,9.24684,1.00,1.75
2016.05.06 02:49:50.139,9.24216,9.24674,1.00,1.00
2016.05.06 02:49:50.190,9.24216,9.24674,1.00,1.37
2016.05.06 02:49:51.140,9.24226,9.24656,1.00,1.07
2016.05.06 02:49:51.191,9.24226,9.24656,1.00,1.00
2016.05.06 02:49:51.581,9.24226,9.24674,1.00,1.00
2016.05.06 02:49:51.632,9.24216,9.24674,1.00,1.50
2016.05.06 02:49:51.734,9.24216,9.24674,1.00,1.87
2016.05.06 02:49:52.239,9.24215,9.24665,1.00,1.07
2016.05.06 02:49:52.575,9.24215,9.24644,1.00,1.00
2016.05.06 02:49:52.626,9.24206,9.24644,1.00,1.00
2016.05.06 02:49:53.083,9.24206,9.24674,1.50,1.12
2016.05.06 02:49:53.135,9.24206,9.24674,1.00,1.87
2016.05.06 02:49:54.130,9.24216,9.24651,1.00,1.00
2016.05.06 02:49:54.615,9.24226,9.24651,1.00,1.00
2016.05.06 02:49:58.516,9.24216,9.24651,1.50,1.00
2016.05.06 02:49:58.567,9.24216,9.24656,1.50,1.00
2016.05.06 02:49:59.767,9.24206,9.24656,1.00,1.00
2016.05.06 02:49:59.824,9.24196,9.24656,1.00,1.00
2016.05.06 02:49:59.875,9.24196,9.2465,1.00,1.00
2016.05.06 02:49:59.926,9.24186,9.2465,1.00,1.00
2016.05.06 02:50:36.420,9.24186,9.24644,1.00,1.00
2016.05.06 02:50:41.896,9.24186,9.2465,1.00,1.00
2016.05.06 02:50:42.068,9.24196,9.2465,1.00,1.00
2016.05.06 02:50:46.760,9.24196,9.24664,1.00,1.50
2016.05.06 02:50:54.781,9.24186,9.24654,1.00,1.00
2016.05.06 02:50:55.121,9.24196,9.24654,1.07,1.07
2016.05.06 02:50:59.448,9.24206,9.24654,1.00,1.07
2016.05.06 02:51:03.290,9.24206,9.24644,1.00,1.00
2016.05.06 02:51:03.481,9.24186,9.24644,1.07,1.00
2016.05.06 02:51:11.630,9.24196,9.24664,1.57,1.07
2016.05.06 02:51:11.682,9.24196,9.24664,1.00,1.00
2016.05.06 02:51:11.834,9.24206,9.24664,1.00,1.00
2016.05.06 02:51:12.103,9.24186,9.24664,1.00,1.50
2016.05.06 02:51:12.255,9.24186,9.24664,1.37,1.07
2016.05.06 02:51:16.874,9.24226,9.24664,1.00,1.07
2016.05.06 02:51:26.790,9.24226,9.24644,1.00,1.00
2016.05.06 02:51:26.942,9.24206,9.24644,1.57,1.00
2016.05.06 02:51:26.993,9.24206,9.24644,1.00,1.00
2016.05.06 02:51:27.094,9.24196,9.24644,1.50,1.00
2016.05.06 02:51:27.470,9.24186,9.24644,1.00,1.50
2016.05.06 02:51:27.622,9.24176,9.24644,1.00,1.00
2016.05.06 02:51:28.029,9.24176,9.24614,1.00,1.00
2016.05.06 02:51:28.350,9.24176,9.24614,1.07,1.00
2016.05.06 02:51:29.209,9.24166,9.24614,1.00,1.00
2016.05.06 02:51:29.260,9.24166,9.24619,1.00,1.00
2016.05.06 02:51:29.361,9.24166,9.2465,1.00,1.00
2016.05.06 02:51:29.462,9.24156,9.24634,1.50,1.00
2016.05.06 02:51:30.661,9.24166,9.24634,1.00,1.00
2016.05.06 02:51:40.632,9.24166,9.2462,1.00,1.00
2016.05.06 02:51:40.683,9.24156,9.2462,1.00,1.00
2016.05.06 02:51:49.659,9.24156,9.24606,1.00,1.00
2016.05.06 02:51:49.710,9.24146,9.24606,1.00,1.00
2016.05.06 02:51:51.332,9.24146,9.24563,1.00,1.00
2016.05.06 02:51:51.383,9.24127,9.24563,1.00,1.00
2016.05.06 02:51:51.833,9.24126,9.24594,1.00,1.00
2016.05.06 02:51:52.384,9.24127,9.24594,1.00,1.00
2016.05.06 02:51:53.823,9.24127,9.24588,1.00,1.00
2016.05.06 02:51:54.338,9.24126,9.24588,2.25,1.00
2016.05.06 02:51:55.995,9.24127,9.24588,1.00,1.00
2016.05.06 02:51:56.998,9.24126,9.24588,2.25,1.00
2016.05.06 02:51:57.769,9.24127,9.24588,1.00,1.00
2016.05.06 02:52:05.569,9.24127,9.24606,1.00,1.00
2016.05.06 02:52:06.119,9.24126,9.24606,1.00,1.00
2016.05.06 02:52:06.852,9.24126,9.24582,1.00,1.00
2016.05.06 02:52:12.689,9.24127,9.24582,1.00,1.00
2016.05.06 02:52:18.203,9.24126,9.24582,1.00,1.00
2016.05.06 02:52:22.756,9.24127,9.24582,1.00,1.00
2016.05.06 02:52:22.858,9.24127,9.24594,1.00,1.00
2016.05.06 02:52:36.558,9.24127,9.24613,1.00,1.07
2016.05.06 02:52:37.109,9.24126,9.24613,2.25,1.07
2016.05.06 02:52:39.671,9.24127,9.24624,1.00,1.07
2016.05.06 02:52:41.651,9.24136,9.24624,1.00,1.07
2016.05.06 02:53:03.057,9.24136,9.24624,1.00,1.00
2016.05.06 02:53:03.107,9.24127,9.246,1.00,1.00
2016.05.06 02:53:03.418,9.24136,9.246,1.00,1.00
2016.05.06 02:53:08.398,9.24146,9.246,1.00,1.00
2016.05.06 02:53:14.116,9.24136,9.24606,1.00,1.00
2016.05.06 02:53:14.428,9.24126,9.24606,2.25,1.00
2016.05.06 02:53:15.291,9.24126,9.24614,1.00,1.00
2016.05.06 02:53:15.365,9.24126,9.24619,1.00,1.00
2016.05.06 02:53:15.416,9.24116,9.24614,1.50,1.00
2016.05.06 02:53:16.595,9.24125,9.24619,1.00,1.00
2016.05.06 02:53:17.616,9.24126,9.24619,1.00,1.00
2016.05.06 02:53:19.620,9.24136,9.24619,1.00,1.00
2016.05.06 02:53:24.406,9.24126,9.24619,1.00,1.00
2016.05.06 02:53:25.576,9.24126,9.24614,1.00,1.00
2016.05.06 02:53:25.894,9.24125,9.24604,1.00,1.00
2016.05.06 02:53:26.582,9.24116,9.24604,1.00,1.00
2016.05.06 02:53:28.298,9.24116,9.246,1.00,1.00
2016.05.06 02:53:28.399,9.24106,9.246,1.50,1.00
2016.05.06 02:53:29.585,9.24116,9.246,1.00,1.00
2016.05.06 02:53:30.787,9.24107,9.246,1.00,1.00
2016.05.06 02:53:34.348,9.24107,9.24604,1.00,1.00
2016.05.06 02:53:34.399,9.24107,9.24604,1.00,1.07
2016.05.06 02:53:34.741,9.24106,9.24583,1.50,1.00
2016.05.06 02:53:35.602,9.24116,9.24583,1.00,1.00
2016.05.06 02:53:48.490,9.24126,9.24583,1.00,1.00
2016.05.06 02:53:52.820,9.24126,9.24582,1.00,1.00
2016.05.06 02:54:09.883,9.24136,9.24582,1.00,1.00
2016.05.06 02:54:14.128,9.24126,9.24582,1.00,1.00
2016.05.06 02:54:16.560,9.24126,9.24594,1.00,1.00
2016.05.06 02:54:17.941,9.24136,9.24594,1.00,1.00
2016.05.06 02:54:22.067,9.24146,9.24594,1.00,1.00
2016.05.06 02:54:36.668,9.24136,9.24594,1.00,1.00
2016.05.06 02:54:36.886,9.24126,9.24594,1.00,1.00
2016.05.06 02:55:34.354,9.24136,9.24594,1.00,1.00
2016.05.06 02:55:40.466,9.24136,9.24616,1.00,1.00
2016.05.06 02:55:45.098,9.24136,9.24573,1.00,1.00
2016.05.06 02:55:45.211,9.24126,9.24573,1.00,1.00
2016.05.06 02:55:46.073,9.24116,9.24573,1.00,1.00
2016.05.06 02:55:46.271,9.24116,9.24604,1.00,1.00
2016.05.06 02:55:46.377,9.24126,9.24604,1.00,1.00
2016.05.06 02:55:48.392,9.24136,9.24604,1.00,1.00
2016.05.06 02:56:02.897,9.24136,9.24624,1.00,1.00
2016.05.06 02:56:05.616,9.24145,9.24624,1.00,1.00
2016.05.06 02:56:05.919,9.24136,9.24624,1.00,1.00
2016.05.06 02:56:08.123,9.24146,9.24624,1.00,1.00
2016.05.06 02:56:12.912,9.24146,9.24633,1.00,1.00
2016.05.06 02:56:14.115,9.24146,9.24624,1.00,1.00
2016.05.06 02:56:29.909,9.24146,9.24633,1.00,1.00
2016.05.06 02:56:31.863,9.24136,9.24633,1.50,1.00
2016.05.06 02:56:31.914,9.24136,9.24624,1.00,1.00
2016.05.06 02:56:32.363,9.24146,9.24624,1.00,1.00
2016.05.06 02:56:32.912,9.24146,9.24598,1.00,1.00
2016.05.06 02:56:41.534,9.24146,9.24617,1.00,1.00
2016.05.06 02:56:42.849,9.24146,9.24599,1.00,1.00
2016.05.06 02:56:42.900,9.24136,9.24599,1.50,1.00
2016.05.06 02:56:46.549,9.24136,9.24616,1.00,1.00
2016.05.06 02:56:46.912,9.24146,9.24616,1.00,1.00
2016.05.06 02:56:47.853,9.24146,9.24585,1.00,1.00
2016.05.06 02:56:47.905,9.24126,9.24585,1.57,1.00
2016.05.06 02:56:48.385,9.24126,9.24624,1.57,1.00
2016.05.06 02:56:49.405,9.24135,9.24624,1.00,1.00
2016.05.06 02:56:52.406,9.24146,9.24624,1.00,1.00
2016.05.06 02:56:56.073,9.24146,9.24629,1.00,1.00
2016.05.06 02:56:56.593,9.24146,9.24616,1.00,1.00
2016.05.06 02:56:56.644,9.24136,9.24616,1.50,1.00
2016.05.06 02:57:19.564,9.24146,9.24616,1.00,1.00
2016.05.06 02:57:25.705,9.24176,9.24629,1.00,1.00
2016.05.06 02:57:25.806,9.24176,9.24654,1.00,2.25
2016.05.06 02:57:25.907,9.24216,9.24667,1.00,1.00
2016.05.06 02:57:26.009,9.24216,9.24674,1.00,1.00
2016.05.06 02:57:26.211,9.24236,9.24694,1.00,1.00
2016.05.06 02:57:26.515,9.24256,9.24693,1.50,1.00
2016.05.06 02:57:26.852,9.24266,9.24693,1.00,1.00
2016.05.06 02:57:27.169,9.24276,9.24693,1.00,1.00
2016.05.06 02:57:27.473,9.24316,9.24703,1.00,1.00
2016.05.06 02:57:27.524,9.24316,9.24714,1.00,1.00
2016.05.06 02:57:27.575,9.24316,9.24723,1.00,1.00
2016.05.06 02:57:27.715,9.24336,9.24723,1.00,1.00
2016.05.06 02:57:27.902,9.24346,9.24741,1.00,1.00
2016.05.06 02:57:28.016,9.24346,9.24752,1.00,1.00
2016.05.06 02:57:28.118,9.24346,9.24768,1.00,1.00
2016.05.06 02:57:28.219,9.24355,9.24783,1.00,2.25
2016.05.06 02:57:28.320,9.24355,9.24794,1.00,1.50
2016.05.06 02:57:28.422,9.24375,9.24794,1.00,1.50
2016.05.06 02:57:28.725,9.24386,9.24794,1.00,1.50
2016.05.06 02:57:29.052,9.24396,9.24794,1.00,1.00
2016.05.06 02:57:29.392,9.24406,9.24794,1.00,1.00
2016.05.06 02:57:29.924,9.24425,9.24794,1.00,1.00
2016.05.06 02:57:30.025,9.24425,9.24804,1.00,1.00
2016.05.06 02:57:30.209,9.24436,9.24804,1.00,1.00
2016.05.06 02:57:30.579,9.24436,9.24812,1.00,1.00
2016.05.06 02:57:31.083,9.24436,9.24814,1.00,1.00
2016.05.06 02:57:31.134,9.24446,9.24814,1.00,1.00
2016.05.06 02:57:34.249,9.24456,9.24814,1.00,1.00
2016.05.06 02:57:37.144,9.24446,9.24814,1.00,1.00
2016.05.06 02:57:37.598,9.24456,9.24814,1.00,1.00
2016.05.06 02:57:38.601,9.24466,9.24814,1.00,1.00
2016.05.06 02:57:39.602,9.24475,9.24814,1.00,1.00
2016.05.06 02:57:43.354,9.24476,9.24814,1.00,1.00
2016.05.06 02:57:43.664,9.24486,9.24814,1.00,1.00
2016.05.06 02:57:45.013,9.24486,9.24827,1.00,1.00
2016.05.06 02:57:45.115,9.24486,9.24844,1.00,2.25
2016.05.06 02:57:45.464,9.24476,9.24844,1.00,2.25
2016.05.06 02:57:46.404,9.24476,9.24854,1.00,1.50
2016.05.06 02:57:47.976,9.24486,9.24854,1.00,1.50
2016.05.06 02:57:48.428,9.24465,9.24854,1.00,1.50
2016.05.06 02:57:51.638,9.24466,9.24854,1.00,1.50
2016.05.06 02:57:52.640,9.24475,9.24854,1.00,1.50
2016.05.06 02:57:54.067,9.24486,9.24854,1.00,1.50
2016.05.06 02:57:55.685,9.24466,9.24854,1.00,1.50
2016.05.06 02:57:57.649,9.24456,9.24854,1.00,1.50
2016.05.06 02:57:58.651,9.24465,9.24854,1.00,1.50
2016.05.06 02:57:59.654,9.24456,9.24854,1.00,1.50
2016.05.06 02:58:01.859,9.24466,9.24854,1.00,1.50
2016.05.06 02:58:02.370,9.24476,9.24854,1.00,1.50
2016.05.06 02:58:02.695,9.24466,9.24854,1.00,1.50
2016.05.06 02:58:02.871,9.24475,9.24854,1.00,1.50
2016.05.06 02:58:03.372,9.24476,9.24854,1.00,1.50
2016.05.06 02:58:03.874,9.24486,9.24854,1.00,1.50
2016.05.06 02:58:06.168,9.24496,9.24854,1.00,1.50
2016.05.06 02:58:07.188,9.24496,9.24853,1.00,1.50
2016.05.06 02:58:14.595,9.24496,9.24854,1.00,1.50
2016.05.06 02:58:15.313,9.24496,9.24874,1.00,1.50
2016.05.06 02:58:15.364,9.24496,9.24885,1.00,1.00
2016.05.06 02:58:15.416,9.24506,9.24885,1.00,1.00
2016.05.06 02:58:15.467,9.24506,9.24934,1.50,1.50
2016.05.06 02:58:15.568,9.24506,9.24914,1.50,1.50
2016.05.06 02:58:15.884,9.24515,9.24934,1.00,1.00
2016.05.06 02:58:15.986,9.24515,9.24939,1.00,1.00
2016.05.06 02:58:16.087,9.24515,9.24964,1.00,1.50
2016.05.06 02:58:16.138,9.24526,9.24964,1.00,1.50
2016.05.06 02:58:16.297,9.24526,9.24974,1.00,1.50
2016.05.06 02:58:16.398,9.24536,9.24974,1.00,1.50
2016.05.06 02:58:16.702,9.24536,9.24963,1.00,1.50
2016.05.06 02:58:17.029,9.24546,9.24963,1.00,1.50
2016.05.06 02:58:17.333,9.24556,9.24963,1.00,1.50
2016.05.06 02:58:17.659,9.24566,9.24963,1.00,1.50
2016.05.06 02:58:17.994,9.24576,9.24965,1.00,1.50
2016.05.06 02:58:18.298,9.24586,9.24965,1.00,1.50
2016.05.06 02:58:18.601,9.24596,9.24964,1.00,1.50
2016.05.06 02:58:19.097,9.24596,9.24981,1.00,1.00
2016.05.06 02:58:19.596,9.24616,9.24981,1.00,1.00
2016.05.06 02:58:19.947,9.24626,9.24981,1.00,1.00
2016.05.06 02:58:20.713,9.24626,9.2498,1.00,1.00
2016.05.06 02:58:21.098,9.24635,9.2498,1.00,1.00
2016.05.06 02:58:31.916,9.24646,9.2498,1.00,1.00
2016.05.06 02:58:32.538,9.24646,9.24992,1.00,1.00
2016.05.06 02:58:32.691,9.24646,9.25009,1.00,1.00
2016.05.06 02:58:33.356,9.24659,9.25009,1.00,1.00
2016.05.06 02:58:33.508,9.24684,9.25084,1.00,1.00
2016.05.06 02:58:33.560,9.2472,9.25084,1.00,1.00
2016.05.06 02:58:33.678,9.24726,9.25107,1.00,1.00
2016.05.06 02:58:33.729,9.24763,9.25147,1.00,1.00
2016.05.06 02:58:33.831,9.24762,9.2517,1.00,1.00
2016.05.06 02:58:34.038,9.24733,9.2519,1.00,1.00
2016.05.06 02:58:34.139,9.24732,9.25193,1.00,1.00
2016.05.06 02:58:34.359,9.24745,9.25193,1.00,1.00
2016.05.06 02:58:34.511,9.24749,9.25199,1.00,1.00
2016.05.06 02:58:34.562,9.2481,9.25199,1.00,1.00
2016.05.06 02:58:34.714,9.2481,9.25212,1.00,1.00
2016.05.06 02:58:34.815,9.2481,9.25227,1.00,1.00
2016.05.06 02:58:35.374,9.24868,9.25227,1.00,1.00
2016.05.06 02:58:35.425,9.24875,9.25261,1.00,1.00
2016.05.06 02:58:35.526,9.24899,9.25311,1.00,1.00
2016.05.06 02:58:35.847,9.24885,9.2531,1.00,1.00
2016.05.06 02:58:36.032,9.24916,9.2531,1.00,1.00
2016.05.06 02:58:36.235,9.24916,9.25323,1.00,1.00
2016.05.06 02:58:36.577,9.24935,9.25323,1.00,1.00
2016.05.06 02:58:36.679,9.24916,9.25323,1.00,1.00
2016.05.06 02:58:36.730,9.24942,9.25334,1.00,1.00
2016.05.06 02:58:36.932,9.24856,9.25333,1.00,1.00
2016.05.06 02:58:37.033,9.24856,9.25314,1.00,1.00
2016.05.06 02:58:37.337,9.24876,9.25314,1.00,1.00
2016.05.06 02:58:37.671,9.24886,9.25315,1.00,1.00
2016.05.06 02:58:37.976,9.24886,9.25304,1.00,1.50
2016.05.06 02:58:38.313,9.24886,9.25301,1.00,1.00
2016.05.06 02:58:38.364,9.24856,9.25301,1.00,1.00
2016.05.06 02:58:38.415,9.24856,9.25291,1.00,1.00
2016.05.06 02:58:38.631,9.24836,9.25291,1.00,1.00
2016.05.06 02:58:38.732,9.24836,9.2528,1.00,1.00
2016.05.06 02:58:38.834,9.24826,9.2528,1.00,1.00
2016.05.06 02:58:38.935,9.24826,9.25251,1.00,1.00
2016.05.06 02:58:39.865,9.24816,9.25226,1.00,1.00
2016.05.06 02:58:40.655,9.24826,9.25226,1.00,1.00
2016.05.06 02:58:40.847,9.24826,9.25234,1.00,1.00
2016.05.06 02:58:41.151,9.24836,9.25234,1.00,1.00
2016.05.06 02:58:41.392,9.24826,9.25233,1.00,1.00
2016.05.06 02:58:41.747,9.24826,9.25245,1.00,1.22
2016.05.06 02:58:41.848,9.24826,9.2523,1.00,1.00
2016.05.06 02:58:42.648,9.24826,9.25231,1.00,1.50
2016.05.06 02:58:42.952,9.24826,9.25211,1.00,1.00
2016.05.06 02:58:43.469,9.24825,9.25211,1.00,1.00
2016.05.06 02:58:44.194,9.24816,9.25211,1.00,1.00
2016.05.06 02:58:45.148,9.24826,9.25211,1.00,1.00
2016.05.06 02:58:54.369,9.24836,9.25211,1.00,1.00
2016.05.06 02:59:00.375,9.24836,9.25177,1.00,1.00
2016.05.06 02:59:00.426,9.24816,9.25177,1.00,1.00
2016.05.06 02:59:00.903,9.24806,9.25177,1.00,1.00
2016.05.06 02:59:01.367,9.24806,9.2516,1.00,1.00
2016.05.06 02:59:01.418,9.24796,9.2516,1.00,1.00
2016.05.06 02:59:01.613,9.24726,9.25161,1.00,1.00
2016.05.06 02:59:01.664,9.24726,9.25141,1.00,1.00
2016.05.06 02:59:01.976,9.24726,9.25115,1.00,1.00
2016.05.06 02:59:02.280,9.24736,9.25115,1.00,1.00
2016.05.06 02:59:02.906,9.24746,9.25115,1.00,1.00
2016.05.06 02:59:03.109,9.24736,9.25108,1.00,1.00
2016.05.06 02:59:04.093,9.24746,9.25108,1.00,1.00
2016.05.06 02:59:05.907,9.24746,9.25121,1.00,1.00
2016.05.06 02:59:06.113,9.24756,9.25121,1.00,1.00
2016.05.06 02:59:06.907,9.24756,9.25114,1.00,1.00
2016.05.06 02:59:20.296,9.24756,9.2512,1.00,1.00
2016.05.06 02:59:20.731,9.24756,9.25113,1.00,1.00
2016.05.06 02:59:21.047,9.24766,9.25114,1.00,1.00
2016.05.06 02:59:22.868,9.24776,9.25114,1.00,1.00
2016.05.06 02:59:23.345,9.24755,9.25113,1.00,1.00
2016.05.06 02:59:23.855,9.24756,9.25114,1.00,1.00
2016.05.06 02:59:24.156,9.24766,9.25114,1.00,1.00
2016.05.06 02:59:24.856,9.24765,9.25114,1.00,1.50
2016.05.06 02:59:25.357,9.24766,9.25114,1.00,1.50
2016.05.06 02:59:25.676,9.24756,9.25114,1.00,1.00
2016.05.06 02:59:25.849,9.24766,9.25114,1.00,1.00
2016.05.06 02:59:27.664,9.24756,9.25114,1.00,1.50
2016.05.06 02:59:28.196,9.24765,9.25114,1.00,1.50
2016.05.06 02:59:30.160,9.24776,9.25114,1.00,1.50
2016.05.06 02:59:33.527,9.24776,9.25113,1.00,1.00
2016.05.06 02:59:36.437,9.24776,9.25114,1.00,1.12
2016.05.06 02:59:41.748,9.24766,9.25114,1.00,1.00
2016.05.06 02:59:42.595,9.24776,9.25114,1.00,1.00
2016.05.06 02:59:44.599,9.24766,9.25114,1.00,1.00
2016.05.06 02:59:50.428,9.24776,9.25114,1.00,1.00
