2017.12.05 22:00:00.037,9.88405,9.89784,0.22,0.75
2017.12.05 22:00:01.208,9.8889,9.89585,0.75,0.75
2017.12.05 22:00:51.565,9.88407,9.89759,0.22,0.75
2017.12.05 22:01:10.444,9.88407,9.89665,0.22,0.75
2017.12.05 22:01:26.814,9.88407,9.89486,0.22,0.75
2017.12.05 22:01:27.185,9.88407,9.89554,0.22,0.75
2017.12.05 22:01:33.456,9.88407,9.89481,0.22,0.75
2017.12.05 22:01:33.506,9.88407,9.89553,0.22,0.75
2017.12.05 22:01:43.657,9.88407,9.89553,0.22,0.75
2017.12.05 22:01:46.136,9.88383,9.89553,0.75,0.75
2017.12.05 22:01:46.846,9.88309,9.89631,0.75,0.75
2017.12.05 22:02:01.867,9.88238,9.89694,0.75,0.75
2017.12.05 22:02:10.486,9.88217,9.89694,0.75,0.75
2017.12.05 22:02:26.821,9.88295,9.8965,0.75,0.75
2017.12.05 22:02:31.244,9.88406,9.8965,0.22,0.75
2017.12.05 22:02:36.822,9.88406,9.89593,0.22,0.75
2017.12.05 22:02:50.437,9.88406,9.89558,0.22,0.75
2017.12.05 22:03:10.436,9.88406,9.89559,0.22,0.75
2017.12.05 22:03:31.488,9.88389,9.89559,0.75,0.75
2017.12.05 22:04:10.436,9.88376,9.89546,1.00,1.00
2017.12.05 22:04:10.778,9.88376,9.89546,1.22,1.00
2017.12.05 22:04:30.436,9.88389,9.89559,1.22,1.00
2017.12.05 22:05:13.471,9.88389,9.89559,1.22,1.00
2017.12.05 22:05:30.440,9.88395,9.89565,1.22,1.00
2017.12.05 22:05:50.490,9.88388,9.8956,1.22,1.00
2017.12.05 22:06:10.441,9.88395,9.89565,1.22,1.00
2017.12.05 22:06:28.134,9.88395,9.89565,1.22,1.00
2017.12.05 22:06:30.441,9.88389,9.89559,1.22,1.00
2017.12.05 22:06:48.199,9.88389,9.89559,1.22,1.00
2017.12.05 22:06:50.440,9.884,9.8957,1.22,1.00
2017.12.05 22:07:10.491,9.88388,9.89558,1.22,1.00
2017.12.05 22:07:30.490,9.88399,9.89569,1.22,1.00
2017.12.05 22:07:48.056,9.88338,9.89508,1.22,1.00
2017.12.05 22:07:50.440,9.88346,9.89516,1.22,1.00
2017.12.05 22:07:51.734,9.88455,9.89516,1.00,1.00
2017.12.05 22:07:51.785,9.88475,9.89645,1.00,1.00
2017.12.05 22:08:10.450,9.88502,9.89672,1.00,1.00
2017.12.05 22:08:30.440,9.88503,9.89673,1.00,1.00
2017.12.05 22:08:50.439,9.88502,9.89674,1.00,1.00
2017.12.05 22:09:10.440,9.88503,9.89673,1.00,1.00
2017.12.05 22:09:50.440,9.88501,9.89673,1.00,1.00
2017.12.05 22:10:00.151,9.88491,9.89682,1.00,1.00
2017.12.05 22:10:10.436,9.88485,9.89676,1.00,1.00
2017.12.05 22:10:30.437,9.88495,9.89686,1.00,1.00
2017.12.05 22:10:50.487,9.88493,9.89686,1.00,1.00
2017.12.05 22:11:10.436,9.88505,9.89695,1.00,1.00
2017.12.05 22:11:30.436,9.88503,9.89694,1.00,1.00
2017.12.05 22:11:50.437,9.88494,9.89685,1.00,1.00
2017.12.05 22:12:10.437,9.88504,9.89694,1.00,1.00
2017.12.05 22:12:30.456,9.88494,9.89685,1.00,1.00
2017.12.05 22:12:50.437,9.88501,9.89692,1.00,1.00
2017.12.05 22:13:10.487,9.88498,9.89689,1.00,1.00
2017.12.05 22:13:30.436,9.88494,9.89685,1.00,1.00
2017.12.05 22:13:50.437,9.88504,9.89694,1.00,1.00
2017.12.05 22:14:00.677,9.88504,9.89695,1.00,1.00
2017.12.05 22:14:02.842,9.88504,9.89694,1.00,1.00
2017.12.05 22:14:10.437,9.88494,9.89685,1.00,1.00
2017.12.05 22:14:30.437,9.88501,9.89692,1.00,1.00
2017.12.05 22:14:50.436,9.88491,9.89682,1.00,1.00
2017.12.05 22:14:59.738,9.88839,9.89625,1.00,1.00
2017.12.05 22:14:59.863,9.88839,9.89694,1.00,1.00
2017.12.05 22:15:10.483,9.88838,9.89694,1.00,1.00
2017.12.05 22:15:27.106,9.88845,9.89694,1.00,1.00
2017.12.05 22:15:28.569,9.88844,9.89694,1.00,1.00
2017.12.05 22:15:29.151,9.88845,9.89694,1.00,1.00
2017.12.05 22:15:46.744,9.88845,9.89776,1.00,1.00
2017.12.05 22:15:48.562,9.88845,9.89694,1.00,1.00
2017.12.05 22:16:00.941,9.88845,9.89694,1.37,1.00
2017.12.05 22:16:04.536,9.88895,9.89694,1.37,1.00
2017.12.05 22:16:11.996,9.88865,9.89694,1.37,1.00
2017.12.05 22:16:24.486,9.88875,9.89694,1.37,1.00
2017.12.05 22:17:16.430,9.88845,9.89694,1.75,1.00
2017.12.05 22:17:16.756,9.8893,9.89694,1.37,1.00
2017.12.05 22:17:29.218,9.8891,9.89694,1.37,1.00
2017.12.05 22:17:36.479,9.88845,9.89694,1.37,1.00
2017.12.05 22:17:48.453,9.88846,9.89694,1.75,1.00
2017.12.05 22:17:53.920,9.88895,9.89694,1.37,1.00
2017.12.05 22:17:57.243,9.8892,9.89694,1.37,1.00
2017.12.05 22:18:06.464,9.8892,9.89694,1.37,1.00
2017.12.05 22:18:11.602,9.88925,9.89694,1.00,1.00
2017.12.05 22:18:11.654,9.88845,9.89694,1.37,1.00
2017.12.05 22:18:20.659,9.88866,9.89694,1.75,1.00
2017.12.05 22:18:40.659,9.88915,9.89836,1.00,1.00
2017.12.05 22:18:40.767,9.88845,9.89836,1.37,1.00
2017.12.05 22:18:43.704,9.88845,9.89694,1.37,1.00
2017.12.05 22:18:56.445,9.88871,9.89694,1.75,1.00
2017.12.05 22:19:11.285,9.88935,9.89694,1.37,1.00
2017.12.05 22:19:16.445,9.88935,9.89694,1.00,1.00
2017.12.05 22:19:16.496,9.88845,9.89694,1.37,1.00
2017.12.05 22:19:32.441,9.88876,9.89694,1.75,1.00
2017.12.05 22:19:50.308,9.88925,9.89694,1.37,1.00
2017.12.05 22:19:52.483,9.88845,9.89694,1.37,1.00
2017.12.05 22:20:20.413,9.8893,9.89694,1.37,1.00
2017.12.05 22:20:32.980,9.8893,9.89845,1.37,1.00
2017.12.05 22:20:40.474,9.88881,9.89846,1.75,1.00
2017.12.05 22:20:40.525,9.88844,9.89846,1.37,1.00
2017.12.05 22:20:40.701,9.88844,9.89694,1.37,1.00
2017.12.05 22:20:56.431,9.8892,9.89694,1.37,1.00
2017.12.05 22:21:01.265,9.8895,9.89694,1.37,1.00
2017.12.05 22:21:15.178,9.8892,9.89694,1.37,1.00
2017.12.05 22:21:16.484,9.88845,9.89694,1.37,1.00
2017.12.05 22:21:32.548,9.88919,9.89694,1.37,1.00
2017.12.05 22:21:32.852,9.88965,9.89694,1.37,1.00
2017.12.05 22:21:36.129,9.8897,9.89694,1.37,1.00
2017.12.05 22:21:52.636,9.88845,9.89694,1.37,1.00
2017.12.05 22:22:08.556,9.8892,9.89694,1.37,1.00
2017.12.05 22:22:11.599,9.8892,9.89694,1.37,1.00
2017.12.05 22:22:14.137,9.8897,9.89694,1.37,1.00
2017.12.05 22:22:26.333,9.88975,9.89694,1.37,1.00
2017.12.05 22:22:28.515,9.88845,9.89694,1.37,1.00
2017.12.05 22:22:44.618,9.88955,9.89694,1.37,1.00
2017.12.05 22:22:52.451,9.8897,9.89694,1.37,1.00
2017.12.05 22:22:52.589,9.8897,9.89852,1.37,1.00
2017.12.05 22:22:56.650,9.8897,9.89694,1.37,1.00
2017.12.05 22:23:13.370,9.88852,9.89694,1.87,1.00
2017.12.05 22:23:20.715,9.88975,9.89694,1.37,1.00
2017.12.05 22:23:36.325,9.88985,9.89694,1.37,1.00
2017.12.05 22:23:40.668,9.88985,9.89694,1.00,1.00
2017.12.05 22:23:40.719,9.8886,9.89694,1.37,1.00
2017.12.05 22:23:43.059,9.8887,9.89694,1.37,1.00
2017.12.05 22:23:44.487,9.88845,9.89694,1.37,1.00
2017.12.05 22:23:56.788,9.88974,9.89694,1.37,1.00
2017.12.05 22:24:16.327,9.88995,9.89694,1.37,1.00
2017.12.05 22:24:30.145,9.8887,9.89694,1.37,1.00
2017.12.05 22:24:32.511,9.8898,9.89694,1.37,1.00
2017.12.05 22:24:41.297,9.89,9.89694,1.37,1.00
2017.12.05 22:24:52.521,9.8887,9.89694,1.37,1.00
2017.12.05 22:25:08.435,9.88965,9.89694,1.37,1.00
2017.12.05 22:25:28.495,9.88885,9.89694,1.37,1.00
2017.12.05 22:25:36.165,9.88845,9.89694,1.37,1.00
2017.12.05 22:25:40.512,9.88954,9.89694,1.37,1.00
2017.12.05 22:25:54.190,9.88975,9.89694,1.37,1.00
2017.12.05 22:26:02.152,9.88845,9.89694,1.37,1.00
2017.12.05 22:26:16.493,9.89069,9.89694,1.37,1.00
2017.12.05 22:26:17.668,9.8908,9.89694,1.37,1.00
2017.12.05 22:26:28.592,9.89085,9.89694,1.37,1.00
2017.12.05 22:26:36.490,9.89085,9.89694,1.00,1.00
2017.12.05 22:26:36.541,9.88895,9.89694,1.37,1.00
2017.12.05 22:26:43.107,9.88895,9.89694,1.37,1.00
2017.12.05 22:26:46.762,9.88895,9.89694,1.37,1.00
2017.12.05 22:26:50.662,9.88945,9.89694,1.37,1.00
2017.12.05 22:26:52.620,9.89065,9.89694,1.37,1.00
2017.12.05 22:26:54.134,9.89085,9.89694,1.37,1.00
2017.12.05 22:26:56.155,9.8909,9.89694,1.37,1.00
2017.12.05 22:27:12.572,9.8909,9.89694,1.00,1.00
2017.12.05 22:27:12.831,9.8894,9.89694,1.37,1.00
2017.12.05 22:27:18.107,9.8894,9.89694,1.37,1.00
2017.12.05 22:27:28.489,9.89065,9.89694,1.37,1.00
2017.12.05 22:27:40.666,9.8909,9.89694,1.37,1.00
2017.12.05 22:27:57.371,9.88947,9.89694,1.87,1.00
2017.12.05 22:28:12.493,9.89065,9.89694,1.37,1.00
2017.12.05 22:28:23.071,9.89095,9.89694,1.37,1.00
2017.12.05 22:28:32.494,9.88952,9.89694,1.50,1.00
2017.12.05 22:28:32.545,9.88868,9.89694,1.37,1.00
2017.12.05 22:28:32.945,9.88868,9.89694,1.37,1.00
2017.12.05 22:28:35.794,9.88885,9.89694,1.37,1.00
2017.12.05 22:28:48.492,9.89095,9.89694,1.37,1.00
2017.12.05 22:28:49.664,9.891,9.89694,1.37,1.00
2017.12.05 22:29:08.492,9.88957,9.89694,1.50,1.00
2017.12.05 22:29:09.258,9.88895,9.89694,1.37,1.00
2017.12.05 22:29:10.299,9.88895,9.89694,1.37,1.00
2017.12.05 22:29:20.735,9.89065,9.89694,1.37,1.00
2017.12.05 22:29:40.735,9.88895,9.89694,1.37,1.00
2017.12.05 22:29:43.086,9.88895,9.89694,1.37,1.00
2017.12.05 22:29:56.660,9.89065,9.89694,1.37,1.00
2017.12.05 22:30:00.115,9.89095,9.89694,1.37,1.00
2017.12.05 22:30:01.619,9.89099,9.89694,1.37,1.00
2017.12.05 22:30:01.985,9.89014,9.89694,1.00,1.00
2017.12.05 22:30:02.036,9.89105,9.89694,1.37,1.00
2017.12.05 22:30:08.823,9.89178,9.89694,1.37,1.00
2017.12.05 22:30:08.874,9.8895,9.89694,1.37,1.00
2017.12.05 22:30:14.725,9.89075,9.89694,1.37,1.00
2017.12.05 22:30:24.588,9.89169,9.89694,1.37,1.00
2017.12.05 22:30:37.583,9.89187,9.89694,1.37,1.00
2017.12.05 22:30:37.634,9.88995,9.89694,1.37,1.00
2017.12.05 22:30:41.772,9.88994,9.89577,1.37,1.00
2017.12.05 22:30:42.924,9.89099,9.89577,1.37,1.00
2017.12.05 22:30:43.709,9.891,9.89576,1.37,1.00
2017.12.05 22:30:44.256,9.891,9.89577,1.37,1.00
2017.12.05 22:30:52.282,9.88995,9.89576,1.37,1.00
2017.12.05 22:30:52.458,9.89065,9.89577,1.37,1.00
2017.12.05 22:30:56.926,9.89079,9.89577,1.37,1.00
2017.12.05 22:31:01.756,9.89085,9.89577,1.37,1.00
2017.12.05 22:31:01.858,9.89085,9.89694,1.37,1.00
2017.12.05 22:31:02.930,9.89099,9.89694,1.37,1.00
2017.12.05 22:31:12.460,9.88994,9.89694,1.37,1.00
2017.12.05 22:31:24.537,9.8907,9.89694,1.37,1.00
2017.12.05 22:31:25.709,9.89094,9.89694,1.37,1.00
2017.12.05 22:31:27.445,9.89094,9.89694,1.37,1.00
2017.12.05 22:31:30.112,9.891,9.89833,1.37,1.00
2017.12.05 22:31:43.418,9.89099,9.89694,1.37,1.00
2017.12.05 22:31:44.594,9.88995,9.89694,1.37,1.00
2017.12.05 22:31:56.594,9.8907,9.89694,1.37,1.00
2017.12.05 22:31:59.041,9.891,9.89694,1.37,1.00
2017.12.05 22:32:03.366,9.89085,9.89694,1.37,1.00
2017.12.05 22:32:04.838,9.8922,9.89665,1.37,1.00
2017.12.05 22:32:06.788,9.8922,9.89664,1.37,1.00
2017.12.05 22:32:12.105,9.8932,9.89684,1.37,1.00
2017.12.05 22:32:13.754,9.8932,9.89694,1.37,1.00
2017.12.05 22:32:20.755,9.8922,9.89694,1.37,1.00
2017.12.05 22:32:48.868,9.8922,9.89695,1.37,1.00
2017.12.05 22:32:56.471,9.8924,9.89695,1.37,1.00
2017.12.05 22:32:59.848,9.8924,9.89695,1.37,1.00
2017.12.05 22:33:16.119,9.89245,9.89695,1.37,1.00
2017.12.05 22:33:17.414,9.8922,9.89695,1.37,1.00
2017.12.05 22:33:17.515,9.8922,9.89664,1.37,1.00
2017.12.05 22:33:28.502,9.89245,9.89664,1.37,1.00
2017.12.05 22:33:45.369,9.89265,9.89664,1.37,1.00
2017.12.05 22:33:56.769,9.8927,9.89664,1.37,1.00
2017.12.05 22:33:58.796,9.89219,9.89664,1.37,1.00
2017.12.05 22:34:00.530,9.89255,9.89664,1.37,1.00
2017.12.05 22:34:06.717,9.8927,9.89664,1.37,1.00
2017.12.05 22:34:10.540,9.8927,9.89664,1.37,1.00
2017.12.05 22:34:20.531,9.89219,9.89664,1.37,1.00
2017.12.05 22:34:39.740,9.89265,9.89664,1.37,1.00
2017.12.05 22:34:43.829,9.89265,9.89664,1.37,1.00
2017.12.05 22:34:45.484,9.8924,9.89664,1.37,1.00
2017.12.05 22:34:46.667,9.89245,9.89664,1.37,1.00
2017.12.05 22:35:03.364,9.8922,9.89664,1.37,1.00
2017.12.05 22:35:12.431,9.89242,9.89664,1.37,1.00
2017.12.05 22:35:17.675,9.89253,9.89664,1.37,1.00
2017.12.05 22:35:19.395,9.8927,9.89664,1.37,1.00
2017.12.05 22:35:20.790,9.89275,9.89664,1.37,1.00
2017.12.05 22:35:28.185,9.89276,9.89664,1.37,1.00
2017.12.05 22:35:30.483,9.89275,9.89664,1.37,1.00
2017.12.05 22:35:36.367,9.89276,9.89664,1.37,1.00
2017.12.05 22:35:44.498,9.89277,9.89664,1.37,1.00
2017.12.05 22:35:53.355,9.89275,9.89664,1.37,1.00
2017.12.05 22:35:55.437,9.89276,9.89664,1.37,1.00
2017.12.05 22:35:57.304,9.89277,9.89664,1.37,1.00
2017.12.05 22:35:59.055,9.89277,9.89664,1.37,1.00
2017.12.05 22:36:00.446,9.89277,9.89664,1.37,1.00
2017.12.05 22:36:17.760,9.89275,9.89664,1.37,1.00
2017.12.05 22:36:31.324,9.89276,9.89664,1.37,1.00
2017.12.05 22:36:36.220,9.89274,9.89664,1.37,1.00
2017.12.05 22:36:37.340,9.89274,9.89664,1.37,1.00
2017.12.05 22:36:46.138,9.89275,9.89664,1.37,1.00
2017.12.05 22:36:48.554,9.89276,9.89664,1.37,1.00
2017.12.05 22:36:54.931,9.89275,9.89664,1.37,1.00
2017.12.05 22:36:56.698,9.89275,9.89858,1.37,1.22
2017.12.05 22:37:02.845,9.89276,9.89664,1.37,1.00
2017.12.05 22:37:08.623,9.89255,9.89664,1.37,1.00
2017.12.05 22:37:11.045,9.8926,9.89664,1.37,1.00
2017.12.05 22:37:13.027,9.89262,9.89664,1.37,1.00
2017.12.05 22:37:20.621,9.89263,9.89664,1.37,1.00
2017.12.05 22:37:37.362,9.8927,9.89664,1.37,1.00
2017.12.05 22:37:53.922,9.8923,9.89664,1.37,1.00
2017.12.05 22:37:56.465,9.8929,9.89664,1.37,1.00
2017.12.05 22:38:04.401,9.89305,9.89664,1.37,1.00
2017.12.05 22:38:05.575,9.89309,9.89664,1.37,1.00
2017.12.05 22:38:20.925,9.89285,9.89664,1.37,1.00
2017.12.05 22:38:22.784,9.89235,9.89664,1.37,1.00
2017.12.05 22:38:22.882,9.89282,9.89664,1.37,1.00
2017.12.05 22:38:22.933,9.89282,9.89664,1.37,1.00
2017.12.05 22:38:24.784,9.8926,9.89664,1.37,1.00
2017.12.05 22:38:28.457,9.89275,9.89664,1.37,1.00
2017.12.05 22:38:40.927,9.89276,9.89664,1.37,1.00
2017.12.05 22:38:45.269,9.89276,9.89664,1.37,1.00
2017.12.05 22:38:46.485,9.89276,9.89664,1.37,1.00
2017.12.05 22:38:48.493,9.89235,9.89664,1.37,1.00
2017.12.05 22:38:50.483,9.89249,9.89664,1.37,1.00
2017.12.05 22:38:50.989,9.8925,9.89664,1.37,1.00
2017.12.05 22:38:53.432,9.89265,9.89664,1.37,1.00
2017.12.05 22:38:53.484,9.893,9.89664,1.37,1.00
2017.12.05 22:38:53.535,9.893,9.89664,1.37,1.00
2017.12.05 22:38:53.586,9.893,9.89664,1.37,1.00
2017.12.05 22:38:53.869,9.89299,9.89664,1.37,1.00
2017.12.05 22:38:59.487,9.89278,9.89664,1.37,1.00
2017.12.05 22:39:00.640,9.8927,9.89664,1.37,1.00
2017.12.05 22:39:01.804,9.89274,9.89664,1.37,1.00
2017.12.05 22:39:02.973,9.89268,9.89664,1.37,1.00
2017.12.05 22:39:04.143,9.89271,9.89664,1.37,1.00
2017.12.05 22:39:14.019,9.89269,9.89664,1.37,1.00
2017.12.05 22:39:15.300,9.89272,9.89664,1.37,1.00
2017.12.05 22:39:16.725,9.89276,9.89664,1.37,1.00
2017.12.05 22:39:38.901,9.89268,9.89664,1.37,1.00
2017.12.05 22:39:44.122,9.89273,9.89664,1.37,1.00
2017.12.05 22:39:54.400,9.89296,9.89664,1.37,1.00
2017.12.05 22:39:56.506,9.89282,9.89664,1.37,1.00
2017.12.05 22:39:59.810,9.89278,9.89664,1.37,1.00
2017.12.05 22:40:02.155,9.89277,9.89664,1.37,1.00
2017.12.05 22:40:13.248,9.89282,9.89664,1.37,1.00
2017.12.05 22:40:18.584,9.89282,9.89664,1.37,1.00
2017.12.05 22:40:21.150,9.89279,9.89664,1.37,1.00
2017.12.05 22:40:22.987,9.89277,9.89664,1.37,1.00
2017.12.05 22:40:28.608,9.89277,9.89664,1.37,1.00
2017.12.05 22:40:39.366,9.89276,9.89664,1.37,1.00
2017.12.05 22:40:42.152,9.89275,9.89664,1.37,1.00
2017.12.05 22:40:45.787,9.89276,9.89664,1.37,1.00
2017.12.05 22:40:49.466,9.89282,9.89664,1.37,1.00
2017.12.05 22:40:58.692,9.89281,9.89664,1.37,1.00
2017.12.05 22:41:02.270,9.89278,9.89664,1.37,1.00
2017.12.05 22:41:04.562,9.89277,9.89664,1.37,1.00
2017.12.05 22:41:16.335,9.89277,9.89664,1.37,1.00
2017.12.05 22:41:17.615,9.89277,9.89664,1.37,1.00
2017.12.05 22:41:31.876,9.89282,9.89664,1.37,1.00
2017.12.05 22:41:35.061,9.89282,9.89664,1.37,1.00
2017.12.05 22:41:37.487,9.89278,9.89664,1.37,1.00
2017.12.05 22:41:44.471,9.89276,9.89664,1.37,1.00
2017.12.05 22:41:56.502,9.89276,9.89664,1.37,1.00
2017.12.05 22:42:04.856,9.89276,9.89664,1.37,1.00
2017.12.05 22:42:08.757,9.89277,9.89664,1.37,1.00
2017.12.05 22:42:11.797,9.8928,9.89664,1.37,1.00
2017.12.05 22:42:15.106,9.89278,9.89664,1.37,1.00
2017.12.05 22:42:20.754,9.89276,9.89664,1.37,1.00
2017.12.05 22:42:23.730,9.89276,9.89664,1.37,1.00
2017.12.05 22:42:32.533,9.89276,9.89664,1.37,1.00
2017.12.05 22:42:36.543,9.89278,9.89664,1.37,1.00
2017.12.05 22:42:39.426,9.89296,9.89664,1.37,1.00
2017.12.05 22:42:45.163,9.89286,9.89664,1.37,1.00
2017.12.05 22:42:47.482,9.89281,9.89664,1.37,1.00
2017.12.05 22:42:52.524,9.89281,9.89664,1.37,1.00
2017.12.05 22:42:54.607,9.89276,9.89664,1.37,1.00
2017.12.05 22:42:56.009,9.89276,9.89664,1.37,1.00
2017.12.05 22:43:15.449,9.89277,9.89664,1.37,1.00
2017.12.05 22:43:24.656,9.89277,9.89664,1.37,1.00
2017.12.05 22:43:30.249,9.89278,9.89664,1.37,1.00
2017.12.05 22:43:32.576,9.89276,9.89664,1.37,1.00
2017.12.05 22:43:55.875,9.89274,9.89664,1.37,1.00
2017.12.05 22:44:04.384,9.89254,9.89664,1.37,1.00
2017.12.05 22:44:05.533,9.89282,9.89664,1.37,1.00
2017.12.05 22:44:06.726,9.89273,9.89664,1.37,1.00
2017.12.05 22:44:12.555,9.89275,9.89664,1.37,1.00
2017.12.05 22:44:15.344,9.89276,9.89664,1.37,1.00
2017.12.05 22:44:54.953,9.893,9.89664,1.37,1.00
2017.12.05 22:44:58.893,9.89295,9.89664,1.37,1.00
2017.12.05 22:45:00.415,9.89305,9.89664,1.37,1.00
2017.12.05 22:45:02.730,9.8931,9.89664,1.37,1.00
2017.12.05 22:45:15.439,9.89305,9.89664,1.37,1.00
2017.12.05 22:45:24.440,9.8931,9.89664,1.37,1.00
2017.12.05 22:45:47.820,9.89305,9.89664,1.37,1.00
2017.12.05 22:46:00.396,9.8931,9.89664,1.37,1.00
2017.12.05 22:46:04.230,9.89309,9.89664,1.37,1.00
2017.12.05 22:46:16.857,9.89293,9.89664,1.37,1.00
2017.12.05 22:46:20.462,9.89291,9.89664,1.37,1.00
2017.12.05 22:46:32.429,9.89291,9.89659,1.37,1.00
2017.12.05 22:46:32.480,9.89291,9.89664,1.37,1.00
2017.12.05 22:46:39.858,9.89291,9.89661,1.37,1.00
2017.12.05 22:46:40.310,9.89291,9.89664,1.37,1.00
2017.12.05 22:46:40.512,9.89291,9.89662,1.37,1.00
2017.12.05 22:46:40.830,9.89291,9.89664,1.37,1.00
2017.12.05 22:46:41.364,9.89305,9.89664,1.37,1.00
2017.12.05 22:46:43.807,9.89301,9.89664,1.37,1.00
2017.12.05 22:46:45.147,9.89296,9.89664,1.37,1.00
2017.12.05 22:46:53.718,9.89296,9.89664,1.37,1.00
2017.12.05 22:46:56.170,9.89282,9.89664,1.37,1.00
2017.12.05 22:47:00.364,9.89286,9.89664,1.37,1.00
2017.12.05 22:47:01.932,9.89276,9.89664,1.37,1.00
2017.12.05 22:47:04.067,9.89272,9.89664,1.37,1.00
2017.12.05 22:47:08.573,9.8929,9.89664,1.37,1.00
2017.12.05 22:47:11.029,9.8928,9.89664,1.37,1.00
2017.12.05 22:47:14.118,9.89287,9.89664,1.37,1.00
2017.12.05 22:47:15.380,9.89295,9.89664,1.37,1.00
2017.12.05 22:47:17.126,9.89288,9.89664,1.37,1.00
2017.12.05 22:47:18.479,9.8929,9.89664,1.37,1.00
2017.12.05 22:47:20.263,9.893,9.89664,1.37,1.00
2017.12.05 22:47:23.338,9.89305,9.89664,1.37,1.00
2017.12.05 22:47:24.496,9.89296,9.89664,1.37,1.00
2017.12.05 22:47:38.986,9.89304,9.89664,1.37,1.00
2017.12.05 22:47:45.745,9.893,9.89664,1.37,1.00
2017.12.05 22:47:56.563,9.89301,9.89664,1.37,1.00
2017.12.05 22:47:59.293,9.893,9.89664,1.37,1.00
2017.12.05 22:48:07.745,9.89305,9.89664,1.37,1.00
2017.12.05 22:48:28.713,9.8931,9.89664,1.37,1.00
2017.12.05 22:48:34.640,9.8924,9.89664,1.37,1.00
2017.12.05 22:48:34.794,9.8931,9.89664,1.37,1.00
2017.12.05 22:48:40.083,9.89305,9.89664,1.37,1.00
2017.12.05 22:48:56.923,9.89315,9.89664,1.37,1.00
2017.12.05 22:49:09.038,9.89315,9.89664,1.37,1.00
2017.12.05 22:49:11.086,9.8932,9.89664,1.37,1.00
2017.12.05 22:49:32.486,9.8931,9.89664,1.37,1.00
2017.12.05 22:49:34.186,9.8931,9.89664,1.37,1.00
2017.12.05 22:49:40.509,9.8932,9.89664,1.37,1.00
2017.12.05 22:49:42.501,9.89325,9.89664,1.37,1.00
2017.12.05 22:49:45.983,9.89331,9.89664,1.37,1.00
2017.12.05 22:49:47.953,9.89335,9.89664,1.37,1.00
2017.12.05 22:49:48.957,9.89335,9.89744,1.37,1.00
2017.12.05 22:49:49.009,9.89335,9.89664,1.37,1.00
2017.12.05 22:50:00.511,9.89325,9.89664,1.37,1.00
2017.12.05 22:50:03.290,9.89325,9.89664,1.37,1.00
2017.12.05 22:50:16.430,9.89309,9.89664,1.37,1.00
2017.12.05 22:50:18.281,9.89315,9.89664,1.37,1.00
2017.12.05 22:50:49.062,9.89315,9.89692,1.37,1.00
2017.12.05 22:50:54.364,9.8932,9.89719,1.37,1.00
2017.12.05 22:50:54.899,9.8932,9.89726,1.37,1.00
2017.12.05 22:50:56.465,9.8932,9.89664,1.37,1.00
2017.12.05 22:51:36.451,9.8932,9.89665,1.37,1.00
2017.12.05 22:51:46.354,9.89309,9.89665,1.37,1.00
2017.12.05 22:51:48.499,9.89309,9.89665,1.37,1.00
2017.12.05 22:51:56.513,9.8932,9.89665,1.37,1.00
2017.12.05 22:52:16.422,9.8932,9.89664,1.37,1.00
2017.12.05 22:52:52.079,9.89305,9.89664,1.37,1.00
2017.12.05 22:53:00.577,9.8932,9.89664,1.37,1.00
2017.12.05 22:53:34.363,9.89315,9.89664,1.37,1.00
2017.12.05 22:53:36.449,9.89315,9.89665,1.37,1.00
2017.12.05 22:53:36.500,9.8932,9.89665,1.37,1.00
2017.12.05 22:53:48.788,9.8933,9.89665,1.37,1.00
2017.12.05 22:53:56.532,9.8932,9.89665,1.37,1.00
2017.12.05 22:54:01.502,9.89309,9.89665,1.37,1.00
2017.12.05 22:54:04.245,9.89309,9.89665,1.37,1.00
2017.12.05 22:54:05.512,9.8931,9.89665,1.37,1.00
2017.12.05 22:54:15.231,9.89315,9.89665,1.37,1.00
2017.12.05 22:54:16.422,9.89315,9.89664,1.37,1.00
2017.12.05 22:54:17.410,9.89331,9.89664,1.37,1.00
2017.12.05 22:54:19.072,9.8933,9.89664,1.37,1.00
2017.12.05 22:54:21.136,9.8932,9.89664,1.37,1.00
2017.12.05 22:54:24.615,9.8933,9.89664,1.37,1.00
2017.12.05 22:54:27.571,9.89335,9.89664,1.37,1.00
2017.12.05 22:54:28.733,9.89324,9.89664,1.37,1.00
2017.12.05 22:54:30.290,9.89315,9.89664,1.37,1.00
2017.12.05 22:54:32.225,9.8931,9.89664,1.37,1.00
2017.12.05 22:54:48.905,9.89315,9.89664,1.37,1.00
2017.12.05 22:54:55.874,9.89315,9.89674,1.37,1.00
2017.12.05 22:54:55.925,9.8932,9.89674,1.37,1.00
2017.12.05 22:55:13.630,9.8931,9.89674,1.37,1.00
2017.12.05 22:55:14.942,9.89305,9.89674,1.37,1.00
2017.12.05 22:55:16.651,9.89315,9.89674,1.37,1.00
2017.12.05 22:55:18.093,9.89322,9.89674,1.37,1.00
2017.12.05 22:55:20.193,9.89322,9.89674,1.37,1.00
2017.12.05 22:55:20.477,9.89266,9.89674,1.37,1.00
2017.12.05 22:55:21.032,9.8932,9.89674,1.37,1.00
2017.12.05 22:55:36.861,9.8933,9.89674,1.37,1.00
2017.12.05 22:55:38.442,9.8932,9.89674,1.37,1.00
2017.12.05 22:55:40.481,9.89315,9.89674,1.37,1.00
2017.12.05 22:55:43.719,9.8931,9.89674,1.37,1.00
2017.12.05 22:55:45.710,9.89305,9.89674,1.37,1.00
2017.12.05 22:55:46.802,9.89316,9.89674,1.37,1.00
2017.12.05 22:55:49.782,9.8931,9.89674,1.37,1.00
2017.12.05 22:55:53.069,9.89316,9.89674,1.37,1.00
2017.12.05 22:55:54.308,9.89335,9.89674,1.37,1.00
2017.12.05 22:55:55.510,9.8932,9.89674,1.37,1.00
2017.12.05 22:55:59.189,9.8932,9.89674,1.37,1.00
2017.12.05 22:56:00.404,9.89342,9.89674,1.37,1.00
2017.12.05 22:56:01.741,9.89325,9.89674,1.37,1.00
2017.12.05 22:56:04.061,9.8932,9.89674,1.37,1.00
2017.12.05 22:56:05.355,9.89345,9.89674,1.37,1.00
2017.12.05 22:56:06.491,9.8935,9.89674,1.37,1.00
2017.12.05 22:56:07.987,9.8936,9.89674,1.37,1.00
2017.12.05 22:56:08.095,9.8936,9.89674,1.37,1.00
2017.12.05 22:56:10.473,9.89344,9.89674,1.37,1.00
2017.12.05 22:56:16.034,9.89345,9.89674,1.37,1.00
2017.12.05 22:56:18.867,9.89347,9.89674,1.37,1.00
2017.12.05 22:56:28.544,9.89331,9.89674,1.37,1.00
2017.12.05 22:56:30.755,9.89376,9.89674,1.37,1.00
2017.12.05 22:56:31.983,9.89376,9.89674,1.37,1.00
2017.12.05 22:56:41.865,9.89376,9.89674,1.37,1.00
2017.12.05 22:56:44.987,9.89378,9.89674,1.37,1.00
2017.12.05 22:56:46.310,9.89398,9.89674,1.37,1.00
2017.12.05 22:56:51.471,9.89398,9.89674,1.37,1.00
2017.12.05 22:56:52.646,9.89398,9.89674,1.37,1.00
2017.12.05 22:56:53.753,9.89398,9.89674,1.37,1.00
2017.12.05 22:56:59.015,9.8942,9.89674,1.00,1.00
2017.12.05 22:57:00.216,9.89398,9.89674,1.37,1.00
2017.12.05 22:57:03.223,9.89353,9.89674,1.37,1.00
2017.12.05 22:57:03.274,9.89398,9.89674,1.00,1.00
2017.12.05 22:57:03.689,9.89354,9.89674,1.37,1.00
2017.12.05 22:57:04.692,9.89376,9.89674,1.37,1.00
2017.12.05 22:57:07.835,9.89376,9.89674,1.37,1.00
2017.12.05 22:57:09.058,9.89376,9.89674,1.37,1.00
2017.12.05 22:57:11.040,9.89376,9.89674,1.37,1.00
2017.12.05 22:57:24.681,9.89382,9.89674,1.37,1.00
2017.12.05 22:57:26.827,9.89384,9.89674,1.37,1.00
2017.12.05 22:57:29.318,9.89387,9.89674,1.37,1.00
2017.12.05 22:57:32.464,9.89387,9.89674,1.37,1.00
2017.12.05 22:57:35.165,9.89396,9.89674,1.37,1.00
2017.12.05 22:57:42.398,9.89402,9.89674,1.37,1.00
2017.12.05 22:57:46.966,9.89402,9.89674,1.37,1.00
2017.12.05 22:57:58.360,9.89412,9.89674,1.37,1.00
2017.12.05 22:57:59.476,9.89415,9.89674,1.37,1.00
2017.12.05 22:58:02.754,9.89416,9.89674,1.37,1.00
2017.12.05 22:58:02.855,9.89416,9.89721,1.37,1.00
2017.12.05 22:58:03.046,9.89416,9.89674,1.37,1.00
2017.12.05 22:58:04.292,9.89416,9.89674,1.87,1.00
2017.12.05 22:58:06.994,9.89416,9.89674,1.00,1.00
2017.12.05 22:58:07.045,9.89308,9.89674,1.00,1.00
2017.12.05 22:58:07.096,9.89281,9.89674,1.00,1.00
2017.12.05 22:58:09.098,9.89287,9.89674,1.00,1.00
2017.12.05 22:58:09.399,9.89308,9.89674,1.00,1.00
2017.12.05 22:59:09.575,9.89245,9.89674,1.00,1.00
2017.12.05 22:59:10.891,9.89242,9.89673,1.00,1.00
2017.12.05 22:59:25.921,9.89242,9.89674,1.00,1.00
2017.12.05 22:59:40.951,9.89245,9.89674,1.00,1.00
2017.12.05 22:59:55.984,9.89237,9.89674,1.00,1.00
2017.12.05 22:59:56.085,9.89235,9.89674,1.00,1.00
