2016.01.21 06:00:03.908,9.35716,9.36144,1.50,1.50
2016.01.21 06:00:05.929,9.35726,9.36154,1.50,1.50
2016.01.21 06:01:02.018,9.35756,9.36184,1.50,1.50
2016.01.21 06:01:02.979,9.35736,9.36164,1.50,1.50
2016.01.21 06:01:05.951,9.35756,9.36184,1.50,1.50
2016.01.21 06:01:11.034,9.35766,9.36194,1.50,1.50
2016.01.21 06:01:25.966,9.35816,9.36244,1.50,1.50
2016.01.21 06:01:28.109,9.35846,9.36274,1.50,2.25
2016.01.21 06:01:28.211,9.35846,9.36274,1.50,1.50
2016.01.21 06:01:30.064,9.35826,9.36254,1.50,1.50
2016.01.21 06:01:42.710,9.35826,9.36254,1.50,2.25
2016.01.21 06:01:43.182,9.35826,9.36254,1.50,1.87
2016.01.21 06:01:43.992,9.35816,9.36244,1.50,1.87
2016.01.21 06:01:46.257,9.35816,9.36244,1.50,1.50
2016.01.21 06:01:49.082,9.35806,9.36234,1.50,1.50
2016.01.21 06:01:50.220,9.35806,9.36234,1.50,1.87
2016.01.21 06:01:50.772,9.35806,9.36234,1.50,1.50
2016.01.21 06:01:51.016,9.35816,9.36244,1.50,1.57
2016.01.21 06:01:53.027,9.35806,9.36234,1.50,1.50
2016.01.21 06:01:56.113,9.35776,9.36204,1.50,1.50
2016.01.21 06:01:57.185,9.35766,9.36194,1.50,1.50
2016.01.21 06:01:58.079,9.35776,9.36204,1.50,1.50
2016.01.21 06:01:58.458,9.35776,9.36204,1.50,1.57
2016.01.21 06:01:58.785,9.35776,9.36204,1.50,1.57
2016.01.21 06:01:59.089,9.35746,9.36174,1.50,1.50
2016.01.21 06:01:59.377,9.35706,9.36134,1.50,1.50
2016.01.21 06:02:01.245,9.35686,9.36114,1.50,1.50
2016.01.21 06:02:03.225,9.35676,9.36104,1.50,1.50
2016.01.21 06:02:04.059,9.35676,9.36104,1.50,2.25
2016.01.21 06:02:04.215,9.35666,9.36094,1.50,1.50
2016.01.21 06:02:15.328,9.35656,9.36084,1.50,1.50
2016.01.21 06:02:17.320,9.35636,9.36064,1.50,1.50
2016.01.21 06:02:31.274,9.35646,9.36074,1.50,1.50
2016.01.21 06:02:32.274,9.35666,9.36094,1.50,1.50
2016.01.21 06:02:38.322,9.35646,9.36074,1.50,1.50
2016.01.21 06:02:39.722,9.35646,9.36074,1.50,1.57
2016.01.21 06:02:40.322,9.35626,9.36054,2.25,1.50
2016.01.21 06:02:50.305,9.35596,9.36024,1.50,1.50
2016.01.21 06:02:51.295,9.35616,9.36044,1.50,1.50
2016.01.21 06:02:57.425,9.35606,9.36034,1.50,1.50
2016.01.21 06:02:58.334,9.35616,9.36044,1.50,1.50
2016.01.21 06:03:32.453,9.35595,9.36025,1.50,1.50
2016.01.21 06:03:33.436,9.35616,9.36044,1.50,1.50
2016.01.21 06:03:35.403,9.35606,9.36034,1.50,1.50
2016.01.21 06:03:43.468,9.35616,9.36044,1.50,1.50
2016.01.21 06:03:46.434,9.35586,9.36014,1.50,1.50
2016.01.21 06:04:02.470,9.35606,9.36034,1.50,1.50
2016.01.21 06:04:07.571,9.35596,9.36024,1.50,1.50
2016.01.21 06:04:33.509,9.35606,9.36034,1.50,1.50
2016.01.21 06:05:08.470,9.35616,9.36044,1.50,1.50
2016.01.21 06:05:51.599,9.35626,9.36054,1.50,1.50
2016.01.21 06:05:59.613,9.35636,9.36064,1.50,1.50
2016.01.21 06:06:02.609,9.35656,9.36084,1.50,1.50
2016.01.21 06:06:07.552,9.35696,9.36124,1.50,1.50
2016.01.21 06:06:09.658,9.35716,9.36144,1.50,1.50
2016.01.21 06:06:16.573,9.35726,9.36154,1.50,1.50
2016.01.21 06:06:28.763,9.35716,9.36144,1.50,1.50
2016.01.21 06:06:29.643,9.35706,9.36134,1.50,1.50
2016.01.21 06:06:30.639,9.35696,9.36124,1.50,1.50
2016.01.21 06:06:31.630,9.35706,9.36134,1.50,1.50
2016.01.21 06:07:31.752,9.35656,9.36234,1.07,1.87
2016.01.21 06:08:27.128,9.35606,9.36175,1.75,1.00
2016.01.21 06:08:27.450,9.35606,9.36175,1.50,1.75
2016.01.21 06:08:27.602,9.35596,9.36175,1.00,1.75
2016.01.21 06:08:27.830,9.35666,9.36094,1.50,1.50
2016.01.21 06:08:28.783,9.35656,9.36084,1.50,1.50
2016.01.21 06:08:30.190,9.35656,9.36084,1.50,1.57
2016.01.21 06:08:31.371,9.35656,9.36084,1.50,2.25
2016.01.21 06:08:32.167,9.35656,9.36084,1.50,1.87
2016.01.21 06:08:35.913,9.35656,9.36084,1.50,2.25
2016.01.21 06:08:36.216,9.35656,9.36084,1.50,1.87
2016.01.21 06:08:39.423,9.35656,9.36084,1.50,2.25
2016.01.21 06:08:39.976,9.35656,9.36084,1.50,1.87
2016.01.21 06:08:41.165,9.35656,9.36084,1.50,2.25
2016.01.21 06:08:41.540,9.35656,9.36084,1.50,1.87
2016.01.21 06:08:42.390,9.35656,9.36084,1.50,2.25
2016.01.21 06:08:42.940,9.35656,9.36084,1.50,1.87
2016.01.21 06:08:44.689,9.35656,9.36084,1.50,2.25
2016.01.21 06:08:45.198,9.35656,9.36084,1.50,1.87
2016.01.21 06:09:01.986,9.35656,9.36084,1.50,2.25
2016.01.21 06:09:06.900,9.35656,9.36084,1.50,2.25
2016.01.21 06:09:07.120,9.35656,9.36084,1.50,1.87
2016.01.21 06:09:28.805,9.35615,9.36104,1.00,1.37
2016.01.21 06:09:38.265,9.35626,9.36114,1.00,1.75
2016.01.21 06:09:41.901,9.35606,9.36124,1.00,1.75
2016.01.21 06:09:42.550,9.35626,9.36144,1.00,1.75
2016.01.21 06:09:42.915,9.35626,9.36154,1.50,1.75
2016.01.21 06:09:43.143,9.35606,9.36174,1.00,3.00
2016.01.21 06:09:46.839,9.35596,9.36164,1.50,1.75
2016.01.21 06:09:48.268,9.35606,9.36174,1.00,3.00
2016.01.21 06:09:48.601,9.35626,9.36174,1.00,2.25
2016.01.21 06:09:50.101,9.35636,9.36174,1.00,2.25
2016.01.21 06:09:50.597,9.35626,9.36174,1.00,2.25
2016.01.21 06:09:50.699,9.35626,9.36175,1.75,2.25
2016.01.21 06:09:50.801,9.35636,9.36174,1.00,2.25
2016.01.21 06:09:51.134,9.35696,9.36124,1.57,1.50
2016.01.21 06:09:51.578,9.35696,9.36124,2.17,1.50
2016.01.21 06:09:51.902,9.35746,9.36174,1.50,1.50
2016.01.21 06:09:54.232,9.35746,9.36174,1.87,1.50
2016.01.21 06:09:54.650,9.35756,9.36174,1.00,1.50
2016.01.21 06:09:54.827,9.35766,9.36194,1.50,1.50
2016.01.21 06:09:55.850,9.35756,9.36184,1.50,1.50
2016.01.21 06:09:57.952,9.35746,9.36174,2.25,1.50
2016.01.21 06:09:58.621,9.35746,9.36174,2.62,1.50
2016.01.21 06:09:58.925,9.35756,9.36184,1.87,1.50
2016.01.21 06:09:59.744,9.35756,9.36184,1.50,1.50
2016.01.21 06:09:59.947,9.35756,9.36184,1.50,1.57
2016.01.21 06:10:00.824,9.35756,9.36184,2.25,1.50
2016.01.21 06:10:01.614,9.35765,9.36184,1.00,1.50
2016.01.21 06:10:02.655,9.35766,9.36184,1.00,1.50
2016.01.21 06:10:03.596,9.35776,9.36184,1.00,1.50
2016.01.21 06:10:04.590,9.35766,9.36184,1.50,1.50
2016.01.21 06:10:04.854,9.35766,9.36194,3.00,1.50
2016.01.21 06:10:06.089,9.35776,9.36194,1.00,1.50
2016.01.21 06:10:06.932,9.35776,9.36204,2.25,1.50
2016.01.21 06:10:16.202,9.35776,9.36204,1.50,1.87
2016.01.21 06:10:16.506,9.35776,9.36204,1.50,1.57
2016.01.21 06:10:16.811,9.35776,9.36204,1.50,1.87
2016.01.21 06:10:16.862,9.35776,9.36204,1.50,1.57
2016.01.21 06:10:17.047,9.35746,9.36174,1.50,1.50
2016.01.21 06:10:17.929,9.35726,9.36154,1.50,1.50
2016.01.21 06:10:18.919,9.35716,9.36144,1.50,1.50
2016.01.21 06:10:20.908,9.35706,9.36134,1.50,1.50
2016.01.21 06:10:24.978,9.35716,9.36144,1.50,1.50
2016.01.21 06:10:25.989,9.35725,9.36155,1.50,1.50
2016.01.21 06:10:38.130,9.35726,9.36155,1.00,1.50
2016.01.21 06:10:38.949,9.35726,9.36144,1.00,1.50
2016.01.21 06:10:40.135,9.35716,9.36144,2.25,1.50
2016.01.21 06:10:40.360,9.35726,9.36144,1.00,1.50
2016.01.21 06:10:40.965,9.35726,9.36154,2.25,1.50
2016.01.21 06:10:44.045,9.35695,9.36125,1.50,1.50
2016.01.21 06:10:45.129,9.35716,9.36144,1.50,1.50
2016.01.21 06:11:31.120,9.35706,9.36134,1.50,1.50
2016.01.21 06:11:31.440,9.35676,9.36104,1.50,1.50
2016.01.21 06:11:31.750,9.35646,9.36074,1.50,1.50
2016.01.21 06:11:32.617,9.35656,9.36084,1.50,1.50
2016.01.21 06:11:41.641,9.35686,9.36114,1.50,1.50
2016.01.21 06:11:42.661,9.35655,9.36085,1.50,1.50
2016.01.21 06:11:43.725,9.35646,9.36074,1.50,1.50
2016.01.21 06:11:44.639,9.35636,9.36064,1.50,1.50
2016.01.21 06:11:45.641,9.35626,9.36054,1.50,1.50
2016.01.21 06:12:24.688,9.35636,9.36064,1.50,1.50
2016.01.21 06:12:33.711,9.35656,9.36084,1.50,1.50
2016.01.21 06:12:34.822,9.35636,9.36065,1.00,1.50
2016.01.21 06:12:35.586,9.35635,9.36065,1.50,1.50
2016.01.21 06:12:36.576,9.35636,9.36065,1.00,1.50
2016.01.21 06:12:37.696,9.35635,9.36065,1.50,1.50
2016.01.21 06:12:38.596,9.35636,9.36065,1.00,1.50
2016.01.21 06:12:38.646,9.35646,9.36065,1.00,1.50
2016.01.21 06:12:39.647,9.35635,9.36065,1.50,1.50
2016.01.21 06:12:39.748,9.35656,9.36084,1.50,1.50
2016.01.21 06:13:39.734,9.35626,9.36134,1.00,1.75
2016.01.21 06:13:39.826,9.35636,9.36154,1.00,3.00
2016.01.21 06:13:40.895,9.35656,9.36154,1.00,3.00
2016.01.21 06:13:41.627,9.35656,9.36155,1.50,2.25
2016.01.21 06:13:41.880,9.35686,9.36114,1.50,1.50
2016.01.21 06:13:42.350,9.35696,9.36114,1.00,1.50
2016.01.21 06:13:42.860,9.35716,9.36114,1.00,1.50
2016.01.21 06:13:42.911,9.35716,9.36144,2.32,1.50
2016.01.21 06:13:43.677,9.35716,9.36144,2.25,1.50
2016.01.21 06:13:43.880,9.35726,9.36154,1.50,1.50
2016.01.21 06:13:44.880,9.35706,9.36134,1.50,1.50
2016.01.21 06:13:45.876,9.35696,9.36124,1.50,1.50
2016.01.21 06:13:46.850,9.35726,9.36154,1.50,1.50
2016.01.21 06:13:48.991,9.35726,9.36154,1.87,1.50
2016.01.21 06:13:49.335,9.35726,9.36154,2.25,1.50
2016.01.21 06:13:49.638,9.35726,9.36154,1.87,1.50
2016.01.21 06:13:49.794,9.35746,9.36174,1.57,1.50
2016.01.21 06:13:50.934,9.35766,9.36194,1.57,1.50
2016.01.21 06:13:51.891,9.35746,9.36174,1.57,1.50
2016.01.21 06:13:51.943,9.35746,9.36174,1.50,1.50
2016.01.21 06:13:59.832,9.35766,9.36194,1.50,1.50
2016.01.21 06:14:01.044,9.35776,9.36204,1.50,1.50
2016.01.21 06:14:02.915,9.35795,9.36225,1.50,1.50
2016.01.21 06:14:03.615,9.35881,9.36225,1.00,1.50
2016.01.21 06:14:03.826,9.35796,9.36225,1.00,1.50
2016.01.21 06:14:03.877,9.35816,9.36244,1.50,1.50
2016.01.21 06:14:05.871,9.35806,9.36234,1.50,1.50
2016.01.21 06:14:08.872,9.35826,9.36254,1.50,1.50
2016.01.21 06:14:09.462,9.35826,9.36254,1.50,1.57
2016.01.21 06:14:09.786,9.35826,9.36254,1.50,1.50
2016.01.21 06:14:09.837,9.35796,9.36224,1.50,1.50
2016.01.21 06:14:11.645,9.35796,9.362,1.50,1.00
2016.01.21 06:14:11.837,9.35796,9.36224,1.50,1.50
2016.01.21 06:14:19.686,9.35796,9.36224,1.57,1.50
2016.01.21 06:14:19.838,9.35846,9.36274,1.50,1.50
2016.01.21 06:14:19.991,9.35846,9.36274,1.57,1.50
2016.01.21 06:14:20.400,9.35916,9.36344,1.50,1.50
2016.01.21 06:14:21.402,9.35896,9.36324,1.50,1.50
2016.01.21 06:14:22.365,9.35905,9.36335,1.50,1.50
2016.01.21 06:14:23.359,9.35896,9.36324,1.50,1.50
2016.01.21 06:14:23.817,9.35946,9.36374,1.50,1.50
2016.01.21 06:14:25.777,9.35956,9.36384,1.50,1.50
2016.01.21 06:14:26.261,9.35956,9.36384,2.25,1.50
2016.01.21 06:14:26.363,9.35956,9.36384,2.25,1.50
2016.01.21 06:14:26.566,9.36036,9.36464,1.50,1.50
2016.01.21 06:14:26.920,9.36036,9.36464,1.87,1.50
2016.01.21 06:14:27.148,9.36036,9.36464,1.50,1.50
2016.01.21 06:14:27.548,9.36046,9.36474,1.50,1.50
2016.01.21 06:14:28.461,9.36046,9.36474,2.25,1.50
2016.01.21 06:14:28.563,9.36066,9.36494,2.25,1.50
2016.01.21 06:14:29.364,9.36066,9.36494,1.50,1.50
2016.01.21 06:14:29.563,9.36066,9.36494,1.57,1.50
2016.01.21 06:14:29.614,9.36106,9.36534,1.50,1.50
2016.01.21 06:14:30.603,9.36086,9.36514,1.50,1.50
2016.01.21 06:14:32.447,9.36086,9.36514,1.87,1.50
2016.01.21 06:14:32.651,9.36086,9.36514,1.50,1.50
2016.01.21 06:14:34.432,9.36086,9.36514,1.87,1.50
2016.01.21 06:14:34.535,9.36086,9.36514,1.50,1.50
2016.01.21 06:14:34.586,9.36096,9.36524,1.50,1.50
2016.01.21 06:14:34.948,9.36096,9.36524,1.57,1.50
2016.01.21 06:14:35.304,9.36096,9.36524,1.87,1.50
2016.01.21 06:14:35.558,9.36116,9.36544,1.87,1.50
2016.01.21 06:14:36.187,9.36116,9.36544,1.50,1.50
2016.01.21 06:14:36.563,9.36126,9.36554,1.50,1.50
2016.01.21 06:14:36.890,9.36126,9.36525,1.50,1.00
2016.01.21 06:14:37.013,9.36126,9.36554,1.50,1.50
2016.01.21 06:14:37.571,9.36095,9.36525,1.50,1.50
2016.01.21 06:14:38.547,9.36116,9.36544,1.50,1.50
2016.01.21 06:14:46.418,9.36116,9.36544,1.50,1.57
2016.01.21 06:14:46.571,9.36086,9.36514,1.50,1.50
2016.01.21 06:14:47.759,9.36086,9.36514,1.50,1.57
2016.01.21 06:14:48.423,9.36086,9.36514,1.50,1.50
2016.01.21 06:14:49.654,9.36106,9.36534,1.50,1.50
2016.01.21 06:14:50.621,9.36106,9.36534,2.25,1.50
2016.01.21 06:14:50.672,9.36126,9.36554,1.87,1.50
2016.01.21 06:14:50.723,9.36126,9.36554,2.25,1.50
2016.01.21 06:14:50.985,9.36196,9.36624,1.87,1.50
2016.01.21 06:14:51.036,9.36196,9.36624,2.25,1.50
2016.01.21 06:14:51.289,9.36246,9.36674,1.87,1.50
2016.01.21 06:14:51.700,9.36246,9.36674,1.50,1.50
2016.01.21 06:14:51.852,9.36196,9.36624,1.50,1.50
2016.01.21 06:14:52.179,9.36196,9.36624,1.50,1.57
2016.01.21 06:14:52.483,9.36196,9.36624,1.50,3.37
2016.01.21 06:14:52.685,9.36196,9.36624,1.50,1.50
2016.01.21 06:14:52.837,9.36156,9.36584,1.50,1.50
2016.01.21 06:14:53.141,9.36156,9.36584,1.87,1.50
2016.01.21 06:14:53.816,9.36186,9.36614,1.57,1.50
2016.01.21 06:14:53.918,9.36186,9.36614,1.50,1.50
2016.01.21 06:14:55.173,9.36156,9.36584,1.50,1.50
2016.01.21 06:14:56.086,9.36156,9.36584,1.87,1.50
2016.01.21 06:14:56.137,9.36176,9.36604,1.57,1.50
2016.01.21 06:14:57.194,9.36176,9.36604,1.50,1.50
2016.01.21 06:14:57.405,9.36176,9.36604,1.57,1.50
2016.01.21 06:14:57.710,9.36176,9.36524,1.50,1.00
2016.01.21 06:14:57.913,9.36056,9.36464,1.00,1.50
2016.01.21 06:14:58.116,9.36036,9.36464,1.50,1.50
2016.01.21 06:14:58.293,9.36036,9.36464,1.50,1.87
2016.01.21 06:14:58.345,9.35996,9.36424,1.50,1.57
2016.01.21 06:14:58.803,9.35966,9.36394,1.50,1.50
2016.01.21 06:14:59.391,9.35966,9.36394,1.50,2.25
2016.01.21 06:15:00.035,9.35966,9.36394,1.50,1.50
2016.01.21 06:15:01.142,9.35966,9.36369,1.50,1.07
2016.01.21 06:15:01.294,9.35875,9.36305,1.50,1.50
2016.01.21 06:15:01.598,9.35875,9.36305,1.50,1.87
2016.01.21 06:15:02.139,9.35875,9.36305,1.50,1.87
2016.01.21 06:15:02.190,9.35816,9.36244,1.50,1.57
2016.01.21 06:15:03.190,9.35806,9.36234,1.50,1.50
2016.01.21 06:15:03.897,9.35806,9.36234,1.50,1.87
2016.01.21 06:15:05.263,9.35816,9.36244,1.50,1.87
2016.01.21 06:15:08.854,9.35816,9.36244,1.50,1.57
2016.01.21 06:15:09.077,9.35816,9.36244,1.50,1.87
2016.01.21 06:15:09.428,9.35826,9.36254,1.50,1.87
2016.01.21 06:15:12.947,9.35826,9.36254,1.50,1.57
2016.01.21 06:15:13.190,9.35836,9.36264,1.50,1.57
2016.01.21 06:15:13.793,9.35836,9.36264,1.50,1.50
2016.01.21 06:15:33.210,9.35826,9.36254,1.50,1.50
2016.01.21 06:15:34.217,9.35836,9.36264,1.50,1.50
2016.01.21 06:15:46.146,9.35836,9.36264,1.50,1.57
2016.01.21 06:15:46.454,9.35826,9.36254,1.50,1.87
2016.01.21 06:15:46.715,9.35826,9.36254,1.50,1.57
2016.01.21 06:15:47.283,9.35806,9.36234,1.50,1.50
2016.01.21 06:15:48.121,9.35806,9.36234,1.50,1.87
2016.01.21 06:15:48.273,9.35786,9.36214,1.50,1.57
2016.01.21 06:15:48.324,9.35786,9.36214,1.50,1.87
2016.01.21 06:15:49.298,9.35756,9.36184,1.50,1.57
2016.01.21 06:15:49.551,9.35756,9.36184,1.50,1.50
2016.01.21 06:15:50.369,9.35736,9.36164,1.50,1.50
2016.01.21 06:15:50.673,9.35736,9.36164,1.50,1.57
2016.01.21 06:15:52.185,9.35736,9.36164,1.50,1.50
2016.01.21 06:15:53.233,9.35756,9.36184,1.50,1.50
2016.01.21 06:15:54.347,9.35766,9.36194,1.50,1.57
2016.01.21 06:16:00.282,9.35756,9.36184,1.50,1.50
2016.01.21 06:16:07.763,9.35646,9.36214,3.37,1.57
2016.01.21 06:16:08.759,9.35736,9.36164,1.50,1.50
2016.01.21 06:16:11.776,9.35746,9.36174,1.50,1.50
2016.01.21 06:16:15.783,9.35766,9.36194,1.50,1.57
2016.01.21 06:16:18.515,9.35676,9.36225,1.50,1.87
2016.01.21 06:16:19.081,9.35655,9.36225,1.57,1.87
2016.01.21 06:16:19.546,9.35755,9.36185,1.50,1.50
2016.01.21 06:16:22.505,9.35746,9.36174,1.50,1.50
2016.01.21 06:16:23.762,9.35746,9.36174,1.50,1.57
2016.01.21 06:16:24.566,9.35736,9.36164,1.50,1.57
2016.01.21 06:16:25.083,9.35736,9.36164,1.50,1.57
2016.01.21 06:16:26.556,9.35716,9.36144,1.50,1.50
2016.01.21 06:16:28.543,9.35696,9.36124,1.50,1.50
2016.01.21 06:16:29.535,9.35706,9.36134,1.50,1.50
2016.01.21 06:16:31.524,9.35696,9.36124,1.50,1.50
2016.01.21 06:16:33.511,9.35706,9.36134,1.50,1.50
2016.01.21 06:16:42.648,9.35716,9.36144,1.50,1.50
2016.01.21 06:16:45.154,9.35716,9.36144,1.50,1.57
2016.01.21 06:16:45.586,9.35696,9.36124,1.50,1.50
2016.01.21 06:16:46.863,9.35696,9.36124,1.50,1.57
2016.01.21 06:16:47.259,9.35676,9.36104,1.50,1.50
2016.01.21 06:16:50.243,9.35686,9.36114,1.50,1.50
2016.01.21 06:16:51.193,9.35706,9.36134,1.50,1.50
2016.01.21 06:16:53.230,9.35716,9.36144,1.50,1.50
2016.01.21 06:16:56.260,9.35736,9.36164,1.50,1.50
2016.01.21 06:16:57.240,9.35716,9.36144,1.50,1.50
2016.01.21 06:16:58.354,9.35726,9.36154,1.50,1.50
2016.01.21 06:17:01.206,9.35756,9.36184,1.50,1.50
2016.01.21 06:17:01.942,9.35756,9.36184,1.50,1.57
2016.01.21 06:17:02.196,9.35726,9.36154,1.50,1.50
2016.01.21 06:17:03.192,9.35736,9.36164,1.50,1.50
2016.01.21 06:17:04.857,9.35736,9.36164,1.95,1.50
2016.01.21 06:17:05.060,9.35786,9.36214,1.50,1.50
2016.01.21 06:17:05.993,9.35786,9.36214,1.50,1.57
2016.01.21 06:17:06.095,9.35806,9.36234,1.50,1.50
2016.01.21 06:17:07.069,9.35816,9.36244,1.50,1.50
2016.01.21 06:17:09.002,9.35806,9.36234,1.50,1.50
2016.01.21 06:17:10.987,9.35806,9.36234,1.50,1.87
2016.01.21 06:17:11.296,9.35806,9.36234,1.50,1.87
2016.01.21 06:17:11.347,9.35766,9.36194,1.50,1.57
2016.01.21 06:17:11.398,9.35766,9.36194,1.50,1.50
2016.01.21 06:17:17.033,9.35676,9.36244,1.50,1.87
2016.01.21 06:17:18.023,9.35765,9.36195,1.50,1.50
2016.01.21 06:17:19.058,9.35756,9.36184,1.50,1.50
2016.01.21 06:17:22.041,9.35765,9.36195,1.50,1.50
2016.01.21 06:17:30.117,9.35756,9.36184,1.50,1.50
2016.01.21 06:17:33.089,9.35766,9.36194,1.50,1.50
2016.01.21 06:17:34.031,9.35776,9.36204,1.50,1.50
2016.01.21 06:17:37.154,9.35766,9.36194,1.50,1.50
2016.01.21 06:17:37.683,9.35796,9.36224,1.50,1.50
2016.01.21 06:17:38.667,9.35776,9.36204,1.50,1.50
2016.01.21 06:17:40.677,9.35796,9.36224,1.50,1.50
2016.01.21 06:17:41.765,9.35816,9.36244,1.50,1.50
2016.01.21 06:17:42.071,9.35816,9.36244,1.50,1.57
2016.01.21 06:17:42.650,9.35755,9.36185,1.50,1.50
2016.01.21 06:17:44.595,9.35775,9.36205,1.50,1.50
2016.01.21 06:17:49.718,9.35756,9.36184,1.50,1.50
2016.01.21 06:17:50.894,9.35756,9.36184,1.50,1.87
2016.01.21 06:17:51.687,9.35756,9.36184,1.50,1.50
2016.01.21 06:17:52.642,9.35726,9.36154,1.50,1.50
2016.01.21 06:17:53.645,9.35736,9.36164,1.50,1.50
2016.01.21 06:17:54.631,9.35746,9.36174,1.50,1.50
2016.01.21 06:17:56.588,9.35756,9.36184,1.50,1.50
2016.01.21 06:17:57.572,9.35726,9.36154,1.50,1.50
2016.01.21 06:18:13.670,9.35706,9.36134,1.50,1.50
2016.01.21 06:18:14.661,9.35726,9.36154,1.50,1.50
2016.01.21 06:18:33.695,9.35746,9.36174,1.50,1.50
2016.01.21 06:18:57.813,9.35716,9.36144,1.50,1.50
2016.01.21 06:18:58.729,9.35746,9.36174,1.50,1.50
2016.01.21 06:19:00.741,9.35726,9.36154,1.50,1.50
2016.01.21 06:19:08.740,9.35716,9.36144,1.50,1.50
2016.01.21 06:19:09.729,9.35736,9.36164,1.50,1.50
2016.01.21 06:19:10.733,9.35746,9.36174,1.50,1.50
2016.01.21 06:19:17.805,9.35736,9.36164,1.50,1.50
2016.01.21 06:19:20.744,9.35766,9.36194,1.50,1.50
2016.01.21 06:19:21.208,9.35726,9.36154,1.50,1.50
2016.01.21 06:19:35.274,9.35736,9.36164,1.50,1.50
2016.01.21 06:19:51.234,9.35726,9.36154,1.87,1.50
2016.01.21 06:19:54.099,9.35746,9.36154,1.37,1.50
2016.01.21 06:19:54.314,9.35755,9.36185,1.87,1.50
2016.01.21 06:19:54.416,9.35768,9.36185,1.12,1.50
2016.01.21 06:19:55.299,9.35776,9.36204,2.25,1.50
2016.01.21 06:19:55.652,9.35786,9.36204,1.50,1.50
2016.01.21 06:19:57.425,9.35776,9.36204,3.75,1.50
2016.01.21 06:19:57.716,9.35776,9.36204,3.00,1.50
2016.01.21 06:19:57.919,9.35796,9.36204,1.00,1.50
2016.01.21 06:19:58.238,9.35796,9.36215,1.00,1.50
2016.01.21 06:20:02.200,9.35796,9.36224,2.25,1.50
2016.01.21 06:20:07.953,9.35806,9.36224,1.00,1.50
2016.01.21 06:20:12.321,9.35816,9.36244,1.50,1.50
2016.01.21 06:20:18.283,9.35816,9.36234,1.00,1.50
2016.01.21 06:20:21.159,9.35826,9.36234,1.00,1.50
2016.01.21 06:20:21.362,9.35826,9.36254,2.25,1.50
2016.01.21 06:20:21.882,9.35846,9.36254,1.00,1.50
2016.01.21 06:20:22.186,9.35826,9.36254,2.25,1.50
2016.01.21 06:20:22.338,9.35835,9.36265,1.50,1.50
2016.01.21 06:20:23.913,9.35846,9.36265,1.00,1.50
2016.01.21 06:20:24.209,9.35835,9.36265,1.50,1.50
2016.01.21 06:20:25.334,9.35846,9.36274,1.50,1.50
2016.01.21 06:20:27.212,9.35866,9.36274,1.00,1.50
2016.01.21 06:20:31.478,9.35856,9.36284,1.50,1.50
2016.01.21 06:20:32.391,9.35866,9.36284,1.00,1.50
2016.01.21 06:20:32.888,9.35856,9.36284,1.50,1.50
2016.01.21 06:20:33.892,9.35865,9.36284,1.00,1.50
2016.01.21 06:20:35.348,9.35876,9.36304,1.50,1.50
2016.01.21 06:20:48.291,9.35886,9.36314,1.50,1.50
2016.01.21 06:20:49.314,9.35906,9.36334,1.50,1.50
2016.01.21 06:20:49.653,9.35876,9.36294,1.10,1.50
2016.01.21 06:20:49.965,9.35886,9.36294,1.00,1.50
2016.01.21 06:20:50.618,9.35896,9.36294,1.00,1.50
2016.01.21 06:20:55.549,9.35896,9.36324,2.25,1.50
2016.01.21 06:20:58.237,9.35906,9.36324,1.00,1.50
2016.01.21 06:20:58.553,9.35896,9.36324,2.25,1.50
2016.01.21 06:21:08.139,9.35906,9.36324,1.00,1.50
2016.01.21 06:21:08.472,9.35916,9.36324,1.00,1.50
2016.01.21 06:21:13.501,9.35916,9.36344,2.25,1.50
2016.01.21 06:21:14.579,9.35936,9.36364,1.50,1.50
2016.01.21 06:21:20.904,9.35946,9.36364,1.00,1.50
2016.01.21 06:21:21.509,9.35946,9.36374,2.25,1.50
2016.01.21 06:21:23.391,9.35956,9.36374,1.00,1.50
2016.01.21 06:21:23.731,9.35956,9.36374,1.37,1.50
2016.01.21 06:21:24.591,9.35976,9.36404,1.50,1.50
2016.01.21 06:21:28.577,9.35986,9.36414,1.50,1.50
2016.01.21 06:21:29.582,9.35976,9.36404,1.50,1.50
2016.01.21 06:21:38.602,9.35996,9.36424,1.50,1.50
2016.01.21 06:21:38.940,9.35996,9.36424,1.87,1.50
2016.01.21 06:21:39.143,9.35996,9.36424,1.57,1.50
2016.01.21 06:21:40.028,9.35996,9.36424,1.87,1.50
2016.01.21 06:21:40.384,9.36005,9.36424,1.07,1.50
2016.01.21 06:21:40.486,9.35996,9.36424,1.50,1.50
2016.01.21 06:21:40.587,9.36006,9.36434,1.50,1.50
2016.01.21 06:21:41.481,9.36006,9.36434,1.57,1.50
2016.01.21 06:21:51.573,9.35996,9.36424,1.87,1.50
2016.01.21 06:22:25.596,9.35996,9.36424,1.50,1.50
2016.01.21 06:22:34.657,9.35986,9.36414,1.50,1.50
2016.01.21 06:22:35.648,9.35966,9.36394,1.50,1.50
2016.01.21 06:22:36.733,9.35936,9.36364,1.50,1.50
2016.01.21 06:22:38.620,9.35916,9.36344,1.50,1.50
2016.01.21 06:23:31.210,9.35956,9.36274,1.00,1.00
2016.01.21 06:23:32.746,9.35956,9.36264,1.00,1.00
2016.01.21 06:23:37.497,9.35946,9.36264,1.00,1.00
2016.01.21 06:23:38.709,9.35956,9.36264,1.00,1.00
2016.01.21 06:23:44.904,9.35946,9.36264,1.00,1.00
2016.01.21 06:23:46.073,9.35955,9.36275,1.00,1.00
2016.01.21 06:23:48.383,9.35956,9.36264,1.00,1.00
2016.01.21 06:24:00.490,9.35966,9.36274,1.00,1.00
2016.01.21 06:24:02.909,9.35956,9.36274,1.00,1.00
2016.01.21 06:24:04.006,9.35966,9.36274,1.00,1.00
2016.01.21 06:24:05.207,9.35976,9.36254,1.00,1.00
2016.01.21 06:24:31.499,9.35986,9.36264,1.00,1.00
2016.01.21 06:24:38.897,9.35995,9.36275,1.00,1.00
2016.01.21 06:24:39.618,9.35995,9.36275,1.22,1.00
2016.01.21 06:24:39.669,9.36026,9.36304,1.22,1.00
2016.01.21 06:24:39.873,9.36036,9.36354,1.00,1.00
2016.01.21 06:24:41.056,9.36046,9.36354,1.00,1.00
2016.01.21 06:24:45.785,9.36036,9.36344,1.00,1.00
2016.01.21 06:24:46.926,9.36046,9.36354,1.00,1.00
2016.01.21 06:24:50.404,9.36036,9.36344,1.00,1.00
2016.01.21 06:24:52.714,9.36026,9.36364,1.00,1.00
2016.01.21 06:24:57.444,9.36026,9.36354,1.00,1.00
2016.01.21 06:24:58.654,9.36026,9.36364,1.00,1.00
2016.01.21 06:25:00.965,9.36036,9.36354,1.00,1.00
2016.01.21 06:25:04.487,9.36036,9.36344,1.00,1.00
2016.01.21 06:25:11.880,9.36026,9.36334,1.00,1.00
2016.01.21 06:25:14.166,9.36026,9.36344,1.00,1.00
2016.01.21 06:25:15.392,9.36036,9.36344,1.00,1.00
2016.01.21 06:25:20.147,9.36026,9.36344,1.00,1.00
2016.01.21 06:25:21.356,9.36036,9.36344,1.00,1.00
2016.01.21 06:25:45.740,9.36016,9.36334,1.00,1.00
2016.01.21 06:25:46.977,9.36046,9.36324,1.00,1.00
2016.01.21 06:25:59.502,9.36036,9.36334,1.00,1.00
2016.01.21 06:26:03.146,9.36026,9.36324,1.00,1.00
2016.01.21 06:26:04.133,9.36036,9.36334,1.00,1.00
2016.01.21 06:26:05.359,9.36026,9.36324,1.00,1.00
2016.01.21 06:26:06.574,9.36036,9.36334,1.00,1.00
2016.01.21 06:26:16.132,9.36026,9.36324,1.00,1.00
2016.01.21 06:26:17.399,9.36036,9.36334,1.00,1.00
2016.01.21 06:26:18.444,9.36036,9.36324,1.00,1.00
2016.01.21 06:26:22.489,9.36036,9.36314,1.00,1.00
2016.01.21 06:26:22.946,9.36056,9.36334,1.00,1.00
2016.01.21 06:26:24.037,9.36046,9.36324,1.00,1.00
2016.01.21 06:26:25.224,9.36046,9.36334,1.00,1.00
2016.01.21 06:26:25.925,9.36026,9.36314,1.00,1.00
2016.01.21 06:26:26.874,9.35996,9.36284,2.25,1.00
2016.01.21 06:26:28.100,9.35996,9.36274,1.00,1.00
2016.01.21 06:26:28.734,9.35996,9.36274,1.75,1.00
2016.01.21 06:26:28.786,9.35986,9.36304,1.75,1.00
2016.01.21 06:26:28.887,9.35986,9.36304,1.75,1.00
2016.01.21 06:26:28.989,9.35956,9.36334,1.75,1.00
2016.01.21 06:26:29.874,9.35956,9.36334,1.75,1.00
2016.01.21 06:26:30.624,9.35945,9.36364,1.75,1.50
2016.01.21 06:26:30.675,9.35945,9.36364,1.75,1.50
2016.01.21 06:26:38.124,9.35936,9.36364,2.25,1.50
2016.01.21 06:26:38.468,9.35936,9.36364,2.25,1.50
2016.01.21 06:26:39.018,9.35956,9.36384,1.87,1.50
2016.01.21 06:26:39.119,9.35956,9.36384,1.57,1.50
2016.01.21 06:26:39.224,9.35956,9.36384,1.50,1.50
2016.01.21 06:26:46.783,9.35966,9.36334,1.00,1.00
2016.01.21 06:26:47.853,9.35976,9.36324,1.00,1.00
2016.01.21 06:26:48.989,9.36016,9.36294,1.00,1.00
2016.01.21 06:26:51.847,9.36006,9.36284,1.00,1.00
2016.01.21 06:26:53.054,9.36016,9.36294,1.00,1.00
2016.01.21 06:26:54.253,9.36006,9.36284,1.00,1.00
2016.01.21 06:26:55.360,9.36016,9.36294,1.00,1.00
2016.01.21 06:27:02.059,9.35986,9.36344,1.00,1.00
2016.01.21 06:27:02.110,9.35986,9.36344,1.07,1.00
2016.01.21 06:27:02.475,9.35986,9.36344,1.37,1.00
2016.01.21 06:27:02.779,9.36066,9.36344,1.00,1.00
2016.01.21 06:27:03.639,9.36085,9.36365,1.00,1.00
2016.01.21 06:27:04.583,9.36096,9.36384,1.00,1.00
2016.01.21 06:27:05.594,9.36115,9.36415,1.00,1.00
2016.01.21 06:27:05.850,9.36106,9.36434,1.00,1.00
2016.01.21 06:27:06.601,9.36086,9.36414,1.00,1.00
2016.01.21 06:27:07.809,9.36086,9.36424,1.00,1.00
2016.01.21 06:27:09.019,9.36066,9.36414,1.00,1.00
2016.01.21 06:27:10.074,9.36086,9.36394,1.00,1.00
2016.01.21 06:27:10.443,9.36096,9.36414,1.00,1.00
2016.01.21 06:27:10.494,9.36096,9.36414,1.75,1.00
2016.01.21 06:27:10.697,9.36096,9.36414,1.75,1.00
2016.01.21 06:27:10.748,9.36056,9.36434,1.75,1.00
2016.01.21 06:27:11.173,9.36036,9.36454,2.25,1.00
2016.01.21 06:27:11.594,9.36036,9.36454,1.87,1.00
2016.01.21 06:27:11.697,9.36036,9.36454,1.50,1.00
2016.01.21 06:27:11.800,9.36026,9.36434,1.00,1.50
2016.01.21 06:27:12.423,9.36036,9.36414,1.00,1.00
2016.01.21 06:27:13.614,9.36036,9.36394,1.00,1.00
2016.01.21 06:27:14.695,9.36036,9.36384,1.00,1.00
2016.01.21 06:27:17.113,9.36026,9.36374,1.00,1.00
2016.01.21 06:27:17.738,9.36026,9.36374,1.07,1.00
2016.01.21 06:27:18.213,9.36016,9.36364,1.07,1.00
2016.01.21 06:27:18.483,9.36036,9.36384,1.00,1.00
2016.01.21 06:27:18.788,9.36056,9.36404,1.00,2.25
2016.01.21 06:27:20.002,9.36046,9.36394,1.00,1.00
2016.01.21 06:27:21.106,9.36056,9.36384,1.00,1.00
2016.01.21 06:27:22.304,9.36086,9.36364,1.00,1.00
2016.01.21 06:27:30.320,9.36076,9.36374,1.00,1.00
2016.01.21 06:27:30.573,9.36106,9.36394,1.00,1.00
2016.01.21 06:27:31.749,9.36096,9.36374,1.00,1.00
2016.01.21 06:27:32.427,9.36076,9.36364,1.00,1.00
2016.01.21 06:27:33.536,9.36076,9.36354,1.00,1.00
2016.01.21 06:27:34.762,9.36066,9.36344,1.00,1.00
2016.01.21 06:27:37.022,9.36055,9.36335,1.00,1.00
2016.01.21 06:27:38.373,9.36066,9.36344,1.00,1.00
2016.01.21 06:27:39.583,9.36046,9.36324,1.00,1.00
2016.01.21 06:27:39.922,9.36026,9.36314,1.00,1.00
2016.01.21 06:27:40.439,9.35996,9.36284,1.00,1.00
2016.01.21 06:27:41.543,9.36015,9.36295,1.00,1.00
2016.01.21 06:27:42.755,9.36006,9.36284,1.00,1.00
2016.01.21 06:27:43.734,9.35976,9.36254,1.00,1.00
2016.01.21 06:27:44.881,9.35986,9.36264,1.00,1.00
2016.01.21 06:27:49.612,9.35976,9.36254,1.00,1.00
2016.01.21 06:27:50.810,9.35966,9.36244,1.00,1.00
2016.01.21 06:27:53.230,9.35976,9.36254,1.00,1.00
2016.01.21 06:28:01.794,9.35966,9.36244,1.00,1.00
2016.01.21 06:28:04.115,9.35976,9.36254,1.00,1.00
2016.01.21 06:28:05.216,9.35966,9.36244,1.00,1.00
2016.01.21 06:28:06.424,9.35976,9.36254,1.00,1.00
2016.01.21 06:28:07.623,9.35966,9.36244,1.00,1.00
2016.01.21 06:28:08.726,9.35976,9.36254,1.00,1.00
2016.01.21 06:28:09.944,9.35986,9.36264,1.00,1.00
2016.01.21 06:28:19.262,9.35976,9.36254,1.00,1.00
2016.01.21 06:28:24.041,9.35986,9.36264,1.00,1.00
2016.01.21 06:28:27.524,9.35966,9.36254,1.00,1.00
2016.01.21 06:28:28.704,9.35976,9.36264,1.00,1.00
2016.01.21 06:28:29.843,9.35966,9.36264,1.00,1.00
2016.01.21 06:28:30.921,9.35976,9.36264,1.00,1.00
2016.01.21 06:28:32.152,9.35975,9.36275,1.00,1.00
2016.01.21 06:28:33.370,9.35976,9.36264,1.00,1.00
2016.01.21 06:28:34.464,9.35976,9.36274,1.00,1.00
2016.01.21 06:28:35.698,9.35966,9.36264,1.00,1.00
2016.01.21 06:29:13.758,9.35976,9.36274,1.00,1.00
2016.01.21 06:29:14.852,9.35966,9.36264,1.00,1.00
2016.01.21 06:29:18.330,9.35976,9.36274,1.00,1.00
2016.01.21 06:29:22.545,9.35966,9.36264,1.00,1.00
2016.01.21 06:29:23.622,9.35976,9.36274,1.00,1.00
2016.01.21 06:29:40.030,9.36006,9.36304,1.00,1.00
2016.01.21 06:29:41.145,9.35985,9.36265,1.00,1.00
2016.01.21 06:29:41.670,9.35966,9.36244,1.00,1.00
2016.01.21 06:29:41.874,9.35936,9.36224,1.00,1.00
2016.01.21 06:29:42.995,9.35946,9.36224,1.00,1.00
2016.01.21 06:29:45.214,9.35926,9.36204,1.00,1.00
2016.01.21 06:29:45.987,9.35946,9.36224,1.00,1.00
2016.01.21 06:29:46.967,9.35956,9.36244,1.00,1.00
2016.01.21 06:29:47.169,9.35926,9.36254,1.00,1.00
2016.01.21 06:29:48.396,9.35936,9.36214,1.00,1.00
2016.01.21 06:29:52.979,9.35926,9.36204,1.00,1.00
2016.01.21 06:29:53.689,9.35936,9.36224,1.00,1.00
2016.01.21 06:29:53.892,9.35906,9.36274,1.00,1.50
2016.01.21 06:29:54.896,9.35926,9.36204,1.00,1.00
2016.01.21 06:29:56.098,9.35926,9.36214,1.00,1.00
2016.01.21 06:29:56.652,9.35956,9.36254,1.00,1.00
2016.01.21 06:29:56.954,9.35975,9.36275,1.00,1.00
2016.01.21 06:29:57.202,9.35946,9.36304,1.00,1.00
2016.01.21 06:29:58.155,9.35966,9.36294,1.00,1.00
2016.01.21 06:29:58.381,9.35946,9.36314,1.00,1.00
2016.01.21 06:29:59.000,9.35946,9.36314,1.07,1.00
2016.01.21 06:29:59.609,9.35955,9.36305,1.07,1.00
2016.01.21 06:30:00.263,9.35956,9.36324,1.07,1.00
2016.01.21 06:30:00.575,9.35946,9.36354,1.07,1.50
2016.01.21 06:30:00.677,9.35988,9.36354,1.07,1.50
2016.01.21 06:30:01.282,9.35988,9.36374,1.07,2.25
2016.01.21 06:30:01.629,9.35988,9.36365,1.07,1.00
2016.01.21 06:30:01.680,9.35988,9.36365,1.00,1.00
2016.01.21 06:30:01.974,9.35988,9.36365,1.07,1.00
2016.01.21 06:30:02.326,9.35988,9.36365,1.37,1.00
2016.01.21 06:30:02.884,9.35988,9.36374,1.00,2.25
2016.01.21 06:30:04.684,9.35988,9.36344,1.00,1.50
2016.01.21 06:30:05.313,9.35952,9.36344,1.00,1.50
2016.01.21 06:30:07.542,9.35952,9.36334,1.00,1.00
2016.01.21 06:30:08.461,9.35952,9.36315,1.00,1.50
2016.01.21 06:30:08.812,9.35952,9.36304,1.00,1.00
2016.01.21 06:30:09.818,9.35952,9.36295,1.00,1.00
2016.01.21 06:30:10.723,9.35952,9.36324,1.00,2.25
2016.01.21 06:30:10.774,9.35952,9.36324,1.07,2.25
2016.01.21 06:30:11.222,9.35952,9.36324,1.00,1.50
2016.01.21 06:30:11.425,9.35952,9.36344,1.00,2.25
2016.01.21 06:30:11.931,9.35952,9.36284,1.00,1.00
2016.01.21 06:30:13.223,9.35966,9.36264,1.07,1.00
2016.01.21 06:30:13.327,9.35952,9.36344,1.07,2.25
2016.01.21 06:30:13.445,9.35952,9.36344,1.00,2.25
2016.01.21 06:30:13.729,9.35952,9.36305,1.00,1.50
2016.01.21 06:30:14.330,9.35966,9.36254,1.00,1.00
2016.01.21 06:30:15.538,9.35966,9.36264,1.00,1.00
2016.01.21 06:30:15.792,9.35952,9.36324,1.07,1.50
2016.01.21 06:30:16.203,9.35952,9.36324,1.00,1.50
2016.01.21 06:30:16.849,9.35956,9.36274,1.00,1.00
2016.01.21 06:30:18.056,9.35956,9.36264,1.00,1.00
2016.01.21 06:30:18.312,9.35952,9.36344,1.00,2.25
2016.01.21 06:30:19.217,9.35952,9.36314,1.00,1.50
2016.01.21 06:30:19.610,9.35952,9.36264,1.00,1.00
2016.01.21 06:30:20.727,9.35952,9.36264,1.07,1.00
2016.01.21 06:30:20.829,9.35952,9.36324,1.07,1.50
2016.01.21 06:30:21.267,9.35952,9.36324,1.00,1.50
2016.01.21 06:30:21.901,9.35952,9.36264,1.00,1.00
2016.01.21 06:30:23.122,9.35956,9.36264,1.00,1.00
2016.01.21 06:30:23.923,9.35956,9.36294,1.00,1.00
2016.01.21 06:30:23.974,9.35956,9.36294,1.37,1.00
2016.01.21 06:30:24.126,9.35952,9.36324,1.37,1.50
2016.01.21 06:30:24.227,9.35952,9.36324,1.07,1.50
2016.01.21 06:30:24.411,9.35952,9.36324,1.00,1.50
2016.01.21 06:30:25.131,9.35952,9.36265,1.00,1.00
2016.01.21 06:30:25.882,9.35976,9.36284,1.00,1.00
2016.01.21 06:30:26.191,9.35952,9.36304,1.37,1.50
2016.01.21 06:30:26.242,9.35952,9.36314,1.37,1.50
2016.01.21 06:30:26.394,9.35952,9.36314,1.07,1.50
2016.01.21 06:30:26.985,9.35952,9.36314,1.00,1.50
2016.01.21 06:30:27.086,9.35956,9.36274,1.00,1.00
2016.01.21 06:30:28.754,9.35966,9.36264,1.00,1.00
2016.01.21 06:30:29.394,9.35952,9.36324,1.00,2.25
2016.01.21 06:30:29.495,9.35952,9.36324,1.37,2.25
2016.01.21 06:30:29.698,9.35952,9.36324,1.07,2.25
2016.01.21 06:30:30.496,9.35952,9.36324,1.00,1.00
2016.01.21 06:30:30.547,9.35952,9.36305,1.00,1.50
2016.01.21 06:30:30.851,9.35956,9.36264,1.00,1.00
2016.01.21 06:30:31.816,9.35965,9.36255,1.00,1.00
2016.01.21 06:30:35.362,9.35966,9.36244,1.00,1.00
2016.01.21 06:30:38.841,9.35976,9.36254,1.00,1.00
2016.01.21 06:30:41.180,9.35966,9.36244,1.00,1.00
2016.01.21 06:30:44.783,9.35956,9.36234,1.00,1.00
2016.01.21 06:30:49.869,9.35966,9.36244,1.00,1.00
2016.01.21 06:30:58.140,9.35976,9.36254,1.00,1.00
2016.01.21 06:30:59.236,9.35976,9.36274,1.00,1.00
2016.01.21 06:31:00.464,9.35976,9.36254,1.00,1.00
2016.01.21 06:31:01.172,9.35976,9.36274,1.00,1.00
2016.01.21 06:31:02.409,9.35966,9.36244,1.00,1.00
2016.01.21 06:31:04.175,9.35946,9.36224,1.00,1.00
2016.01.21 06:31:04.817,9.35966,9.36244,1.00,1.00
2016.01.21 06:31:05.481,9.35936,9.36224,1.00,1.00
2016.01.21 06:31:06.364,9.35966,9.36254,1.00,1.00
2016.01.21 06:31:06.793,9.35886,9.36284,1.37,1.50
2016.01.21 06:31:06.895,9.35886,9.36284,1.07,1.50
2016.01.21 06:31:07.010,9.35886,9.36284,1.00,1.50
2016.01.21 06:31:07.240,9.35886,9.36284,1.07,1.50
2016.01.21 06:31:07.551,9.35936,9.36234,1.00,1.00
2016.01.21 06:31:08.416,9.35936,9.36234,1.07,1.00
2016.01.21 06:31:08.803,9.35946,9.36244,1.00,1.00
2016.01.21 06:31:09.998,9.35936,9.36234,1.00,1.00
2016.01.21 06:31:11.118,9.35946,9.36244,1.00,1.00
2016.01.21 06:31:12.280,9.35945,9.36235,1.00,1.00
2016.01.21 06:31:13.527,9.35946,9.36244,1.00,1.00
2016.01.21 06:31:14.641,9.35956,9.36244,1.00,1.00
2016.01.21 06:31:15.801,9.35946,9.36244,1.00,1.00
2016.01.21 06:31:16.908,9.35956,9.36244,1.00,1.00
2016.01.21 06:31:18.254,9.35936,9.36234,1.00,1.00
2016.01.21 06:31:19.319,9.35946,9.36244,1.00,1.00
2016.01.21 06:31:19.874,9.35925,9.36225,1.00,1.00
2016.01.21 06:31:21.118,9.35916,9.36204,1.00,1.00
2016.01.21 06:31:22.209,9.35906,9.36194,1.00,1.00
2016.01.21 06:31:23.425,9.35916,9.36194,1.00,1.00
2016.01.21 06:31:30.436,9.35905,9.36185,1.00,1.00
2016.01.21 06:31:32.740,9.35916,9.36194,1.00,1.00
2016.01.21 06:31:48.029,9.35906,9.36184,1.00,1.00
2016.01.21 06:32:04.419,9.35916,9.36194,1.00,1.00
2016.01.21 06:32:06.889,9.35906,9.36184,1.00,1.00
2016.01.21 06:32:07.939,9.35915,9.36195,1.00,1.00
2016.01.21 06:32:20.478,9.35906,9.36184,1.00,1.00
2016.01.21 06:32:21.738,9.35915,9.36195,1.00,1.00
2016.01.21 06:32:36.451,9.35906,9.36184,1.00,1.00
2016.01.21 06:32:37.529,9.35916,9.36194,1.00,1.00
2016.01.21 06:32:38.738,9.35906,9.36184,1.00,1.00
2016.01.21 06:32:53.170,9.35896,9.36174,1.00,1.00
2016.01.21 06:32:54.378,9.35916,9.36194,1.00,1.00
2016.01.21 06:32:55.481,9.35906,9.36184,1.00,1.00
2016.01.21 06:32:56.775,9.35896,9.36174,1.00,1.00
2016.01.21 06:32:58.998,9.35906,9.36184,1.00,1.00
2016.01.21 06:33:09.477,9.35896,9.36174,1.00,1.00
2016.01.21 06:33:11.898,9.35886,9.36164,1.00,1.00
2016.01.21 06:33:17.736,9.35876,9.36154,1.00,1.00
2016.01.21 06:33:18.946,9.35885,9.36165,1.00,1.00
2016.01.21 06:33:20.069,9.35896,9.36174,1.00,1.00
2016.01.21 06:33:20.948,9.35866,9.36144,1.00,1.00
2016.01.21 06:33:22.153,9.35876,9.36154,1.00,1.00
2016.01.21 06:33:23.247,9.35886,9.36164,1.00,1.00
2016.01.21 06:33:28.870,9.35876,9.36154,1.00,1.00
2016.01.21 06:33:29.936,9.35886,9.36164,1.00,1.00
2016.01.21 06:33:34.687,9.35876,9.36154,1.00,1.00
2016.01.21 06:33:36.976,9.35886,9.36164,1.00,1.00
2016.01.21 06:33:45.227,9.35895,9.36175,1.00,1.00
2016.01.21 06:33:45.684,9.35876,9.36154,1.00,1.00
2016.01.21 06:33:51.532,9.35886,9.36164,1.00,1.00
2016.01.21 06:34:00.558,9.35876,9.36154,1.00,1.00
2016.01.21 06:34:01.543,9.35886,9.36164,1.00,1.00
2016.01.21 06:34:18.446,9.35876,9.36154,1.00,1.00
2016.01.21 06:34:21.966,9.35886,9.36164,1.00,1.00
2016.01.21 06:34:31.208,9.35876,9.36154,1.00,1.00
2016.01.21 06:34:32.324,9.35886,9.36164,1.00,1.00
2016.01.21 06:34:35.825,9.35875,9.36155,1.00,1.00
2016.01.21 06:34:45.309,9.35885,9.36165,1.00,1.00
2016.01.21 06:34:52.998,9.35876,9.36154,1.00,1.00
2016.01.21 06:35:09.613,9.35886,9.36164,1.00,1.00
2016.01.21 06:35:14.779,9.35876,9.36154,1.00,1.00
2016.01.21 06:35:17.198,9.35886,9.36164,1.00,1.00
2016.01.21 06:35:20.739,9.35895,9.36175,1.00,1.00
2016.01.21 06:35:34.159,9.35906,9.36184,1.00,1.00
2016.01.21 06:35:38.868,9.35896,9.36174,1.00,1.00
2016.01.21 06:35:42.434,9.35916,9.36194,1.00,1.00
2016.01.21 06:35:43.620,9.35926,9.36204,1.00,1.00
2016.01.21 06:35:54.267,9.35916,9.36194,1.00,1.00
2016.01.21 06:35:57.475,9.35926,9.36204,1.00,1.00
2016.01.21 06:35:58.807,9.35916,9.36194,1.00,1.00
2016.01.21 06:36:05.642,9.35926,9.36204,1.00,1.00
2016.01.21 06:36:29.467,9.35935,9.36215,1.00,1.00
2016.01.21 06:36:31.888,9.35926,9.36204,1.00,1.00
2016.01.21 06:36:36.322,9.35936,9.36214,1.00,1.00
2016.01.21 06:36:38.157,9.35926,9.36204,1.00,1.00
2016.01.21 06:36:58.066,9.35916,9.36194,1.00,1.00
2016.01.21 06:37:02.945,9.35926,9.36204,1.00,1.00
2016.01.21 06:37:04.021,9.35916,9.36194,1.00,1.00
2016.01.21 06:37:06.581,9.35926,9.36204,1.00,1.00
2016.01.21 06:37:07.751,9.35916,9.36194,1.00,1.00
2016.01.21 06:37:08.968,9.35925,9.36205,1.00,1.00
2016.01.21 06:37:15.577,9.35916,9.36194,1.00,1.00
2016.01.21 06:37:16.693,9.35926,9.36204,1.00,1.00
2016.01.21 06:37:25.724,9.35935,9.36215,1.00,1.00
2016.01.21 06:37:26.914,9.35925,9.36205,1.00,1.00
2016.01.21 06:37:28.135,9.35936,9.36214,1.00,1.00
2016.01.21 06:37:30.195,9.35956,9.36234,1.00,1.00
2016.01.21 06:37:31.396,9.35966,9.36244,1.00,1.00
2016.01.21 06:37:35.247,9.35975,9.36255,1.00,1.00
2016.01.21 06:37:37.555,9.35966,9.36244,1.00,1.00
2016.01.21 06:37:48.714,9.35976,9.36254,1.00,1.00
2016.01.21 06:37:52.185,9.35966,9.36244,1.00,1.00
2016.01.21 06:38:02.745,9.35975,9.36255,1.00,1.00
2016.01.21 06:38:11.130,9.35986,9.36274,1.00,1.00
2016.01.21 06:38:11.439,9.36036,9.36334,1.00,1.00
2016.01.21 06:38:12.577,9.36066,9.36344,1.00,1.00
2016.01.21 06:38:24.422,9.36076,9.36354,1.00,1.00
2016.01.21 06:38:26.857,9.36066,9.36344,1.00,1.00
2016.01.21 06:38:34.018,9.36076,9.36354,1.00,1.00
2016.01.21 06:39:16.144,9.36056,9.36334,1.00,1.00
2016.01.21 06:39:17.348,9.36066,9.36344,1.00,1.00
2016.01.21 06:39:24.804,9.36076,9.36354,1.00,1.00
2016.01.21 06:39:25.921,9.36065,9.36345,1.00,1.00
2016.01.21 06:39:43.426,9.36076,9.36354,1.00,1.00
2016.01.21 06:39:45.703,9.36066,9.36344,1.00,1.00
2016.01.21 06:40:10.825,9.36056,9.36334,1.00,1.00
2016.01.21 06:40:11.995,9.36066,9.36344,1.00,1.00
2016.01.21 06:40:13.236,9.36046,9.36324,1.00,1.00
2016.01.21 06:40:14.341,9.36066,9.36344,1.00,1.00
2016.01.21 06:40:15.528,9.36055,9.36335,1.00,1.00
2016.01.21 06:40:17.863,9.36066,9.36344,1.00,1.00
2016.01.21 06:40:33.337,9.36055,9.36335,1.00,1.00
2016.01.21 06:40:34.432,9.36066,9.36344,1.00,1.00
2016.01.21 06:40:41.166,9.36096,9.36374,1.00,1.00
2016.01.21 06:40:41.475,9.36116,9.36394,1.00,1.00
2016.01.21 06:40:53.132,9.36105,9.36385,1.00,1.00
2016.01.21 06:41:00.172,9.36116,9.36394,1.00,1.00
2016.01.21 06:41:16.671,9.36106,9.36384,1.00,1.00
2016.01.21 06:41:19.310,9.36116,9.36394,1.00,1.00
2016.01.21 06:41:25.142,9.36126,9.36404,1.00,1.00
2016.01.21 06:41:28.882,9.36116,9.36394,1.00,1.00
2016.01.21 06:41:36.034,9.36146,9.36424,1.00,1.00
2016.01.21 06:41:36.287,9.36166,9.36454,1.00,1.00
2016.01.21 06:41:36.496,9.36216,9.36504,1.00,1.00
2016.01.21 06:41:37.257,9.36246,9.36524,1.00,1.00
2016.01.21 06:41:37.942,9.36276,9.36554,1.00,1.00
2016.01.21 06:42:01.704,9.36256,9.36534,1.00,1.00
2016.01.21 06:42:02.769,9.36246,9.36524,1.00,1.00
2016.01.21 06:42:06.785,9.36256,9.36524,1.00,1.00
2016.01.21 06:42:07.089,9.36376,9.36594,1.00,1.50
2016.01.21 06:42:07.191,9.36336,9.36594,1.00,1.50
2016.01.21 06:42:07.393,9.36286,9.36564,1.00,1.00
2016.01.21 06:42:07.647,9.36246,9.36534,1.00,1.00
2016.01.21 06:42:08.632,9.36246,9.36524,1.00,1.00
2016.01.21 06:42:18.609,9.36246,9.36534,1.00,1.00
2016.01.21 06:42:19.819,9.36246,9.36524,1.00,1.00
2016.01.21 06:42:21.029,9.36236,9.36524,1.00,1.00
2016.01.21 06:42:24.440,9.36246,9.36534,1.00,1.00
2016.01.21 06:42:26.566,9.36216,9.36514,1.00,1.00
2016.01.21 06:42:39.113,9.36256,9.36534,1.00,1.00
2016.01.21 06:42:39.450,9.36286,9.36564,1.00,1.00
2016.01.21 06:42:40.389,9.36296,9.36574,1.00,1.00
2016.01.21 06:42:41.498,9.36276,9.36554,1.00,1.00
2016.01.21 06:42:42.742,9.36296,9.36574,1.00,1.00
2016.01.21 06:42:43.937,9.36306,9.36584,1.00,1.00
2016.01.21 06:42:46.240,9.36296,9.36574,1.00,1.00
2016.01.21 06:42:46.944,9.36246,9.36544,1.00,1.00
2016.01.21 06:42:49.195,9.36256,9.36534,1.00,1.00
2016.01.21 06:42:50.538,9.36266,9.36544,1.00,1.00
2016.01.21 06:43:12.441,9.36255,9.36535,1.00,1.00
2016.01.21 06:43:13.511,9.36265,9.36545,1.00,1.00
2016.01.21 06:43:14.751,9.36256,9.36534,1.00,1.00
2016.01.21 06:43:15.059,9.36236,9.36514,1.00,1.00
2016.01.21 06:43:16.248,9.36226,9.36504,1.00,1.00
2016.01.21 06:43:18.810,9.36206,9.36484,1.00,1.00
2016.01.21 06:43:19.114,9.36156,9.36444,1.00,1.00
2016.01.21 06:43:19.356,9.36126,9.36414,1.00,1.00
2016.01.21 06:43:20.366,9.36136,9.36414,1.00,1.00
2016.01.21 06:43:21.549,9.36126,9.36404,1.00,1.00
2016.01.21 06:43:50.932,9.36136,9.36414,1.00,1.00
2016.01.21 06:43:52.268,9.36146,9.36424,1.00,1.00
2016.01.21 06:43:55.737,9.36136,9.36414,1.00,1.00
2016.01.21 06:44:02.011,9.36146,9.36424,1.00,1.00
2016.01.21 06:44:02.700,9.36105,9.36425,1.00,1.00
2016.01.21 06:44:03.806,9.36106,9.36414,1.00,1.00
2016.01.21 06:44:04.978,9.36115,9.36435,1.00,1.00
2016.01.21 06:44:09.158,9.36105,9.36435,1.00,1.00
2016.01.21 06:44:10.367,9.36096,9.36444,1.00,1.00
2016.01.21 06:44:11.467,9.36086,9.36444,1.00,1.00
2016.01.21 06:44:12.711,9.36076,9.36454,1.00,1.00
2016.01.21 06:44:13.795,9.36076,9.36464,1.00,1.00
2016.01.21 06:44:16.896,9.36086,9.36464,1.00,1.00
2016.01.21 06:44:17.960,9.36106,9.36444,1.00,1.00
2016.01.21 06:44:19.193,9.36116,9.36434,1.00,1.00
2016.01.21 06:44:20.295,9.36126,9.36444,1.00,1.00
2016.01.21 06:44:21.478,9.36146,9.36454,1.00,1.00
2016.01.21 06:44:22.687,9.36166,9.36464,1.00,1.00
2016.01.21 06:44:24.997,9.36186,9.36464,1.00,1.00
2016.01.21 06:44:31.315,9.36196,9.36474,1.00,1.00
2016.01.21 06:44:31.933,9.36216,9.36494,1.00,1.00
2016.01.21 06:44:32.257,9.36226,9.36514,1.00,1.00
2016.01.21 06:44:33.357,9.36236,9.36514,1.00,1.00
2016.01.21 06:44:35.805,9.36226,9.36514,1.00,1.00
2016.01.21 06:44:36.876,9.36226,9.36504,1.00,1.00
2016.01.21 06:44:52.970,9.36216,9.36524,1.00,1.00
2016.01.21 06:44:53.829,9.36236,9.36544,1.00,1.00
2016.01.21 06:45:04.209,9.36256,9.36564,1.00,1.00
2016.01.21 06:45:10.341,9.36236,9.36544,1.00,1.00
2016.01.21 06:45:11.537,9.36216,9.36534,1.00,1.00
2016.01.21 06:45:12.628,9.36226,9.36534,1.00,1.00
2016.01.21 06:45:13.837,9.36216,9.36524,1.00,1.00
2016.01.21 06:45:18.807,9.36226,9.36534,1.00,1.00
2016.01.21 06:45:27.814,9.36215,9.36535,1.00,1.00
2016.01.21 06:45:28.955,9.36226,9.36534,1.00,1.00
2016.01.21 06:45:30.123,9.36226,9.36544,1.00,1.00
2016.01.21 06:45:31.227,9.36216,9.36534,1.00,1.00
2016.01.21 06:45:32.432,9.36215,9.36525,1.00,1.00
2016.01.21 06:45:38.732,9.36216,9.36534,1.00,1.00
2016.01.21 06:45:39.797,9.36226,9.36534,1.00,1.00
2016.01.21 06:45:44.417,9.36216,9.36534,1.00,1.00
2016.01.21 06:45:49.925,9.36216,9.36524,1.00,1.00
2016.01.21 06:45:51.127,9.36216,9.36534,1.00,1.00
2016.01.21 06:45:57.311,9.36226,9.36534,1.00,1.00
2016.01.21 06:45:58.497,9.36216,9.36534,1.00,1.00
2016.01.21 06:46:02.265,9.36226,9.36534,1.00,1.00
2016.01.21 06:46:05.866,9.36216,9.36534,1.00,1.00
2016.01.21 06:46:12.906,9.36216,9.36524,1.00,1.00
2016.01.21 06:46:25.553,9.36216,9.36534,1.00,1.00
2016.01.21 06:46:42.800,9.36226,9.36534,1.00,1.00
2016.01.21 06:47:10.166,9.36226,9.36544,1.00,1.00
2016.01.21 06:47:11.384,9.36236,9.36544,1.00,1.00
2016.01.21 06:47:27.449,9.36226,9.36534,1.00,1.00
2016.01.21 06:47:27.893,9.36196,9.36554,1.00,1.00
2016.01.21 06:47:32.274,9.36186,9.36554,1.00,1.00
2016.01.21 06:47:34.636,9.36196,9.36554,1.00,1.00
2016.01.21 06:47:48.344,9.36196,9.36564,1.00,1.00
2016.01.21 06:47:49.547,9.36195,9.36555,1.00,1.00
2016.01.21 06:47:50.775,9.36196,9.36564,1.00,1.00
2016.01.21 06:48:01.974,9.36196,9.36554,1.00,1.00
2016.01.21 06:48:14.419,9.36206,9.36574,1.00,1.00
2016.01.21 06:48:15.615,9.36206,9.36564,1.00,1.00
2016.01.21 06:48:17.963,9.36206,9.36574,1.00,1.00
2016.01.21 06:48:20.234,9.36206,9.36564,1.00,1.00
2016.01.21 06:48:22.884,9.36206,9.36574,1.00,1.00
2016.01.21 06:48:24.083,9.36205,9.36565,1.00,1.00
2016.01.21 06:48:25.309,9.36216,9.36574,1.00,1.00
2016.01.21 06:48:33.653,9.36206,9.36574,1.00,1.00
2016.01.21 06:48:35.634,9.36216,9.36574,1.00,1.00
2016.01.21 06:48:36.877,9.36206,9.36574,1.00,1.00
2016.01.21 06:48:41.710,9.36186,9.36555,1.50,1.00
2016.01.21 06:48:42.276,9.36185,9.36555,1.00,1.00
2016.01.21 06:48:42.785,9.36206,9.36514,1.00,1.00
2016.01.21 06:48:43.921,9.36226,9.36534,1.00,1.00
2016.01.21 06:48:44.123,9.36236,9.36554,1.00,1.00
2016.01.21 06:48:45.093,9.36236,9.36544,1.00,1.00
2016.01.21 06:48:46.197,9.36236,9.36554,1.00,1.00
2016.01.21 06:48:47.416,9.36236,9.36544,1.00,1.00
2016.01.21 06:48:48.647,9.36226,9.36534,1.00,1.00
2016.01.21 06:48:49.734,9.36206,9.36514,1.00,1.00
2016.01.21 06:48:50.414,9.36176,9.36534,1.00,1.00
2016.01.21 06:48:51.921,9.36165,9.36525,1.00,1.00
2016.01.21 06:48:52.174,9.36146,9.36514,1.00,1.00
2016.01.21 06:48:52.507,9.36126,9.36484,1.00,1.00
2016.01.21 06:48:53.602,9.36106,9.36474,1.00,1.00
2016.01.21 06:48:54.011,9.36086,9.36444,1.00,1.00
2016.01.21 06:48:54.326,9.36086,9.36454,1.00,1.00
2016.01.21 06:48:55.323,9.36095,9.36455,1.00,1.00
2016.01.21 06:49:02.169,9.36076,9.36434,1.00,1.00
2016.01.21 06:49:11.820,9.36046,9.36414,1.00,1.00
2016.01.21 06:49:12.903,9.36036,9.36404,1.00,1.00
2016.01.21 06:49:15.236,9.36026,9.36394,1.00,1.00
2016.01.21 06:49:17.633,9.36036,9.36404,1.00,1.00
2016.01.21 06:49:20.273,9.36026,9.36394,1.00,1.00
2016.01.21 06:49:20.956,9.36066,9.36424,1.00,1.50
2016.01.21 06:49:21.109,9.36066,9.36434,1.00,1.00
2016.01.21 06:49:21.423,9.36086,9.36454,1.00,2.25
2016.01.21 06:49:23.939,9.36095,9.36455,1.00,1.00
2016.01.21 06:49:26.252,9.36106,9.36474,1.00,1.00
2016.01.21 06:49:28.742,9.36096,9.36484,1.00,1.00
2016.01.21 06:49:29.962,9.36096,9.36494,1.00,1.00
2016.01.21 06:49:31.167,9.36085,9.36505,1.00,1.00
2016.01.21 06:49:32.263,9.36086,9.36514,1.00,1.00
2016.01.21 06:49:33.474,9.36076,9.36514,1.00,1.00
2016.01.21 06:49:34.589,9.36086,9.36514,1.00,1.00
2016.01.21 06:49:37.212,9.36076,9.36514,1.00,1.00
2016.01.21 06:49:38.312,9.36086,9.36514,1.00,1.00
2016.01.21 06:49:39.543,9.36076,9.36514,1.00,1.00
2016.01.21 06:49:40.731,9.36086,9.36514,1.00,1.00
2016.01.21 06:49:41.853,9.36086,9.36524,1.00,1.07
2016.01.21 06:49:45.398,9.36106,9.36534,1.00,1.07
2016.01.21 06:49:45.614,9.36106,9.36534,1.00,1.00
2016.01.21 06:49:46.616,9.36106,9.36544,1.00,1.00
2016.01.21 06:49:48.877,9.36106,9.36554,1.00,1.00
2016.01.21 06:49:50.128,9.36116,9.36574,1.00,1.00
2016.01.21 06:49:51.181,9.36106,9.36574,1.00,1.00
2016.01.21 06:49:52.435,9.36106,9.36584,1.00,1.00
2016.01.21 06:49:53.615,9.36106,9.36594,1.00,1.00
2016.01.21 06:49:54.709,9.36096,9.36594,1.00,1.00
2016.01.21 06:49:55.959,9.36096,9.36604,1.00,1.07
2016.01.21 06:49:57.121,9.36085,9.36605,1.00,1.07
2016.01.21 06:49:58.267,9.36086,9.36614,1.00,1.07
2016.01.21 06:50:00.531,9.36081,9.36614,1.07,1.07
2016.01.21 06:50:01.750,9.36085,9.36615,1.00,1.07
2016.01.21 06:50:03.989,9.36085,9.36615,1.37,1.00
2016.01.21 06:50:04.208,9.36106,9.36634,1.07,1.00
2016.01.21 06:50:06.479,9.36096,9.36644,1.07,1.07
2016.01.21 06:50:19.171,9.36076,9.36635,1.50,1.37
2016.01.21 06:50:19.273,9.3607,9.36624,1.00,1.87
2016.01.21 06:50:22.102,9.3607,9.36495,1.00,1.00
2016.01.21 06:50:22.203,9.36056,9.36495,1.50,1.00
2016.01.21 06:50:22.254,9.36076,9.36495,1.50,1.00
2016.01.21 06:50:22.825,9.36076,9.36495,1.50,1.07
2016.01.21 06:50:26.828,9.36106,9.36464,1.00,1.00
2016.01.21 06:50:39.271,9.36076,9.36434,1.50,1.00
2016.01.21 06:50:39.322,9.36056,9.36434,1.00,1.00
2016.01.21 06:50:40.386,9.36066,9.36434,1.00,1.00
2016.01.21 06:50:42.998,9.36056,9.36424,1.00,1.00
2016.01.21 06:50:44.249,9.36066,9.36434,1.00,1.00
2016.01.21 06:50:45.418,9.36056,9.36424,1.00,1.00
2016.01.21 06:50:50.038,9.36066,9.36434,1.00,1.00
2016.01.21 06:50:53.585,9.36056,9.36424,1.00,1.00
2016.01.21 06:50:54.768,9.36066,9.36434,1.00,1.00
2016.01.21 06:50:56.009,9.36056,9.36424,1.00,1.00
2016.01.21 06:51:02.174,9.36046,9.36414,1.00,1.00
2016.01.21 06:51:04.480,9.36056,9.36424,1.00,1.00
2016.01.21 06:51:33.204,9.36066,9.36434,1.00,1.00
2016.01.21 06:51:34.368,9.36056,9.36424,1.00,1.00
2016.01.21 06:51:43.525,9.36066,9.36434,1.00,1.00
2016.01.21 06:51:44.597,9.36056,9.36424,1.00,1.00
2016.01.21 06:51:49.464,9.36066,9.36434,1.00,1.00
2016.01.21 06:51:52.957,9.36056,9.36424,1.00,1.00
2016.01.21 06:51:58.697,9.36046,9.36414,1.00,1.00
2016.01.21 06:52:03.631,9.36056,9.36424,1.00,1.00
2016.01.21 06:52:04.874,9.36046,9.36414,1.00,1.00
2016.01.21 06:52:16.056,9.36056,9.36424,1.00,1.00
2016.01.21 06:52:17.303,9.36046,9.36414,1.00,1.00
2016.01.21 06:52:18.476,9.36056,9.36424,1.00,1.00
2016.01.21 06:52:23.097,9.36036,9.36404,1.00,1.00
2016.01.21 06:52:25.555,9.36046,9.36414,1.00,1.00
2016.01.21 06:52:25.782,9.36026,9.36404,1.00,1.00
2016.01.21 06:52:26.347,9.36026,9.36374,1.00,1.00
2016.01.21 06:52:26.398,9.35986,9.36354,2.25,1.00
2016.01.21 06:52:26.651,9.35986,9.36334,1.50,1.00
2016.01.21 06:52:27.225,9.35956,9.36334,1.00,1.00
2016.01.21 06:52:27.611,9.35956,9.36314,1.00,1.00
2016.01.21 06:52:29.920,9.35946,9.36314,1.00,1.00
2016.01.21 06:52:31.167,9.35945,9.36305,1.00,1.00
2016.01.21 06:52:33.483,9.35936,9.36294,1.00,1.00
2016.01.21 06:52:34.688,9.35946,9.36304,1.00,1.00
2016.01.21 06:52:36.956,9.35936,9.36294,1.00,1.00
2016.01.21 06:52:38.175,9.35946,9.36304,1.00,1.00
2016.01.21 06:52:42.794,9.35926,9.36284,1.00,1.00
2016.01.21 06:53:00.376,9.35916,9.36284,1.00,1.00
2016.01.21 06:53:01.734,9.35916,9.36274,1.00,1.00
2016.01.21 06:53:04.227,9.35916,9.36284,1.00,1.00
2016.01.21 06:53:05.435,9.35916,9.36274,1.00,1.00
2016.01.21 06:53:09.310,9.35916,9.36284,1.00,1.00
2016.01.21 06:53:17.624,9.35916,9.36274,1.00,1.00
2016.01.21 06:53:23.929,9.35865,9.36225,1.00,1.00
2016.01.21 06:53:24.486,9.35856,9.36205,1.50,1.00
2016.01.21 06:53:24.537,9.35845,9.36205,1.00,1.00
2016.01.21 06:53:24.689,9.35826,9.36194,1.00,1.00
2016.01.21 06:53:25.566,9.35816,9.36184,1.00,1.00
2016.01.21 06:53:26.912,9.35806,9.36174,1.00,1.00
2016.01.21 06:53:27.217,9.35766,9.36124,1.00,1.00
2016.01.21 06:53:27.578,9.35746,9.36104,1.00,1.00
2016.01.21 06:53:28.025,9.35716,9.36084,1.00,1.00
2016.01.21 06:53:28.586,9.35696,9.36054,1.00,1.00
2016.01.21 06:53:29.762,9.35676,9.36034,1.00,1.00
2016.01.21 06:53:30.977,9.35676,9.36044,1.00,1.00
2016.01.21 06:53:32.055,9.35676,9.36034,1.00,1.00
2016.01.21 06:53:36.570,9.35676,9.36044,1.00,1.00
2016.01.21 06:53:41.294,9.35676,9.36034,1.00,1.00
2016.01.21 06:53:50.669,9.35676,9.36044,1.00,1.00
2016.01.21 06:53:51.631,9.35706,9.36074,1.00,2.25
2016.01.21 06:53:52.766,9.35705,9.36065,1.00,1.00
2016.01.21 06:53:53.223,9.35726,9.36084,1.00,1.00
2016.01.21 06:53:54.426,9.35716,9.36074,1.00,1.00
2016.01.21 06:53:55.065,9.35736,9.36094,1.00,1.00
2016.01.21 06:53:56.165,9.35756,9.36114,1.00,1.00
2016.01.21 06:53:56.520,9.35786,9.36144,1.00,1.50
2016.01.21 06:53:56.571,9.35786,9.36154,1.00,1.00
2016.01.21 06:53:57.389,9.35806,9.36164,1.00,1.00
2016.01.21 06:54:00.881,9.35796,9.36164,1.00,1.00
2016.01.21 06:54:01.896,9.35816,9.36184,1.00,1.00
2016.01.21 06:54:03.100,9.35826,9.36184,1.00,1.00
2016.01.21 06:54:10.674,9.35826,9.36194,1.00,1.00
2016.01.21 06:54:11.917,9.35826,9.36184,1.00,1.00
2016.01.21 06:54:14.184,9.35826,9.36194,1.00,1.00
2016.01.21 06:54:17.704,9.35835,9.36195,1.00,1.00
2016.01.21 06:54:21.224,9.35835,9.36205,1.00,1.00
2016.01.21 06:54:22.466,9.35836,9.36194,1.00,1.00
2016.01.21 06:54:22.812,9.35856,9.36214,1.00,1.00
2016.01.21 06:54:23.863,9.35876,9.36234,1.00,1.00
2016.01.21 06:54:29.051,9.35866,9.36234,1.00,1.00
2016.01.21 06:54:30.155,9.35876,9.36234,1.00,1.00
2016.01.21 06:54:36.306,9.35866,9.36224,1.00,1.00
2016.01.21 06:54:40.803,9.35876,9.36244,1.00,1.00
2016.01.21 06:54:43.113,9.35876,9.36234,1.00,1.00
2016.01.21 06:54:49.906,9.35855,9.36215,1.00,1.00
2016.01.21 06:54:50.942,9.35836,9.36194,1.00,1.00
2016.01.21 06:54:52.145,9.35825,9.36185,1.00,1.00
2016.01.21 06:54:52.450,9.35806,9.36164,1.00,1.00
2016.01.21 06:54:52.796,9.35776,9.36144,1.00,1.00
2016.01.21 06:54:53.985,9.35766,9.36134,1.00,1.00
2016.01.21 06:55:00.384,9.35756,9.36124,1.00,1.00
2016.01.21 06:55:03.013,9.35766,9.36134,1.00,1.00
2016.01.21 06:55:14.319,9.35776,9.36144,1.00,1.00
2016.01.21 06:55:16.761,9.35766,9.36134,1.00,1.00
2016.01.21 06:55:19.092,9.35756,9.36124,1.00,1.00
2016.01.21 06:55:41.417,9.35766,9.36134,1.00,1.00
2016.01.21 06:55:45.009,9.35756,9.36124,1.00,1.00
2016.01.21 06:55:49.518,9.35766,9.36134,1.00,1.00
2016.01.21 06:55:50.618,9.35756,9.36124,1.00,1.00
2016.01.21 06:55:52.598,9.35766,9.36134,1.00,1.00
2016.01.21 06:55:53.840,9.35756,9.36124,1.00,1.00
2016.01.21 06:55:54.951,9.35766,9.36134,1.00,1.00
2016.01.21 06:56:06.044,9.35776,9.36144,1.00,1.00
2016.01.21 06:56:07.148,9.35766,9.36134,1.00,1.00
2016.01.21 06:56:08.351,9.35786,9.36144,1.00,1.00
2016.01.21 06:56:22.006,9.35816,9.36174,1.00,2.25
2016.01.21 06:56:22.529,9.35836,9.36174,1.00,1.50
2016.01.21 06:56:22.732,9.35836,9.36214,1.00,1.00
2016.01.21 06:56:29.447,9.35826,9.36214,1.00,1.00
2016.01.21 06:56:30.252,9.35806,9.36164,2.25,1.00
2016.01.21 06:56:30.571,9.35786,9.36144,1.00,1.00
2016.01.21 06:56:31.361,9.35766,9.36134,1.00,1.00
2016.01.21 06:56:31.875,9.35796,9.36154,1.00,1.00
2016.01.21 06:56:33.077,9.35776,9.36144,1.00,1.00
2016.01.21 06:56:33.882,9.35806,9.36164,1.00,1.00
2016.01.21 06:56:36.852,9.35786,9.36144,1.00,1.00
2016.01.21 06:56:37.409,9.35806,9.36174,1.00,1.00
2016.01.21 06:56:37.714,9.35825,9.36194,1.00,1.50
2016.01.21 06:56:38.458,9.35825,9.36205,1.00,1.00
2016.01.21 06:56:38.907,9.35806,9.36164,2.25,1.00
2016.01.21 06:56:39.240,9.35826,9.36184,1.00,1.00
2016.01.21 06:56:44.545,9.35826,9.36194,1.00,1.00
2016.01.21 06:56:45.774,9.35825,9.36185,1.00,1.00
2016.01.21 06:56:50.369,9.35826,9.36194,1.00,1.00
2016.01.21 06:56:51.573,9.35826,9.36184,1.00,1.00
2016.01.21 06:56:55.998,9.35826,9.36194,1.00,1.00
2016.01.21 06:56:57.210,9.35836,9.36194,1.00,1.00
2016.01.21 06:57:00.618,9.35826,9.36194,1.00,1.00
2016.01.21 06:57:01.786,9.35836,9.36194,1.00,1.00
2016.01.21 06:57:04.130,9.35826,9.36184,1.00,1.00
2016.01.21 06:57:09.391,9.35826,9.36194,1.00,1.00
2016.01.21 06:57:10.478,9.35816,9.36174,1.00,1.00
2016.01.21 06:57:11.615,9.35796,9.36154,2.25,1.00
2016.01.21 06:57:11.920,9.35796,9.36124,1.50,1.00
2016.01.21 06:57:12.022,9.35756,9.36124,1.00,1.00
2016.01.21 06:57:16.636,9.35766,9.36134,1.00,1.00
2016.01.21 06:57:17.737,9.35756,9.36124,1.00,1.00
2016.01.21 06:57:21.156,9.35766,9.36134,1.00,1.00
2016.01.21 06:57:23.456,9.35756,9.36124,1.00,1.00
2016.01.21 06:57:26.034,9.35766,9.36134,1.00,1.00
2016.01.21 06:57:27.086,9.35756,9.36124,1.00,1.00
2016.01.21 06:57:34.163,9.35776,9.36134,1.00,1.00
2016.01.21 06:57:41.761,9.35786,9.36144,1.00,1.00
2016.01.21 06:57:44.157,9.35776,9.36134,1.00,1.00
2016.01.21 06:57:46.490,9.35766,9.36134,1.00,1.00
2016.01.21 06:57:47.702,9.35786,9.36144,1.00,1.00
2016.01.21 06:57:48.890,9.35776,9.36134,1.00,1.00
2016.01.21 06:57:55.047,9.35796,9.36154,1.00,1.00
2016.01.21 06:57:56.168,9.35786,9.36144,1.00,1.00
2016.01.21 06:57:58.576,9.35796,9.36154,1.00,1.00
2016.01.21 06:57:59.682,9.35786,9.36144,1.00,1.00
2016.01.21 06:58:00.894,9.35796,9.36154,1.00,1.00
2016.01.21 06:58:02.110,9.35786,9.36144,1.00,1.00
2016.01.21 06:58:05.585,9.35796,9.36154,1.00,1.00
2016.01.21 06:58:08.995,9.35786,9.36144,1.00,1.00
2016.01.21 06:58:12.444,9.35776,9.36144,1.00,1.00
2016.01.21 06:58:14.716,9.35776,9.36134,1.00,1.00
2016.01.21 06:58:17.170,9.35776,9.36144,1.00,1.00
2016.01.21 06:58:18.262,9.35796,9.36154,1.00,1.00
2016.01.21 06:58:25.191,9.35786,9.36144,1.00,1.00
2016.01.21 06:58:30.934,9.35766,9.36134,2.25,1.00
2016.01.21 06:58:40.009,9.35776,9.36144,1.00,1.00
2016.01.21 06:58:42.088,9.35806,9.36164,1.00,2.25
2016.01.21 06:58:42.392,9.35946,9.36264,1.00,1.50
2016.01.21 06:58:42.443,9.35946,9.36285,1.00,1.00
2016.01.21 06:58:43.110,9.35946,9.36274,1.00,1.00
2016.01.21 06:58:43.308,9.35946,9.36315,1.00,1.00
2016.01.21 06:58:43.409,9.35955,9.36315,1.00,1.50
2016.01.21 06:58:44.574,9.35976,9.36315,1.00,1.00
2016.01.21 06:58:49.343,9.35986,9.36315,1.00,1.00
2016.01.21 06:58:49.394,9.35986,9.36324,1.00,1.00
2016.01.21 06:58:49.834,9.35986,9.36314,1.00,1.00
2016.01.21 06:58:50.425,9.35976,9.36314,1.00,1.00
2016.01.21 06:58:51.655,9.35986,9.36314,1.00,1.00
2016.01.21 06:58:55.163,9.35995,9.36314,1.00,1.00
2016.01.21 06:59:01.161,9.35995,9.36304,1.00,1.00
2016.01.21 06:59:02.834,9.35986,9.36304,1.00,1.00
2016.01.21 06:59:04.892,9.35986,9.36314,1.00,1.00
2016.01.21 06:59:11.880,9.35986,9.36304,1.00,1.00
2016.01.21 06:59:12.674,9.35986,9.36314,1.00,1.00
2016.01.21 06:59:13.189,9.35996,9.36314,1.00,1.00
2016.01.21 06:59:13.341,9.35996,9.36324,1.00,1.00
2016.01.21 06:59:14.383,9.35986,9.36324,1.00,1.00
2016.01.21 06:59:18.873,9.35986,9.36314,1.00,1.00
2016.01.21 06:59:20.178,9.35986,9.36324,1.00,1.00
2016.01.21 06:59:20.230,9.35996,9.36324,1.00,1.00
2016.01.21 06:59:23.763,9.35986,9.36324,1.00,1.00
2016.01.21 06:59:24.948,9.35996,9.36324,1.00,1.00
2016.01.21 06:59:26.044,9.35986,9.36324,1.00,1.00
2016.01.21 06:59:27.271,9.35996,9.36324,1.00,1.00
2016.01.21 06:59:30.817,9.35986,9.36324,1.00,1.00
2016.01.21 06:59:31.894,9.35996,9.36324,1.00,1.00
2016.01.21 06:59:36.603,9.35986,9.36324,1.00,1.00
2016.01.21 06:59:37.841,9.35996,9.36324,1.00,1.00
2016.01.21 06:59:50.243,9.36006,9.36324,1.00,1.00
2016.01.21 06:59:52.665,9.35996,9.36324,1.00,1.00
2016.01.21 06:59:53.810,9.35986,9.36324,1.00,1.00
2016.01.21 06:59:54.897,9.35985,9.36324,1.00,1.00
2016.01.21 06:59:56.084,9.35996,9.36324,1.00,1.00
2016.01.21 06:59:57.306,9.35986,9.36324,1.00,1.00
