2016.06.10 13:00:02.694,9.32606,9.3281,1.75,1.00
2016.06.10 13:00:03.079,9.32606,9.32802,1.75,1.00
2016.06.10 13:00:03.417,9.32606,9.32811,1.75,1.00
2016.06.10 13:00:03.761,9.32606,9.32802,1.75,1.00
2016.06.10 13:00:05.027,9.32606,9.32813,1.75,1.00
2016.06.10 13:00:05.787,9.32606,9.32813,1.37,1.00
2016.06.10 13:00:06.020,9.32606,9.32804,1.37,1.00
2016.06.10 13:00:06.465,9.32606,9.32796,1.37,1.00
2016.06.10 13:00:07.191,9.32606,9.32796,1.75,1.00
2016.06.10 13:00:07.546,9.32606,9.32811,1.75,1.00
2016.06.10 13:00:08.528,9.32605,9.32799,1.75,1.00
2016.06.10 13:00:10.023,9.32606,9.32812,1.75,1.00
2016.06.10 13:00:10.633,9.32606,9.32799,1.75,1.00
2016.06.10 13:00:11.646,9.32606,9.32812,1.75,1.00
2016.06.10 13:00:12.631,9.32606,9.32799,1.75,1.00
2016.06.10 13:00:13.741,9.32606,9.32813,1.75,1.00
2016.06.10 13:00:14.895,9.32606,9.32796,1.75,1.00
2016.06.10 13:00:15.719,9.32606,9.32808,1.75,1.00
2016.06.10 13:00:16.750,9.32606,9.32796,1.75,1.00
2016.06.10 13:00:17.064,9.32606,9.32808,1.75,1.00
2016.06.10 13:00:17.115,9.32606,9.32799,1.75,1.00
2016.06.10 13:00:18.222,9.32606,9.3281,1.75,1.00
2016.06.10 13:00:18.324,9.32609,9.32817,1.75,1.00
2016.06.10 13:00:18.622,9.32606,9.32811,1.75,1.00
2016.06.10 13:00:19.459,9.32606,9.32801,1.75,1.00
2016.06.10 13:00:20.390,9.32607,9.32817,1.75,1.00
2016.06.10 13:00:21.281,9.32606,9.32806,1.75,1.00
2016.06.10 13:00:22.269,9.32606,9.32797,1.75,1.00
2016.06.10 13:00:22.572,9.32606,9.32807,1.75,1.00
2016.06.10 13:00:22.674,9.32606,9.32798,1.75,1.00
2016.06.10 13:00:23.331,9.32605,9.32806,1.75,1.00
2016.06.10 13:00:23.433,9.32605,9.32813,2.25,1.00
2016.06.10 13:00:24.376,9.32605,9.32797,1.75,1.00
2016.06.10 13:00:24.807,9.32606,9.32807,1.75,1.00
2016.06.10 13:00:25.441,9.32615,9.32815,1.45,1.00
2016.06.10 13:00:25.543,9.32618,9.32826,1.75,1.00
2016.06.10 13:00:26.142,9.3262,9.32817,1.75,1.00
2016.06.10 13:00:26.491,9.32611,9.32809,1.12,1.00
2016.06.10 13:00:27.478,9.32616,9.32801,1.45,1.00
2016.06.10 13:00:27.697,9.32616,9.32801,1.07,1.00
2016.06.10 13:00:28.423,9.32616,9.32811,1.07,1.00
2016.06.10 13:00:28.474,9.32616,9.32818,1.07,1.00
2016.06.10 13:00:28.886,9.32606,9.32809,1.37,1.00
2016.06.10 13:00:29.970,9.32606,9.328,1.37,1.00
2016.06.10 13:00:30.072,9.32621,9.32811,1.10,1.00
2016.06.10 13:00:30.348,9.32621,9.32804,1.10,1.00
2016.06.10 13:00:31.675,9.32621,9.32813,1.10,1.00
2016.06.10 13:00:31.779,9.32621,9.32822,1.10,1.00
2016.06.10 13:00:31.901,9.32621,9.32813,1.10,1.00
2016.06.10 13:00:32.567,9.32621,9.32801,1.10,1.00
2016.06.10 13:00:32.870,9.32606,9.32801,1.75,1.00
2016.06.10 13:00:33.727,9.32609,9.32817,1.75,1.00
2016.06.10 13:00:33.778,9.32615,9.32825,1.45,1.00
2016.06.10 13:00:33.879,9.32608,9.32816,1.75,1.00
2016.06.10 13:00:34.609,9.32606,9.32808,1.75,1.00
2016.06.10 13:00:35.610,9.32606,9.328,1.75,1.00
2016.06.10 13:00:35.864,9.32668,9.32808,1.00,1.00
2016.06.10 13:00:35.965,9.32668,9.32817,1.00,1.00
2016.06.10 13:00:36.706,9.32668,9.32828,1.00,1.00
2016.06.10 13:00:37.011,9.32668,9.3282,1.00,1.00
2016.06.10 13:00:37.677,9.32668,9.32826,1.00,1.00
2016.06.10 13:00:37.830,9.32684,9.32826,1.00,1.00
2016.06.10 13:00:38.890,9.32684,9.32818,1.00,1.00
2016.06.10 13:00:39.690,9.32684,9.32827,1.00,1.00
2016.06.10 13:00:39.792,9.32684,9.32836,1.00,1.00
2016.06.10 13:00:39.998,9.32684,9.32826,1.00,1.00
2016.06.10 13:00:40.996,9.32684,9.32818,1.00,1.00
2016.06.10 13:00:41.822,9.32684,9.32827,1.00,1.00
2016.06.10 13:00:42.024,9.32684,9.32834,1.00,1.00
2016.06.10 13:00:42.887,9.32684,9.32824,1.00,1.00
2016.06.10 13:00:44.284,9.32684,9.32819,1.00,1.00
2016.06.10 13:00:44.693,9.32684,9.32827,1.00,1.00
2016.06.10 13:00:45.098,9.32684,9.32835,1.00,1.00
2016.06.10 13:00:45.929,9.32684,9.32821,1.00,1.00
2016.06.10 13:00:46.599,9.32684,9.32829,1.00,1.00
2016.06.10 13:00:46.998,9.32684,9.32819,1.00,1.00
2016.06.10 13:00:48.100,9.32684,9.32828,1.00,1.00
2016.06.10 13:00:49.737,9.32684,9.3282,1.00,1.00
2016.06.10 13:00:50.239,9.32684,9.32834,1.00,1.00
2016.06.10 13:00:50.714,9.32684,9.32842,1.00,1.00
2016.06.10 13:00:50.997,9.32684,9.32833,1.00,1.00
2016.06.10 13:00:51.507,9.32684,9.32841,1.00,1.00
2016.06.10 13:00:52.546,9.32654,9.32841,1.00,1.00
2016.06.10 13:00:52.648,9.32654,9.32833,1.00,1.00
2016.06.10 13:00:52.997,9.32654,9.32824,1.00,1.00
2016.06.10 13:00:53.048,9.32654,9.32833,1.00,1.00
2016.06.10 13:00:53.348,9.32654,9.32825,1.00,1.00
2016.06.10 13:00:53.951,9.32654,9.32824,1.00,1.00
2016.06.10 13:00:54.265,9.32654,9.32816,1.00,1.00
2016.06.10 13:00:54.657,9.32646,9.32815,1.00,1.00
2016.06.10 13:00:54.810,9.32646,9.32807,1.00,1.00
2016.06.10 13:00:54.912,9.32646,9.32818,1.00,1.00
2016.06.10 13:00:55.013,9.32646,9.3281,1.00,1.00
2016.06.10 13:00:55.448,9.32646,9.32818,1.00,1.00
2016.06.10 13:00:56.020,9.32646,9.32817,1.00,1.00
2016.06.10 13:00:56.452,9.32646,9.32836,1.00,1.37
2016.06.10 13:00:56.707,9.32646,9.32836,1.00,1.07
2016.06.10 13:00:57.062,9.32653,9.32844,1.00,1.37
2016.06.10 13:00:57.572,9.32657,9.32864,1.00,1.37
2016.06.10 13:00:58.106,9.32657,9.32865,1.00,1.12
2016.06.10 13:00:58.157,9.32653,9.32852,1.00,1.00
2016.06.10 13:00:58.513,9.32653,9.32854,1.00,1.00
2016.06.10 13:00:59.017,9.32653,9.32846,1.00,1.00
2016.06.10 13:00:59.365,9.32676,9.32859,1.00,1.07
2016.06.10 13:01:06.089,9.32644,9.32852,1.66,1.00
2016.06.10 13:01:06.445,9.32644,9.32852,1.59,1.07
2016.06.10 13:01:08.139,9.32644,9.32844,1.59,1.00
2016.06.10 13:01:08.528,9.32644,9.32852,1.59,1.07
2016.06.10 13:01:08.908,9.32644,9.32844,1.59,1.00
2016.06.10 13:01:10.815,9.32644,9.32852,1.59,1.07
2016.06.10 13:01:14.001,9.32643,9.32844,1.59,1.00
2016.06.10 13:01:14.204,9.32651,9.32854,1.59,1.07
2016.06.10 13:01:16.349,9.32658,9.32854,1.34,1.00
2016.06.10 13:01:16.400,9.32658,9.32851,1.34,1.00
2016.06.10 13:01:16.502,9.32677,9.32876,1.66,1.07
2016.06.10 13:01:16.751,9.32705,9.32876,1.00,1.00
2016.06.10 13:01:16.802,9.32705,9.32895,1.00,1.50
2016.06.10 13:01:18.698,9.32707,9.32894,1.00,1.37
2016.06.10 13:01:19.998,9.32694,9.32894,1.66,1.07
2016.06.10 13:01:43.999,9.32694,9.32884,1.07,1.00
2016.06.10 13:01:44.323,9.32694,9.32894,1.07,1.07
2016.06.10 13:01:44.374,9.32694,9.32894,1.37,1.00
2016.06.10 13:01:46.795,9.32694,9.32902,1.37,1.07
2016.06.10 13:01:47.319,9.32684,9.32894,1.75,1.57
2016.06.10 13:01:51.663,9.32695,9.32903,1.37,1.07
2016.06.10 13:01:51.916,9.327,9.32902,1.37,1.00
2016.06.10 13:01:51.967,9.32715,9.32923,1.00,1.07
2016.06.10 13:01:52.410,9.32726,9.32925,1.00,1.07
2016.06.10 13:01:52.563,9.32726,9.32929,1.00,1.00
2016.06.10 13:01:52.614,9.32721,9.32929,1.00,1.00
2016.06.10 13:01:52.716,9.32726,9.32929,1.00,1.00
2016.06.10 13:01:52.767,9.32728,9.32936,1.00,1.07
2016.06.10 13:01:52.868,9.32726,9.32934,1.50,1.07
2016.06.10 13:01:52.969,9.32718,9.32926,1.07,1.00
2016.06.10 13:01:53.184,9.32735,9.32943,1.00,1.37
2016.06.10 13:01:53.757,9.32747,9.32955,1.00,1.37
2016.06.10 13:01:53.859,9.32735,9.32929,1.00,1.00
2016.06.10 13:01:53.911,9.32721,9.32929,1.37,1.00
2016.06.10 13:01:54.170,9.32729,9.32937,1.07,1.00
2016.06.10 13:01:55.132,9.32721,9.32929,1.37,1.00
2016.06.10 13:01:55.773,9.32721,9.32929,1.00,1.00
2016.06.10 13:01:56.077,9.3273,9.32938,1.00,1.12
2016.06.10 13:01:58.612,9.32727,9.32935,1.00,1.07
2016.06.10 13:01:58.902,9.32719,9.32927,1.57,1.00
2016.06.10 13:02:01.390,9.32733,9.32941,1.00,1.37
2016.06.10 13:02:01.694,9.32744,9.32954,1.00,1.75
2016.06.10 13:02:02.391,9.32744,9.32954,1.00,1.37
2016.06.10 13:02:02.493,9.32736,9.3293,1.00,1.00
2016.06.10 13:02:02.596,9.32727,9.3293,1.07,1.00
2016.06.10 13:02:02.698,9.32748,9.32956,1.00,1.37
2016.06.10 13:02:02.800,9.32735,9.32933,1.00,1.00
2016.06.10 13:02:02.851,9.32725,9.32933,1.07,1.00
2016.06.10 13:02:02.902,9.32716,9.32924,1.87,1.00
2016.06.10 13:02:05.037,9.32728,9.32938,1.07,1.00
2016.06.10 13:02:05.139,9.32741,9.32944,1.00,1.07
2016.06.10 13:02:05.478,9.32718,9.32926,1.37,1.00
2016.06.10 13:02:05.929,9.3274,9.32948,1.00,1.37
2016.06.10 13:02:06.308,9.32726,9.32925,1.00,1.00
2016.06.10 13:02:06.359,9.32717,9.32925,1.07,1.00
2016.06.10 13:02:06.410,9.32736,9.32944,1.00,1.87
2016.06.10 13:02:06.714,9.32747,9.32955,1.00,1.75
2016.06.10 13:02:08.615,9.32735,9.32932,1.00,1.07
2016.06.10 13:02:08.666,9.32726,9.32932,1.00,1.07
2016.06.10 13:02:08.717,9.32744,9.32952,1.00,1.75
2016.06.10 13:02:08.819,9.32739,9.32947,1.00,1.37
2016.06.10 13:02:08.971,9.32739,9.32947,1.00,1.07
2016.06.10 13:02:09.646,9.32726,9.32927,1.07,1.00
2016.06.10 13:02:09.949,9.32736,9.32934,1.00,1.00
2016.06.10 13:02:10.051,9.32736,9.32925,1.00,1.00
2016.06.10 13:02:10.102,9.32717,9.32925,1.37,1.00
2016.06.10 13:02:11.123,9.32732,9.3294,1.00,1.00
2016.06.10 13:02:11.224,9.32741,9.32944,1.00,1.07
2016.06.10 13:02:11.640,9.32726,9.32925,1.07,1.00
2016.06.10 13:02:11.945,9.32729,9.32937,1.00,1.07
2016.06.10 13:02:12.512,9.32743,9.32951,1.00,1.75
2016.06.10 13:02:13.219,9.32726,9.32929,1.00,1.00
2016.06.10 13:02:13.373,9.32721,9.32929,1.10,1.00
2016.06.10 13:02:14.006,9.32733,9.32941,1.00,1.37
2016.06.10 13:02:14.261,9.32726,9.3293,1.07,1.00
2016.06.10 13:02:14.362,9.32716,9.32922,1.37,1.00
2016.06.10 13:02:14.645,9.32728,9.32938,1.07,1.00
2016.06.10 13:02:14.747,9.32747,9.32944,1.00,1.07
2016.06.10 13:02:18.655,9.32744,9.32952,1.00,1.37
2016.06.10 13:02:18.756,9.32726,9.32929,1.07,1.00
2016.06.10 13:02:19.357,9.32732,9.3294,1.00,1.00
2016.06.10 13:02:19.637,9.32744,9.32952,1.00,1.37
2016.06.10 13:02:19.957,9.32726,9.32926,1.07,1.00
2016.06.10 13:02:20.059,9.32728,9.32936,1.07,1.00
2016.06.10 13:02:20.110,9.32736,9.32936,1.00,1.00
2016.06.10 13:02:20.313,9.32726,9.32934,1.07,1.00
2016.06.10 13:02:20.364,9.32718,9.32926,1.87,1.00
2016.06.10 13:02:21.477,9.32728,9.32936,1.07,1.00
2016.06.10 13:02:21.680,9.32731,9.32939,1.10,1.00
2016.06.10 13:02:21.782,9.32739,9.32947,1.00,1.07
2016.06.10 13:02:22.443,9.32726,9.32926,1.07,1.00
2016.06.10 13:02:22.878,9.32726,9.32936,1.07,1.00
2016.06.10 13:02:22.980,9.32743,9.32944,1.00,1.07
2016.06.10 13:02:25.502,9.32726,9.3293,1.07,1.00
2016.06.10 13:02:26.249,9.32722,9.3293,1.00,1.00
2016.06.10 13:02:26.300,9.32733,9.32941,1.00,1.37
2016.06.10 13:02:26.603,9.32726,9.32927,1.00,1.00
2016.06.10 13:02:26.705,9.32716,9.32919,1.07,1.00
2016.06.10 13:02:27.283,9.32727,9.32934,1.00,1.07
2016.06.10 13:02:27.385,9.32741,9.32949,1.00,1.37
2016.06.10 13:02:31.519,9.32741,9.32949,1.00,1.12
2016.06.10 13:02:33.517,9.32726,9.32933,1.07,1.00
2016.06.10 13:02:33.896,9.32748,9.32954,1.00,1.87
2016.06.10 13:02:35.216,9.32736,9.32931,1.00,1.00
2016.06.10 13:02:35.267,9.32726,9.32931,1.07,1.00
2016.06.10 13:02:35.419,9.3275,9.32952,1.00,1.37
2016.06.10 13:02:36.679,9.3275,9.32958,1.00,1.12
2016.06.10 13:02:38.202,9.32759,9.32964,1.00,1.37
2016.06.10 13:02:38.432,9.3275,9.32958,1.00,1.12
2016.06.10 13:02:38.534,9.32732,9.32936,1.37,1.00
2016.06.10 13:02:38.698,9.32734,9.32942,1.12,1.00
2016.06.10 13:02:39.198,9.32732,9.32934,1.37,1.00
2016.06.10 13:02:39.947,9.32736,9.32944,1.07,1.00
2016.06.10 13:02:40.049,9.3275,9.32954,1.00,1.07
2016.06.10 13:02:49.655,9.3275,9.32958,1.00,1.37
2016.06.10 13:02:57.187,9.3275,9.32958,1.00,1.07
2016.06.10 13:02:57.725,9.3275,9.32954,1.00,1.00
2016.06.10 13:02:57.935,9.3275,9.32958,1.00,1.07
2016.06.10 13:02:58.569,9.32749,9.32957,1.00,1.10
2016.06.10 13:02:58.703,9.32736,9.32934,1.00,1.00
2016.06.10 13:02:58.806,9.32732,9.32934,1.00,1.00
2016.06.10 13:02:58.857,9.32726,9.32934,1.50,1.00
2016.06.10 13:02:59.815,9.32719,9.32927,1.57,1.00
2016.06.10 13:03:00.632,9.3274,9.32944,1.00,1.00
2016.06.10 13:03:00.683,9.32728,9.32936,1.00,1.00
2016.06.10 13:03:00.784,9.32719,9.32926,1.07,1.00
2016.06.10 13:03:01.206,9.3276,9.32926,1.00,1.00
2016.06.10 13:03:01.510,9.32832,9.33012,1.00,1.07
2016.06.10 13:03:01.561,9.32832,9.33012,1.00,1.00
2016.06.10 13:03:01.612,9.32832,9.33033,1.00,1.07
2016.06.10 13:03:01.663,9.32832,9.33033,1.07,1.00
2016.06.10 13:03:01.992,9.32832,9.33025,1.07,1.00
2016.06.10 13:03:02.594,9.32827,9.33032,1.37,1.00
2016.06.10 13:03:03.017,9.32827,9.33025,1.37,1.00
2016.06.10 13:03:03.118,9.32827,9.33034,1.37,1.00
2016.06.10 13:03:03.220,9.3283,9.33038,1.12,1.00
2016.06.10 13:03:03.321,9.32855,9.33044,1.00,1.00
2016.06.10 13:03:03.830,9.32855,9.33054,1.00,2.77
2016.06.10 13:03:04.586,9.32855,9.33054,1.00,1.95
2016.06.10 13:03:07.168,9.32855,9.33054,1.00,1.50
2016.06.10 13:03:07.219,9.32864,9.33054,1.00,1.50
2016.06.10 13:03:07.633,9.33005,9.33159,1.00,1.00
2016.06.10 13:03:07.735,9.33005,9.33174,1.00,1.00
2016.06.10 13:03:07.786,9.33018,9.33174,1.00,1.00
2016.06.10 13:03:07.837,9.33018,9.33215,1.00,1.00
2016.06.10 13:03:08.009,9.33029,9.33233,1.00,1.75
2016.06.10 13:03:08.163,9.33031,9.33239,1.00,1.75
2016.06.10 13:03:08.214,9.3304,9.33244,1.00,1.75
2016.06.10 13:03:08.504,9.33029,9.33234,1.00,2.25
2016.06.10 13:03:08.555,9.33031,9.33234,1.00,2.25
2016.06.10 13:03:08.707,9.33036,9.33244,1.00,1.00
2016.06.10 13:03:09.227,9.33045,9.33253,1.00,1.00
2016.06.10 13:03:09.531,9.33056,9.33246,1.00,1.00
2016.06.10 13:03:11.569,9.33056,9.33233,1.00,1.00
2016.06.10 13:03:17.183,9.33056,9.33246,1.00,1.00
2016.06.10 13:03:17.285,9.33066,9.33246,1.00,1.00
2016.06.10 13:03:18.990,9.33066,9.33258,1.00,1.00
2016.06.10 13:03:19.597,9.33065,9.33258,1.00,1.00
2016.06.10 13:03:19.843,9.33056,9.3324,1.00,1.00
2016.06.10 13:03:20.172,9.33056,9.33228,1.00,1.00
2016.06.10 13:03:20.677,9.33055,9.33228,1.00,1.00
2016.06.10 13:03:21.218,9.33059,9.33228,1.00,1.00
2016.06.10 13:03:21.370,9.33056,9.33228,1.00,1.00
2016.06.10 13:03:21.681,9.33057,9.33244,1.00,1.00
2016.06.10 13:03:21.783,9.33056,9.33226,1.00,1.00
2016.06.10 13:03:22.165,9.33046,9.33226,1.00,1.00
2016.06.10 13:03:22.368,9.33056,9.33226,1.00,1.00
2016.06.10 13:03:23.533,9.33056,9.33237,1.00,1.00
2016.06.10 13:03:23.584,9.33058,9.33237,1.00,1.00
2016.06.10 13:03:24.582,9.33055,9.33237,1.00,1.00
2016.06.10 13:03:25.584,9.3307,9.33237,1.00,1.00
2016.06.10 13:03:25.635,9.3307,9.33249,1.00,1.00
2016.06.10 13:03:25.686,9.33078,9.33249,1.00,1.00
2016.06.10 13:03:25.942,9.33078,9.33261,1.00,1.07
2016.06.10 13:03:26.044,9.33086,9.33261,1.00,1.07
2016.06.10 13:03:28.678,9.33076,9.33261,1.00,1.07
2016.06.10 13:03:32.567,9.33075,9.33261,1.00,1.07
2016.06.10 13:03:40.060,9.33076,9.33261,1.00,1.07
2016.06.10 13:03:42.687,9.33086,9.33261,1.00,1.07
2016.06.10 13:03:43.606,9.33075,9.33261,1.00,1.07
2016.06.10 13:03:44.456,9.33076,9.33261,1.00,1.07
2016.06.10 13:03:45.370,9.33086,9.33261,1.00,1.07
2016.06.10 13:03:46.435,9.33076,9.33261,1.00,1.07
2016.06.10 13:03:46.638,9.33076,9.33288,1.00,1.12
2016.06.10 13:03:46.739,9.3308,9.33292,1.00,1.75
2016.06.10 13:03:47.011,9.33098,9.33292,1.00,1.00
2016.06.10 13:03:47.063,9.33098,9.33304,1.00,1.07
2016.06.10 13:03:47.114,9.33108,9.33305,1.00,1.07
2016.06.10 13:03:47.277,9.33108,9.33307,1.00,1.00
2016.06.10 13:03:49.665,9.33098,9.33307,1.07,1.00
2016.06.10 13:03:49.822,9.33108,9.33307,1.00,1.00
2016.06.10 13:03:50.173,9.33108,9.33296,1.00,1.00
2016.06.10 13:03:50.508,9.33094,9.33296,1.12,1.00
2016.06.10 13:03:51.787,9.33094,9.33296,1.00,1.00
2016.06.10 13:03:51.939,9.33094,9.33296,1.07,1.00
2016.06.10 13:03:53.047,9.33094,9.33296,1.00,1.07
2016.06.10 13:03:53.284,9.33094,9.33296,1.00,1.00
2016.06.10 13:03:54.852,9.33086,9.33296,1.57,1.00
2016.06.10 13:03:54.903,9.33086,9.33296,1.57,1.00
2016.06.10 13:03:55.005,9.33086,9.33296,1.00,1.07
2016.06.10 13:03:55.157,9.33095,9.33296,1.00,1.07
2016.06.10 13:03:55.460,9.33104,9.33296,1.00,1.07
2016.06.10 13:03:55.777,9.33115,9.33296,1.00,1.00
2016.06.10 13:03:55.980,9.33106,9.33296,1.00,1.00
2016.06.10 13:03:58.565,9.33108,9.33296,1.00,1.00
2016.06.10 13:04:00.067,9.33124,9.33296,1.00,1.00
2016.06.10 13:04:00.372,9.33124,9.33296,1.00,1.07
2016.06.10 13:04:00.644,9.33124,9.33296,1.00,1.00
2016.06.10 13:04:05.093,9.33121,9.33296,1.00,1.00
2016.06.10 13:04:10.161,9.33132,9.33296,1.00,1.00
2016.06.10 13:04:14.243,9.33132,9.33285,1.00,1.00
2016.06.10 13:04:15.249,9.33132,9.33285,1.00,1.07
2016.06.10 13:04:15.317,9.33093,9.33255,1.00,1.00
2016.06.10 13:04:16.147,9.3308,9.33255,1.00,1.00
2016.06.10 13:04:16.473,9.33088,9.33255,1.00,1.00
2016.06.10 13:04:16.676,9.33096,9.33274,1.00,1.07
2016.06.10 13:04:16.878,9.33112,9.33274,1.00,1.00
2016.06.10 13:04:16.930,9.33112,9.33304,1.00,1.00
2016.06.10 13:04:16.981,9.3312,9.33304,1.00,1.00
2016.06.10 13:04:17.032,9.33128,9.33328,1.00,1.00
2016.06.10 13:04:17.083,9.33139,9.33334,1.00,1.00
2016.06.10 13:04:17.184,9.33158,9.33354,1.00,1.50
2016.06.10 13:04:17.235,9.33187,9.33364,1.00,1.00
2016.06.10 13:04:17.661,9.33206,9.33407,1.00,1.37
2016.06.10 13:04:17.712,9.3326,9.33464,1.00,1.37
2016.06.10 13:04:17.979,9.3326,9.33464,1.00,1.00
2016.06.10 13:04:18.031,9.3326,9.33454,1.00,1.00
2016.06.10 13:04:18.132,9.33259,9.3346,1.00,1.00
2016.06.10 13:04:18.183,9.33267,9.33464,1.00,1.00
2016.06.10 13:04:18.487,9.33327,9.33513,1.00,1.00
2016.06.10 13:04:18.588,9.33329,9.33539,1.00,1.37
2016.06.10 13:04:18.639,9.33348,9.33539,1.00,1.00
2016.06.10 13:04:18.690,9.33348,9.33549,1.00,1.07
2016.06.10 13:04:18.741,9.33348,9.33549,1.00,1.00
2016.06.10 13:04:18.792,9.33352,9.33549,1.00,1.00
2016.06.10 13:04:19.283,9.33387,9.33574,1.00,1.07
2016.06.10 13:04:19.334,9.33387,9.33584,1.00,1.00
2016.06.10 13:04:19.385,9.33395,9.33584,1.00,1.00
2016.06.10 13:04:19.689,9.33482,9.33633,1.00,1.00
2016.06.10 13:04:19.992,9.33478,9.33633,1.00,1.00
2016.06.10 13:04:20.094,9.33464,9.33633,1.07,1.00
2016.06.10 13:04:20.467,9.33464,9.3369,1.07,1.00
2016.06.10 13:04:20.569,9.33476,9.33701,1.00,1.07
2016.06.10 13:04:20.721,9.33478,9.33703,1.00,1.00
2016.06.10 13:04:20.772,9.33478,9.33722,1.00,1.37
2016.06.10 13:04:20.873,9.33486,9.33727,1.00,1.37
2016.06.10 13:04:20.975,9.33486,9.33727,1.00,1.00
2016.06.10 13:04:21.077,9.33478,9.33716,1.07,1.00
2016.06.10 13:04:21.381,9.33468,9.33698,1.37,1.00
2016.06.10 13:04:21.482,9.33468,9.33704,1.37,1.00
2016.06.10 13:04:21.534,9.33468,9.33704,1.07,1.00
2016.06.10 13:04:22.125,9.33468,9.33705,1.07,1.10
2016.06.10 13:04:23.258,9.33471,9.33697,1.07,1.00
2016.06.10 13:04:23.671,9.33471,9.33704,1.07,1.00
2016.06.10 13:04:23.772,9.33471,9.33702,1.07,1.00
2016.06.10 13:04:25.174,9.33471,9.33713,1.07,1.07
2016.06.10 13:04:29.584,9.33457,9.33701,1.37,1.00
2016.06.10 13:04:31.857,9.33456,9.33688,1.07,1.00
2016.06.10 13:04:34.935,9.33452,9.33674,1.07,1.00
2016.06.10 13:04:36.926,9.33452,9.33675,1.07,1.00
2016.06.10 13:04:37.620,9.33452,9.33674,1.07,1.00
2016.06.10 13:04:40.294,9.33425,9.33655,1.37,1.00
2016.06.10 13:04:40.598,9.33396,9.33624,1.37,1.00
2016.06.10 13:04:40.649,9.33396,9.33624,1.00,1.10
2016.06.10 13:04:40.700,9.3339,9.33614,1.07,1.00
2016.06.10 13:04:41.010,9.33376,9.33604,1.50,1.00
2016.06.10 13:04:41.591,9.33361,9.33584,1.07,1.00
2016.06.10 13:04:42.175,9.33361,9.33585,1.07,1.00
2016.06.10 13:04:42.701,9.33361,9.33584,1.07,1.00
2016.06.10 13:04:43.956,9.33361,9.33574,1.07,1.00
2016.06.10 13:04:44.417,9.33361,9.33584,1.00,1.00
2016.06.10 13:04:45.055,9.33361,9.33574,1.00,1.00
2016.06.10 13:04:51.561,9.33362,9.33574,1.00,1.00
2016.06.10 13:04:52.642,9.33362,9.33574,1.07,1.00
2016.06.10 13:04:54.495,9.33362,9.33574,1.07,1.00
2016.06.10 13:04:54.625,9.33362,9.33584,1.07,1.07
2016.06.10 13:04:55.009,9.33362,9.33574,1.07,1.00
2016.06.10 13:04:55.312,9.33346,9.33564,1.75,1.00
2016.06.10 13:04:55.414,9.33334,9.33554,1.00,1.00
2016.06.10 13:04:55.516,9.33334,9.33554,1.00,1.37
2016.06.10 13:04:55.568,9.33326,9.33554,1.00,1.37
2016.06.10 13:04:55.619,9.33316,9.33544,1.00,1.00
2016.06.10 13:04:55.670,9.33316,9.33528,1.00,1.00
2016.06.10 13:04:55.974,9.33304,9.33524,1.37,1.00
2016.06.10 13:04:56.619,9.33285,9.33505,1.75,1.00
2016.06.10 13:04:56.823,9.33286,9.33504,1.50,1.00
2016.06.10 13:04:56.874,9.33277,9.33494,1.75,1.00
2016.06.10 13:04:57.575,9.33266,9.33494,1.75,1.00
2016.06.10 13:04:57.909,9.33266,9.33494,1.75,1.00
2016.06.10 13:05:05.339,9.33265,9.33495,1.75,1.00
2016.06.10 13:05:05.891,9.33266,9.33494,1.75,1.00
2016.06.10 13:05:06.642,9.33266,9.33485,1.75,1.00
2016.06.10 13:05:06.861,9.33266,9.33494,1.75,1.00
2016.06.10 13:05:07.141,9.33251,9.33474,1.75,1.00
2016.06.10 13:05:07.192,9.33246,9.33484,1.75,1.00
2016.06.10 13:05:07.294,9.33248,9.33474,1.75,1.00
2016.06.10 13:05:07.702,9.33246,9.33474,1.37,1.07
2016.06.10 13:05:08.372,9.33226,9.33454,1.75,1.00
2016.06.10 13:05:08.881,9.33226,9.33454,1.75,1.00
2016.06.10 13:05:08.932,9.33226,9.33454,1.75,1.00
2016.06.10 13:05:09.467,9.33226,9.33424,1.75,1.00
2016.06.10 13:05:09.787,9.33125,9.33355,1.75,1.00
2016.06.10 13:05:09.888,9.33126,9.33342,1.50,1.00
2016.06.10 13:05:09.939,9.33096,9.33334,1.75,1.00
2016.06.10 13:05:10.041,9.33096,9.33324,1.75,1.00
2016.06.10 13:05:10.344,9.33086,9.33314,1.75,1.00
2016.06.10 13:05:10.496,9.33076,9.33304,1.75,1.00
2016.06.10 13:05:10.597,9.33066,9.33294,1.75,1.00
2016.06.10 13:05:10.699,9.33066,9.33284,1.75,1.00
2016.06.10 13:05:10.800,9.33056,9.33284,1.75,1.00
2016.06.10 13:05:11.218,9.33025,9.33255,1.75,1.00
2016.06.10 13:05:11.270,9.33025,9.33255,1.75,1.00
2016.06.10 13:05:11.372,9.33016,9.33244,1.75,1.00
2016.06.10 13:05:11.473,9.33016,9.33244,1.75,1.00
2016.06.10 13:05:11.676,9.33006,9.33244,1.75,1.00
2016.06.10 13:05:11.829,9.33005,9.33235,1.75,1.00
2016.06.10 13:05:12.132,9.32996,9.33224,1.75,1.00
2016.06.10 13:05:12.856,9.32996,9.33224,1.75,1.00
2016.06.10 13:05:12.908,9.32986,9.33214,1.75,1.00
2016.06.10 13:05:13.212,9.32976,9.332,1.37,1.00
2016.06.10 13:05:13.264,9.32966,9.33184,1.75,1.00
2016.06.10 13:05:13.315,9.32966,9.33184,1.37,1.00
2016.06.10 13:05:13.367,9.32946,9.33174,1.75,1.00
2016.06.10 13:05:13.418,9.32946,9.33174,1.37,1.00
2016.06.10 13:05:13.774,9.32926,9.33154,1.75,1.00
2016.06.10 13:05:14.153,9.32926,9.33154,1.37,1.00
2016.06.10 13:05:14.255,9.32916,9.33144,1.75,1.00
2016.06.10 13:05:14.307,9.32916,9.33144,1.37,1.00
2016.06.10 13:05:14.358,9.32906,9.33134,1.75,1.00
2016.06.10 13:05:14.409,9.32906,9.33134,1.37,1.00
2016.06.10 13:05:14.662,9.32906,9.33134,1.12,1.37
2016.06.10 13:05:14.967,9.32886,9.33114,1.37,1.07
2016.06.10 13:05:15.342,9.32876,9.33104,1.00,1.07
2016.06.10 13:05:15.410,9.32876,9.33104,1.00,1.37
2016.06.10 13:05:15.563,9.32855,9.33085,1.00,1.00
2016.06.10 13:05:15.765,9.32856,9.33084,1.37,1.00
2016.06.10 13:05:16.488,9.32836,9.33054,1.37,1.00
2016.06.10 13:05:16.964,9.32826,9.33054,1.37,1.07
2016.06.10 13:05:19.687,9.32836,9.33064,1.37,1.00
2016.06.10 13:05:19.839,9.32846,9.33074,1.37,1.00
2016.06.10 13:05:20.192,9.32846,9.33074,1.37,1.12
2016.06.10 13:05:21.093,9.32846,9.33074,1.37,1.00
2016.06.10 13:05:21.447,9.32846,9.33074,1.37,1.12
2016.06.10 13:05:22.244,9.32846,9.33074,1.00,1.37
2016.06.10 13:05:22.573,9.32835,9.33065,1.07,1.07
2016.06.10 13:05:26.197,9.32826,9.33054,1.37,1.00
2016.06.10 13:05:28.175,9.32861,9.33054,1.00,1.00
2016.06.10 13:05:30.542,9.32858,9.33075,1.37,1.37
2016.06.10 13:05:30.593,9.32858,9.33075,1.45,1.00
2016.06.10 13:05:30.694,9.32883,9.33094,1.12,1.00
2016.06.10 13:05:30.745,9.32886,9.33114,1.45,1.75
2016.06.10 13:05:30.847,9.32898,9.33114,1.12,1.00
2016.06.10 13:05:31.017,9.32898,9.33114,1.12,1.00
2016.06.10 13:05:31.169,9.32917,9.33135,1.12,1.00
2016.06.10 13:05:31.271,9.32928,9.33134,1.12,1.00
2016.06.10 13:05:31.396,9.32928,9.33144,1.12,1.30
2016.06.10 13:05:31.498,9.32931,9.33144,1.12,1.30
2016.06.10 13:05:32.049,9.32926,9.33154,1.75,1.00
2016.06.10 13:05:32.262,9.32935,9.33165,1.75,1.00
2016.06.10 13:05:32.577,9.32945,9.33175,1.37,1.07
2016.06.10 13:05:34.291,9.33017,9.33184,1.00,1.37
2016.06.10 13:05:34.342,9.33017,9.33209,1.00,1.75
2016.06.10 13:05:34.621,9.33026,9.33229,1.00,1.75
2016.06.10 13:05:34.681,9.33046,9.33274,1.00,1.37
2016.06.10 13:05:34.782,9.33034,9.33254,1.00,1.00
2016.06.10 13:05:34.884,9.33027,9.33254,1.00,1.00
2016.06.10 13:05:34.936,9.33027,9.33244,1.00,1.00
2016.06.10 13:05:35.037,9.33036,9.33264,1.37,1.00
2016.06.10 13:05:35.139,9.33066,9.33284,1.00,1.37
2016.06.10 13:05:35.241,9.33076,9.33293,1.00,1.07
2016.06.10 13:05:35.444,9.33086,9.33308,1.37,1.00
2016.06.10 13:05:35.546,9.33086,9.33324,1.75,1.07
2016.06.10 13:05:35.852,9.3311,9.33334,1.00,1.37
2016.06.10 13:05:36.004,9.33138,9.33364,1.10,1.37
2016.06.10 13:05:36.208,9.33155,9.33384,1.07,1.37
2016.06.10 13:05:36.411,9.33156,9.33384,1.75,1.00
2016.06.10 13:05:36.464,9.33166,9.33394,1.75,1.10
2016.06.10 13:05:36.566,9.33166,9.33394,1.75,1.00
2016.06.10 13:05:36.888,9.33166,9.33394,1.75,1.00
2016.06.10 13:05:37.394,9.33165,9.33395,1.75,1.00
2016.06.10 13:05:37.956,9.33166,9.33394,1.75,1.00
2016.06.10 13:05:39.873,9.33143,9.33364,1.75,1.00
2016.06.10 13:05:39.976,9.33143,9.33364,1.75,1.00
2016.06.10 13:05:40.077,9.33156,9.33384,1.75,1.50
2016.06.10 13:05:40.343,9.33171,9.33394,1.75,1.00
2016.06.10 13:05:43.888,9.33166,9.33394,1.75,1.50
2016.06.10 13:05:44.141,9.33149,9.33374,1.75,1.00
2016.06.10 13:05:44.242,9.33136,9.33364,1.00,1.00
2016.06.10 13:05:44.344,9.33136,9.33364,1.00,1.07
2016.06.10 13:05:44.395,9.33126,9.33354,1.00,1.00
2016.06.10 13:05:44.445,9.33126,9.33354,1.37,1.00
2016.06.10 13:05:46.255,9.33136,9.33364,1.07,1.37
2016.06.10 13:05:50.521,9.33119,9.33294,1.00,1.00
2016.06.10 13:05:50.841,9.33119,9.33274,1.00,1.00
2016.06.10 13:05:51.145,9.33119,9.33264,1.00,1.00
2016.06.10 13:05:51.358,9.33036,9.33264,1.37,1.37
2016.06.10 13:05:51.409,9.33016,9.33244,1.75,1.00
2016.06.10 13:05:51.510,9.33006,9.33234,1.75,1.00
2016.06.10 13:05:51.763,9.32996,9.33224,1.75,1.00
2016.06.10 13:05:51.814,9.32996,9.33224,1.75,1.00
2016.06.10 13:05:52.073,9.32979,9.33204,1.37,1.00
2016.06.10 13:05:52.176,9.32967,9.33194,1.75,1.00
2016.06.10 13:05:52.480,9.32956,9.33184,1.75,1.00
2016.06.10 13:05:52.581,9.32946,9.33184,1.75,1.07
2016.06.10 13:05:54.822,9.32953,9.33094,1.37,1.00
2016.06.10 13:05:55.393,9.32859,9.33084,1.75,1.00
2016.06.10 13:05:55.457,9.32866,9.33094,1.00,1.75
2016.06.10 13:05:55.559,9.32866,9.33094,1.00,1.75
2016.06.10 13:05:55.610,9.32836,9.33064,1.00,1.75
2016.06.10 13:05:55.712,9.32826,9.33054,1.00,1.37
2016.06.10 13:05:55.814,9.32806,9.33034,1.00,1.07
2016.06.10 13:05:55.916,9.32806,9.33034,1.00,1.37
2016.06.10 13:05:56.220,9.32796,9.33024,1.00,1.50
2016.06.10 13:05:56.372,9.32786,9.33014,1.00,1.37
2016.06.10 13:05:56.474,9.32796,9.33024,1.00,1.50
2016.06.10 13:05:56.575,9.32786,9.33014,1.00,1.37
2016.06.10 13:05:58.343,9.32775,9.33005,1.00,1.10
2016.06.10 13:05:58.925,9.32776,9.33004,1.00,1.37
2016.06.10 13:05:59.297,9.32776,9.33004,1.00,1.75
2016.06.10 13:05:59.673,9.32766,9.32994,1.00,1.37
2016.06.10 13:06:00.079,9.32766,9.32979,1.00,1.00
2016.06.10 13:06:00.296,9.32756,9.32979,1.00,1.07
2016.06.10 13:06:00.766,9.32756,9.32984,1.07,1.37
2016.06.10 13:06:01.069,9.32766,9.32994,1.00,1.75
2016.06.10 13:06:01.287,9.32756,9.32984,1.07,1.37
2016.06.10 13:06:01.711,9.32756,9.32984,1.00,1.50
2016.06.10 13:06:02.135,9.32712,9.32944,1.75,1.00
2016.06.10 13:06:02.185,9.32712,9.32934,1.75,1.00
2016.06.10 13:06:02.287,9.32712,9.32944,1.75,1.00
2016.06.10 13:06:02.388,9.32699,9.32934,1.75,1.00
2016.06.10 13:06:02.490,9.32699,9.32934,1.50,1.07
2016.06.10 13:06:02.642,9.32699,9.32914,1.50,1.00
2016.06.10 13:06:02.743,9.32699,9.32914,1.00,1.10
2016.06.10 13:06:02.845,9.32699,9.32914,1.00,1.37
2016.06.10 13:06:04.055,9.32696,9.32918,1.00,1.37
2016.06.10 13:06:04.609,9.32736,9.32951,1.00,1.75
2016.06.10 13:06:05.061,9.32736,9.32958,1.00,1.75
2016.06.10 13:06:05.271,9.32736,9.32958,1.00,1.75
2016.06.10 13:06:05.372,9.32716,9.32947,1.00,1.75
2016.06.10 13:06:05.576,9.32716,9.32925,1.00,1.37
2016.06.10 13:06:05.627,9.32706,9.32925,1.00,1.37
2016.06.10 13:06:05.678,9.32706,9.32925,1.00,1.75
2016.06.10 13:06:05.797,9.32696,9.32925,1.00,1.75
2016.06.10 13:06:07.697,9.32686,9.32913,1.00,1.37
2016.06.10 13:06:08.426,9.32686,9.32922,1.12,1.75
2016.06.10 13:06:08.792,9.32716,9.32922,1.00,1.75
2016.06.10 13:06:11.550,9.32716,9.32867,1.00,1.00
2016.06.10 13:06:11.652,9.32621,9.32825,1.00,1.00
2016.06.10 13:06:11.703,9.32606,9.32825,2.32,1.00
2016.06.10 13:06:11.804,9.326,9.32824,1.00,1.00
2016.06.10 13:06:12.053,9.32596,9.32855,1.07,1.37
2016.06.10 13:06:12.105,9.32626,9.32855,1.00,1.37
2016.06.10 13:06:12.409,9.32606,9.32832,1.00,1.75
2016.06.10 13:06:12.712,9.32606,9.32832,1.00,1.75
2016.06.10 13:06:12.966,9.32596,9.32817,1.00,1.75
2016.06.10 13:06:13.169,9.32586,9.32794,1.00,1.75
2016.06.10 13:06:13.321,9.32576,9.32794,1.00,1.75
2016.06.10 13:06:13.805,9.32566,9.32794,1.00,1.75
2016.06.10 13:06:14.261,9.32566,9.3279,1.07,1.37
2016.06.10 13:06:14.312,9.32586,9.3279,1.00,1.37
2016.06.10 13:06:14.363,9.32586,9.3279,1.00,1.00
2016.06.10 13:06:14.414,9.32576,9.3279,1.07,1.00
2016.06.10 13:06:14.517,9.32576,9.3279,1.00,1.07
2016.06.10 13:06:14.859,9.32566,9.3281,1.00,1.75
2016.06.10 13:06:14.910,9.32566,9.3281,1.75,1.75
2016.06.10 13:06:15.362,9.32606,9.3281,1.00,1.75
2016.06.10 13:06:15.414,9.32606,9.3281,1.00,1.07
2016.06.10 13:06:15.819,9.32616,9.3281,1.00,1.07
2016.06.10 13:06:16.006,9.32616,9.3281,1.00,1.00
2016.06.10 13:06:16.772,9.32616,9.3284,1.00,1.75
2016.06.10 13:06:17.017,9.32626,9.3284,1.00,1.75
2016.06.10 13:06:17.569,9.32625,9.32856,1.00,1.75
2016.06.10 13:06:17.671,9.32625,9.32856,1.00,1.75
2016.06.10 13:06:17.722,9.32636,9.32856,1.00,1.75
2016.06.10 13:06:17.773,9.32636,9.32856,1.00,1.75
2016.06.10 13:06:18.098,9.32666,9.32876,1.00,1.75
2016.06.10 13:06:18.351,9.32666,9.32891,1.07,1.00
2016.06.10 13:06:18.453,9.32686,9.32891,1.00,1.00
2016.06.10 13:06:18.504,9.32686,9.32909,1.00,1.07
2016.06.10 13:06:18.656,9.32686,9.32909,1.00,1.75
2016.06.10 13:06:19.173,9.32725,9.32917,1.00,1.75
2016.06.10 13:06:19.224,9.32725,9.32932,1.00,1.75
2016.06.10 13:06:19.640,9.32725,9.32932,1.00,1.50
2016.06.10 13:06:20.155,9.32726,9.32932,1.00,1.50
2016.06.10 13:06:20.976,9.32686,9.32904,1.37,1.00
2016.06.10 13:06:22.312,9.32666,9.32894,1.75,1.00
2016.06.10 13:06:25.538,9.32675,9.32925,1.75,1.37
2016.06.10 13:06:26.164,9.32657,9.32899,1.75,1.75
2016.06.10 13:06:26.265,9.32657,9.32884,1.75,1.00
2016.06.10 13:06:26.367,9.3266,9.32894,1.75,1.00
2016.06.10 13:06:26.468,9.3266,9.32894,1.75,1.00
2016.06.10 13:06:26.519,9.3266,9.32903,1.75,1.00
2016.06.10 13:06:26.620,9.32656,9.32894,1.75,1.00
2016.06.10 13:06:26.722,9.32666,9.32899,1.75,1.00
2016.06.10 13:06:26.773,9.32666,9.32904,1.75,1.10
2016.06.10 13:06:42.452,9.32696,9.32918,1.00,1.37
2016.06.10 13:06:43.176,9.32696,9.32918,1.00,1.37
2016.06.10 13:06:47.422,9.32706,9.32927,1.00,1.75
2016.06.10 13:06:47.474,9.32706,9.32927,1.00,1.75
2016.06.10 13:06:47.728,9.32696,9.32927,1.10,1.75
2016.06.10 13:06:49.268,9.32706,9.3293,1.00,1.75
2016.06.10 13:06:49.905,9.32705,9.3293,1.00,1.75
2016.06.10 13:06:50.438,9.32706,9.3293,1.00,1.37
2016.06.10 13:06:52.037,9.32716,9.32941,1.00,1.75
2016.06.10 13:06:52.657,9.32716,9.32941,1.00,1.07
2016.06.10 13:06:52.906,9.32725,9.32941,1.00,1.07
2016.06.10 13:06:53.008,9.32716,9.32933,1.00,1.00
2016.06.10 13:06:53.109,9.32716,9.32941,1.00,1.07
2016.06.10 13:06:53.211,9.32726,9.32941,1.00,1.07
2016.06.10 13:06:53.974,9.32726,9.32952,1.00,1.12
2016.06.10 13:06:54.126,9.32726,9.32941,1.00,1.00
2016.06.10 13:06:54.228,9.32746,9.32963,1.00,1.00
2016.06.10 13:06:54.329,9.32756,9.32972,1.00,1.00
2016.06.10 13:06:54.633,9.32766,9.32977,1.00,1.37
2016.06.10 13:06:55.534,9.32796,9.32989,1.00,1.00
2016.06.10 13:06:55.599,9.32796,9.32999,1.00,1.07
2016.06.10 13:06:56.245,9.32797,9.33014,1.00,1.37
2016.06.10 13:06:56.397,9.32797,9.33014,1.00,1.07
2016.06.10 13:06:56.448,9.32806,9.33014,1.00,1.07
2016.06.10 13:06:56.795,9.32815,9.33014,1.00,1.07
2016.06.10 13:06:56.947,9.32816,9.33022,1.00,1.07
2016.06.10 13:06:58.263,9.32825,9.3304,1.00,1.50
2016.06.10 13:06:59.084,9.32826,9.3304,1.00,1.50
2016.06.10 13:07:00.406,9.32816,9.33026,1.00,1.07
2016.06.10 13:07:01.328,9.32819,9.33036,1.00,1.37
2016.06.10 13:07:01.548,9.32816,9.33027,1.00,1.12
2016.06.10 13:07:02.008,9.32816,9.33027,1.00,1.00
2016.06.10 13:07:02.261,9.32816,9.33019,1.00,1.00
2016.06.10 13:07:03.161,9.32816,9.33009,1.00,1.00
2016.06.10 13:07:03.262,9.32816,9.3302,1.00,1.00
2016.06.10 13:07:04.211,9.32815,9.3302,1.00,1.00
2016.06.10 13:07:04.262,9.32815,9.33007,1.00,1.00
2016.06.10 13:07:04.465,9.32806,9.33007,1.00,1.00
2016.06.10 13:07:05.588,9.32806,9.33009,1.00,1.00
2016.06.10 13:07:06.478,9.32807,9.33018,1.00,1.00
2016.06.10 13:07:06.854,9.32816,9.33018,1.00,1.00
2016.06.10 13:07:07.179,9.32826,9.33018,1.00,1.00
2016.06.10 13:07:10.297,9.32826,9.33007,1.00,1.00
2016.06.10 13:07:10.499,9.32816,9.33007,1.00,1.00
2016.06.10 13:07:11.296,9.32816,9.33013,1.00,1.00
2016.06.10 13:07:11.500,9.32826,9.33013,1.00,1.00
2016.06.10 13:07:17.714,9.32826,9.33022,1.00,1.00
2016.06.10 13:07:18.614,9.32826,9.33013,1.00,1.00
2016.06.10 13:07:19.620,9.32826,9.3302,1.00,1.00
2016.06.10 13:07:20.618,9.32826,9.3301,1.00,1.00
2016.06.10 13:07:21.218,9.32826,9.33018,1.00,1.00
2016.06.10 13:07:21.428,9.32826,9.3301,1.00,1.00
2016.06.10 13:07:22.757,9.32826,9.33018,1.00,1.00
2016.06.10 13:07:25.044,9.32826,9.3301,1.00,1.00
2016.06.10 13:07:25.146,9.32826,9.33018,1.00,1.00
2016.06.10 13:07:30.840,9.32826,9.3301,1.00,1.00
2016.06.10 13:07:32.451,9.32826,9.33021,1.00,1.00
2016.06.10 13:07:33.523,9.32826,9.33009,1.00,1.00
2016.06.10 13:07:35.275,9.32826,9.33017,1.00,1.00
2016.06.10 13:07:36.981,9.32826,9.33009,1.00,1.00
2016.06.10 13:07:38.662,9.32826,9.33013,1.00,1.00
2016.06.10 13:07:38.764,9.32826,9.33005,1.00,1.00
2016.06.10 13:07:38.986,9.32816,9.33005,1.00,1.00
2016.06.10 13:07:42.094,9.32816,9.33008,1.00,1.00
2016.06.10 13:07:42.624,9.32816,9.33,1.00,1.00
2016.06.10 13:07:45.604,9.32826,9.33,1.00,1.00
2016.06.10 13:07:48.908,9.32826,9.33009,1.00,1.00
2016.06.10 13:07:49.010,9.32826,9.32998,1.00,1.00
2016.06.10 13:07:49.113,9.32816,9.32998,1.00,1.00
2016.06.10 13:07:49.226,9.32816,9.33006,1.00,1.00
2016.06.10 13:07:49.328,9.32826,9.33006,1.00,1.00
2016.06.10 13:07:49.938,9.32826,9.32998,1.00,1.00
2016.06.10 13:07:50.329,9.32816,9.32998,1.00,1.00
2016.06.10 13:07:56.033,9.32816,9.3299,1.00,1.00
2016.06.10 13:07:56.804,9.32796,9.32965,1.00,1.00
2016.06.10 13:07:57.127,9.32786,9.32952,1.00,1.00
2016.06.10 13:07:57.280,9.32775,9.32952,1.00,1.00
2016.06.10 13:07:58.066,9.32786,9.3296,1.00,1.00
2016.06.10 13:07:58.635,9.32786,9.32955,1.00,1.00
2016.06.10 13:07:58.895,9.32776,9.32955,1.00,1.00
2016.06.10 13:07:58.946,9.32776,9.32947,1.00,1.00
2016.06.10 13:08:00.589,9.32766,9.32947,1.00,1.00
2016.06.10 13:08:01.762,9.32766,9.32937,1.00,1.00
2016.06.10 13:08:04.000,9.32756,9.32937,1.00,1.00
2016.06.10 13:08:05.732,9.32756,9.3293,1.00,1.00
2016.06.10 13:08:06.186,9.32746,9.3293,1.00,1.00
2016.06.10 13:08:06.760,9.32746,9.32923,1.00,1.00
2016.06.10 13:08:07.288,9.32726,9.32911,1.00,1.00
2016.06.10 13:08:07.443,9.32725,9.32888,1.00,1.00
2016.06.10 13:08:07.545,9.32725,9.32895,1.00,1.00
2016.06.10 13:08:07.596,9.32706,9.32895,1.00,1.00
2016.06.10 13:08:07.647,9.32706,9.32905,1.00,1.00
2016.06.10 13:08:07.698,9.32726,9.32905,1.00,1.00
2016.06.10 13:08:07.749,9.32726,9.32913,1.00,1.00
2016.06.10 13:08:07.850,9.32716,9.32905,1.00,1.00
2016.06.10 13:08:07.952,9.32726,9.3288,1.00,1.00
2016.06.10 13:08:08.054,9.32716,9.3288,1.00,1.00
2016.06.10 13:08:08.156,9.32696,9.32871,1.00,1.00
2016.06.10 13:08:08.975,9.32696,9.32863,1.00,1.00
2016.06.10 13:08:09.288,9.32685,9.32863,1.00,1.00
2016.06.10 13:08:09.497,9.32676,9.32855,1.00,1.00
2016.06.10 13:08:14.990,9.32676,9.32847,1.00,1.00
2016.06.10 13:08:17.409,9.32676,9.32856,1.00,1.00
2016.06.10 13:08:17.612,9.32686,9.32856,1.00,1.00
2016.06.10 13:08:17.667,9.32686,9.32865,1.00,1.00
2016.06.10 13:08:18.568,9.32686,9.32859,1.00,1.00
2016.06.10 13:08:18.935,9.32675,9.32859,1.00,1.00
2016.06.10 13:08:19.168,9.32676,9.3285,1.00,1.00
2016.06.10 13:08:19.816,9.32676,9.32857,1.00,1.00
2016.06.10 13:08:24.479,9.32676,9.32849,1.00,1.00
2016.06.10 13:08:28.619,9.32666,9.32849,1.00,1.00
2016.06.10 13:08:29.336,9.32666,9.32841,1.00,1.00
2016.06.10 13:08:30.114,9.32666,9.3285,1.00,1.00
2016.06.10 13:08:31.000,9.32666,9.32841,1.00,1.00
2016.06.10 13:08:32.233,9.32665,9.32841,1.00,1.00
2016.06.10 13:08:33.484,9.32666,9.32841,1.00,1.00
2016.06.10 13:08:33.535,9.32666,9.32849,1.00,1.00
2016.06.10 13:08:34.010,9.32666,9.32841,1.00,1.00
2016.06.10 13:08:34.509,9.32666,9.32852,1.00,1.00
2016.06.10 13:08:35.332,9.32666,9.32844,1.00,1.00
2016.06.10 13:08:35.766,9.32666,9.32852,1.00,1.00
2016.06.10 13:08:37.563,9.32666,9.32851,1.00,1.00
2016.06.10 13:08:37.614,9.32666,9.32843,1.00,1.00
2016.06.10 13:08:37.715,9.32666,9.32851,1.00,1.00
2016.06.10 13:08:38.115,9.32666,9.32843,1.00,1.00
2016.06.10 13:08:39.023,9.32666,9.32852,1.00,1.00
2016.06.10 13:08:40.118,9.32666,9.32844,1.00,1.00
2016.06.10 13:08:42.285,9.32666,9.32852,1.00,1.00
2016.06.10 13:08:42.336,9.32666,9.32844,1.00,1.00
2016.06.10 13:08:42.762,9.32666,9.32853,1.00,1.00
2016.06.10 13:08:43.576,9.32666,9.32843,1.00,1.00
2016.06.10 13:08:43.746,9.32666,9.32852,1.00,1.00
2016.06.10 13:08:45.258,9.32666,9.32844,1.00,1.00
2016.06.10 13:08:45.871,9.32666,9.32853,1.00,1.00
2016.06.10 13:08:47.931,9.32666,9.32844,1.00,1.00
2016.06.10 13:08:48.934,9.32666,9.32852,1.00,1.00
2016.06.10 13:08:49.766,9.32666,9.32844,1.00,1.00
2016.06.10 13:08:50.937,9.32685,9.32844,1.00,1.00
2016.06.10 13:08:51.038,9.32676,9.32854,1.00,1.00
2016.06.10 13:08:51.676,9.32666,9.32854,1.00,1.00
2016.06.10 13:08:51.980,9.32666,9.32846,1.00,1.00
2016.06.10 13:08:55.590,9.32666,9.32854,1.00,1.00
2016.06.10 13:08:56.542,9.32656,9.32854,1.00,1.00
2016.06.10 13:08:56.593,9.32656,9.32844,1.00,1.00
2016.06.10 13:08:56.896,9.32666,9.32844,1.00,1.00
2016.06.10 13:08:57.651,9.32666,9.32853,1.00,1.00
2016.06.10 13:08:57.854,9.32666,9.32842,1.00,1.00
2016.06.10 13:08:57.955,9.32666,9.32851,1.00,1.00
2016.06.10 13:08:58.676,9.32666,9.32848,1.00,1.00
2016.06.10 13:09:02.365,9.32666,9.32856,1.00,1.00
2016.06.10 13:09:02.517,9.32676,9.32856,1.00,1.00
2016.06.10 13:09:05.665,9.32676,9.32848,1.00,1.00
2016.06.10 13:09:07.536,9.32666,9.32848,1.00,1.00
2016.06.10 13:09:08.094,9.32676,9.32848,1.00,1.00
2016.06.10 13:09:08.448,9.32666,9.32848,1.00,1.00
2016.06.10 13:09:08.971,9.32666,9.3285,1.00,1.00
2016.06.10 13:09:09.123,9.32676,9.3285,1.00,1.00
2016.06.10 13:09:09.429,9.32676,9.32842,1.00,1.00
2016.06.10 13:09:09.531,9.32666,9.32842,1.00,1.00
2016.06.10 13:09:10.577,9.32666,9.32833,1.00,1.00
2016.06.10 13:09:11.541,9.32656,9.32833,1.00,1.00
2016.06.10 13:09:12.405,9.32656,9.32824,1.00,1.00
2016.06.10 13:09:12.709,9.32655,9.32817,1.00,1.00
2016.06.10 13:09:12.814,9.32646,9.32817,1.00,1.00
2016.06.10 13:09:13.886,9.32646,9.32808,1.00,1.00
2016.06.10 13:09:14.273,9.32656,9.32808,1.00,1.00
2016.06.10 13:09:14.374,9.32646,9.32808,1.00,1.00
2016.06.10 13:09:18.583,9.32646,9.32811,1.00,1.00
2016.06.10 13:09:22.536,9.32646,9.32802,1.00,1.00
2016.06.10 13:09:23.005,9.32646,9.3281,1.00,1.00
2016.06.10 13:09:23.214,9.32646,9.32802,1.00,1.00
2016.06.10 13:09:23.949,9.32645,9.32802,1.00,1.00
2016.06.10 13:09:24.641,9.32645,9.32793,1.00,1.00
2016.06.10 13:09:25.186,9.32646,9.32793,1.00,1.00
2016.06.10 13:09:25.287,9.32636,9.32793,1.00,1.00
2016.06.10 13:09:25.802,9.32646,9.32793,1.00,1.00
2016.06.10 13:09:26.474,9.32636,9.32784,1.00,1.00
2016.06.10 13:09:34.857,9.32636,9.32792,1.00,1.00
2016.06.10 13:09:38.044,9.32636,9.32801,1.00,1.00
2016.06.10 13:09:38.799,9.32636,9.32798,1.00,1.00
2016.06.10 13:09:39.225,9.32646,9.32806,1.00,1.00
2016.06.10 13:09:43.646,9.32656,9.32806,1.00,1.00
2016.06.10 13:09:44.524,9.32646,9.32806,1.00,1.00
2016.06.10 13:09:55.949,9.32656,9.32806,1.00,1.00
2016.06.10 13:09:56.385,9.32676,9.32817,1.00,1.00
2016.06.10 13:09:56.487,9.32676,9.32834,1.00,1.00
2016.06.10 13:09:56.639,9.32686,9.32834,1.00,1.00
2016.06.10 13:09:56.690,9.32686,9.32842,1.00,1.00
2016.06.10 13:09:56.741,9.32696,9.32842,1.00,1.00
2016.06.10 13:09:57.072,9.32706,9.32849,1.00,1.00
2016.06.10 13:09:57.174,9.32706,9.32859,1.00,1.00
2016.06.10 13:09:57.582,9.32716,9.3287,1.00,1.00
2016.06.10 13:09:58.383,9.32716,9.32877,1.00,1.00
2016.06.10 13:09:59.927,9.32726,9.32877,1.00,1.00
2016.06.10 13:09:59.978,9.32726,9.32894,1.00,1.00
2016.06.10 13:10:00.181,9.32726,9.32902,1.00,1.00
2016.06.10 13:10:00.774,9.32735,9.32902,1.00,1.00
2016.06.10 13:10:00.884,9.32726,9.32902,1.00,1.00
2016.06.10 13:10:00.985,9.32726,9.32891,1.00,1.00
2016.06.10 13:10:01.461,9.32716,9.32891,1.00,1.00
2016.06.10 13:10:01.703,9.32726,9.32891,1.00,1.00
2016.06.10 13:10:02.288,9.32746,9.32916,1.00,1.00
2016.06.10 13:10:06.674,9.32756,9.32929,1.00,1.00
2016.06.10 13:10:07.196,9.32765,9.32937,1.00,1.00
2016.06.10 13:10:07.510,9.32786,9.32937,1.00,1.00
2016.06.10 13:10:07.693,9.32785,9.32945,1.00,1.10
2016.06.10 13:10:07.845,9.32796,9.32945,1.00,1.00
2016.06.10 13:10:08.188,9.32815,9.32962,1.00,1.00
2016.06.10 13:10:08.289,9.32815,9.32974,1.00,1.00
2016.06.10 13:10:08.497,9.32826,9.32982,1.00,1.00
2016.06.10 13:10:09.544,9.32836,9.32995,1.00,1.00
2016.06.10 13:10:09.815,9.32836,9.33003,1.00,1.00
2016.06.10 13:10:11.168,9.32816,9.32994,1.00,1.00
2016.06.10 13:10:11.983,9.32816,9.32984,1.00,1.00
2016.06.10 13:10:15.737,9.32816,9.32993,1.00,1.00
2016.06.10 13:10:16.490,9.32816,9.32985,1.00,1.00
2016.06.10 13:10:16.832,9.32806,9.32985,1.00,1.00
2016.06.10 13:10:17.164,9.32816,9.32978,1.00,1.00
2016.06.10 13:10:17.216,9.32816,9.32987,1.00,1.00
2016.06.10 13:10:17.317,9.32826,9.32987,1.00,1.00
2016.06.10 13:10:17.418,9.32816,9.32987,1.00,1.00
2016.06.10 13:10:17.520,9.32816,9.3298,1.00,1.00
2016.06.10 13:10:17.722,9.32806,9.3299,1.00,1.00
2016.06.10 13:10:17.824,9.32826,9.3299,1.00,1.00
2016.06.10 13:10:18.026,9.32826,9.33,1.00,1.00
2016.06.10 13:10:18.558,9.32836,9.33007,1.00,1.00
2016.06.10 13:10:18.863,9.32856,9.33004,1.00,1.00
2016.06.10 13:10:19.015,9.32856,9.33014,1.00,1.07
2016.06.10 13:10:19.117,9.32856,9.33014,1.00,1.00
2016.06.10 13:10:19.320,9.32856,9.33003,1.00,1.00
2016.06.10 13:10:19.371,9.32836,9.33003,1.00,1.00
2016.06.10 13:10:19.422,9.32836,9.32994,1.00,1.00
2016.06.10 13:10:19.625,9.32826,9.32994,1.00,1.00
2016.06.10 13:10:20.185,9.32816,9.32984,1.00,1.00
2016.06.10 13:10:20.308,9.32816,9.32993,1.00,1.00
2016.06.10 13:10:20.359,9.32826,9.32993,1.00,1.00
2016.06.10 13:10:20.410,9.32826,9.33022,1.00,1.37
2016.06.10 13:10:20.512,9.32876,9.33026,1.00,1.07
2016.06.10 13:10:20.613,9.32885,9.33045,1.00,1.07
2016.06.10 13:10:20.968,9.32885,9.33045,1.00,1.00
2016.06.10 13:10:21.273,9.32906,9.33045,1.00,1.00
2016.06.10 13:10:21.527,9.32916,9.33065,1.00,1.00
2016.06.10 13:10:21.577,9.32926,9.33065,1.00,1.00
2016.06.10 13:10:21.730,9.32926,9.33073,1.00,1.00
2016.06.10 13:10:21.831,9.32926,9.33081,1.00,1.00
2016.06.10 13:10:22.774,9.32936,9.33081,1.00,1.00
2016.06.10 13:10:22.825,9.32936,9.33091,1.00,1.00
2016.06.10 13:10:22.926,9.32946,9.33091,1.00,1.00
2016.06.10 13:10:23.129,9.32936,9.33091,1.00,1.00
2016.06.10 13:10:23.332,9.32946,9.33091,1.00,1.00
2016.06.10 13:10:23.652,9.32936,9.33091,1.00,1.00
2016.06.10 13:10:26.008,9.32946,9.33091,1.00,1.00
2016.06.10 13:10:26.522,9.32946,9.33101,1.00,1.00
2016.06.10 13:10:27.062,9.32945,9.33101,1.00,1.00
2016.06.10 13:10:27.755,9.32936,9.33101,1.00,1.00
2016.06.10 13:10:27.856,9.32945,9.33101,1.00,1.00
2016.06.10 13:10:28.541,9.32946,9.33101,1.00,1.00
2016.06.10 13:10:29.030,9.32946,9.3311,1.00,1.50
2016.06.10 13:10:29.432,9.32946,9.33103,1.00,1.00
2016.06.10 13:10:30.119,9.32946,9.3311,1.00,1.00
2016.06.10 13:10:30.475,9.32956,9.3311,1.00,1.00
2016.06.10 13:10:31.069,9.32956,9.33111,1.00,1.00
2016.06.10 13:10:31.120,9.32956,9.33122,1.00,1.07
2016.06.10 13:10:31.374,9.32966,9.33122,1.00,1.00
2016.06.10 13:10:33.045,9.32966,9.33122,1.00,1.07
2016.06.10 13:10:33.803,9.32966,9.33117,1.00,1.00
2016.06.10 13:10:34.698,9.32976,9.33117,1.00,1.00
2016.06.10 13:10:35.231,9.32965,9.33117,1.00,1.00
2016.06.10 13:10:35.304,9.32965,9.33122,1.00,1.00
2016.06.10 13:10:36.809,9.32936,9.33103,1.00,1.00
2016.06.10 13:10:36.862,9.32936,9.33108,1.00,1.00
2016.06.10 13:10:36.913,9.32936,9.33108,1.00,1.75
2016.06.10 13:10:37.224,9.32946,9.33108,1.00,1.75
2016.06.10 13:10:37.554,9.32956,9.33108,1.00,1.75
2016.06.10 13:10:37.909,9.32956,9.33116,1.00,1.00
2016.06.10 13:10:38.666,9.32956,9.33112,1.00,1.00
2016.06.10 13:10:39.071,9.32966,9.33112,1.00,1.00
2016.06.10 13:10:39.394,9.32956,9.33122,1.00,1.07
2016.06.10 13:10:39.496,9.32965,9.33122,1.00,1.07
2016.06.10 13:10:39.602,9.32956,9.33122,1.00,1.07
2016.06.10 13:10:39.957,9.32966,9.33122,1.00,1.00
2016.06.10 13:10:40.060,9.32966,9.3313,1.00,1.07
2016.06.10 13:10:40.552,9.32956,9.3313,1.00,1.07
2016.06.10 13:10:43.572,9.32966,9.33129,1.00,1.10
2016.06.10 13:10:43.875,9.32976,9.33137,1.00,1.37
2016.06.10 13:10:44.380,9.32976,9.33128,1.00,1.00
2016.06.10 13:10:44.481,9.32966,9.33128,1.00,1.00
2016.06.10 13:10:46.377,9.32966,9.33136,1.00,1.12
2016.06.10 13:10:46.920,9.32965,9.33128,1.00,1.00
2016.06.10 13:10:47.426,9.32986,9.33137,1.00,1.37
2016.06.10 13:10:47.477,9.32986,9.33137,1.00,1.10
2016.06.10 13:10:47.680,9.32976,9.33137,1.00,1.10
2016.06.10 13:10:47.782,9.32976,9.33129,1.00,1.00
2016.06.10 13:10:48.127,9.32986,9.33129,1.00,1.00
2016.06.10 13:10:48.384,9.32986,9.33139,1.00,1.07
2016.06.10 13:10:49.011,9.32985,9.33139,1.00,1.07
2016.06.10 13:10:50.601,9.32986,9.33139,1.00,1.07
2016.06.10 13:10:54.789,9.32985,9.33146,1.00,1.37
2016.06.10 13:10:55.933,9.32986,9.33146,1.00,1.37
2016.06.10 13:10:56.136,9.32976,9.33146,1.00,1.37
2016.06.10 13:10:57.233,9.32966,9.33138,1.00,1.07
2016.06.10 13:11:00.966,9.32975,9.33139,1.00,1.07
2016.06.10 13:11:01.216,9.32976,9.33139,1.00,1.00
2016.06.10 13:11:03.143,9.32916,9.33099,1.00,1.00
2016.06.10 13:11:03.397,9.32916,9.33107,1.00,1.00
2016.06.10 13:11:04.021,9.32915,9.33107,1.00,1.00
2016.06.10 13:11:04.571,9.32915,9.33108,1.00,1.00
2016.06.10 13:11:05.026,9.32915,9.331,1.00,1.00
2016.06.10 13:11:05.229,9.32915,9.33108,1.00,1.00
2016.06.10 13:11:05.290,9.32915,9.33098,1.00,1.00
2016.06.10 13:11:05.700,9.32916,9.33107,1.00,1.00
2016.06.10 13:11:06.029,9.32916,9.33099,1.00,1.00
2016.06.10 13:11:08.835,9.32916,9.33107,1.00,1.00
2016.06.10 13:11:09.774,9.32916,9.33098,1.00,1.00
2016.06.10 13:11:09.825,9.32916,9.33108,1.00,1.00
2016.06.10 13:11:09.876,9.32926,9.33108,1.00,1.00
2016.06.10 13:11:10.189,9.32916,9.33108,1.00,1.00
2016.06.10 13:11:10.540,9.32926,9.33108,1.00,1.00
2016.06.10 13:11:10.743,9.32916,9.33108,1.00,1.00
2016.06.10 13:11:12.205,9.32916,9.331,1.00,1.00
2016.06.10 13:11:13.907,9.32916,9.33109,1.00,1.00
2016.06.10 13:11:14.251,9.32916,9.33101,1.00,1.00
2016.06.10 13:11:14.471,9.32906,9.33101,1.00,1.00
2016.06.10 13:11:17.174,9.32906,9.3311,1.00,1.00
2016.06.10 13:11:17.225,9.32916,9.3311,1.00,1.00
2016.06.10 13:11:18.060,9.32916,9.33101,1.00,1.00
2016.06.10 13:11:18.212,9.32906,9.33101,1.00,1.00
2016.06.10 13:11:18.562,9.32906,9.33109,1.00,1.00
2016.06.10 13:11:18.839,9.32906,9.33101,1.00,1.00
2016.06.10 13:11:19.266,9.32906,9.33093,1.00,1.00
2016.06.10 13:11:19.418,9.32906,9.33106,1.00,1.00
2016.06.10 13:11:21.038,9.32906,9.33096,1.00,1.00
2016.06.10 13:11:21.219,9.32896,9.33096,1.00,1.00
2016.06.10 13:11:21.773,9.32906,9.33096,1.00,1.00
2016.06.10 13:11:21.875,9.32896,9.33096,1.00,1.00
2016.06.10 13:11:21.976,9.32906,9.33096,1.00,1.00
2016.06.10 13:11:22.027,9.32906,9.33106,1.00,1.00
2016.06.10 13:11:23.750,9.32906,9.33098,1.00,1.00
2016.06.10 13:11:24.629,9.32916,9.33098,1.00,1.00
2016.06.10 13:11:24.680,9.32916,9.33107,1.00,1.00
2016.06.10 13:11:25.180,9.32905,9.33107,1.00,1.00
2016.06.10 13:11:25.729,9.32906,9.33107,1.00,1.00
2016.06.10 13:11:25.881,9.32906,9.33099,1.00,1.00
2016.06.10 13:11:26.021,9.32896,9.33099,1.00,1.00
2016.06.10 13:11:26.948,9.32906,9.33099,1.00,1.00
2016.06.10 13:11:28.988,9.32906,9.33107,1.00,1.00
2016.06.10 13:11:29.190,9.32906,9.33097,1.00,1.00
2016.06.10 13:11:29.489,9.32929,9.33129,1.00,1.07
2016.06.10 13:11:29.824,9.32929,9.33129,1.00,1.00
2016.06.10 13:11:29.880,9.32918,9.33126,1.00,1.00
2016.06.10 13:11:30.083,9.32927,9.33135,1.00,1.00
2016.06.10 13:11:30.441,9.32929,9.33134,1.00,1.00
2016.06.10 13:11:30.692,9.32921,9.33129,1.00,1.00
2016.06.10 13:11:31.294,9.32916,9.33121,1.00,1.00
2016.06.10 13:11:31.395,9.32922,9.3313,1.00,1.00
2016.06.10 13:11:31.446,9.32916,9.33121,1.00,1.00
2016.06.10 13:11:32.115,9.32922,9.3313,1.00,1.00
2016.06.10 13:11:32.746,9.32936,9.33134,1.00,1.00
2016.06.10 13:11:32.797,9.32936,9.33144,1.00,1.07
2016.06.10 13:11:32.997,9.32944,9.33152,1.00,1.37
2016.06.10 13:11:34.056,9.32946,9.33152,1.00,1.37
2016.06.10 13:11:34.200,9.32944,9.33152,1.00,1.37
2016.06.10 13:11:38.662,9.32945,9.33155,1.00,1.37
2016.06.10 13:11:39.607,9.32938,9.33146,1.00,1.07
2016.06.10 13:11:39.770,9.32946,9.33154,1.00,1.37
2016.06.10 13:11:39.971,9.32938,9.33146,1.00,1.07
2016.06.10 13:11:40.576,9.32946,9.33154,1.00,1.37
2016.06.10 13:11:46.687,9.32938,9.33146,1.00,1.07
2016.06.10 13:11:47.702,9.32946,9.33154,1.00,1.37
2016.06.10 13:11:48.275,9.32946,9.33114,1.00,1.00
2016.06.10 13:11:48.328,9.32897,9.33105,1.00,1.00
2016.06.10 13:11:48.430,9.32901,9.33096,1.00,1.00
2016.06.10 13:11:48.481,9.32905,9.33105,1.00,1.00
2016.06.10 13:11:48.583,9.32926,9.33129,1.00,1.00
2016.06.10 13:11:48.684,9.32932,9.33134,1.00,1.00
2016.06.10 13:11:48.995,9.32932,9.3314,1.00,1.07
2016.06.10 13:11:50.191,9.32939,9.33149,1.00,1.37
2016.06.10 13:11:50.744,9.32932,9.3314,1.00,1.07
2016.06.10 13:11:58.667,9.32936,9.33144,1.00,1.07
2016.06.10 13:12:02.562,9.32928,9.33136,1.00,1.00
2016.06.10 13:12:12.180,9.32936,9.33144,1.00,1.07
2016.06.10 13:12:12.480,9.32927,9.33135,1.00,1.00
2016.06.10 13:12:13.125,9.32935,9.33124,1.00,1.00
2016.06.10 13:12:13.176,9.32909,9.33117,1.00,1.00
2016.06.10 13:12:13.227,9.32909,9.33104,1.00,1.00
2016.06.10 13:12:13.278,9.32886,9.33084,1.00,1.00
2016.06.10 13:12:13.406,9.32909,9.33084,1.00,1.00
2016.06.10 13:12:13.458,9.32909,9.33101,1.00,1.00
2016.06.10 13:12:13.560,9.32916,9.33124,1.50,1.00
2016.06.10 13:12:14.452,9.32927,9.33135,1.00,1.50
2016.06.10 13:12:17.464,9.32919,9.33127,1.00,1.00
2016.06.10 13:12:18.667,9.32923,9.33131,1.00,1.00
2016.06.10 13:12:26.516,9.32931,9.33135,1.00,1.00
2016.06.10 13:12:27.261,9.32926,9.33131,1.00,1.00
2016.06.10 13:12:29.481,9.32931,9.33135,1.00,1.00
2016.06.10 13:12:29.989,9.32926,9.33131,1.10,1.00
2016.06.10 13:12:32.071,9.3295,9.33131,1.00,1.00
2016.06.10 13:12:32.123,9.3295,9.33143,1.50,1.00
2016.06.10 13:12:32.401,9.32965,9.33154,1.00,1.07
2016.06.10 13:12:32.452,9.32965,9.3317,1.00,1.00
2016.06.10 13:12:32.503,9.32978,9.33186,1.00,1.00
2016.06.10 13:12:32.605,9.32987,9.33195,1.00,1.00
2016.06.10 13:12:33.010,9.32996,9.33204,1.00,1.50
2016.06.10 13:12:33.433,9.33004,9.33212,1.00,1.00
2016.06.10 13:12:33.760,9.33012,9.3322,1.00,1.07
2016.06.10 13:12:33.862,9.32994,9.33202,1.00,1.00
2016.06.10 13:12:33.913,9.32986,9.33191,1.00,1.00
2016.06.10 13:12:34.295,9.32985,9.33182,1.00,1.00
2016.06.10 13:12:34.348,9.32983,9.33182,1.00,1.00
2016.06.10 13:12:34.506,9.32976,9.33182,1.57,1.00
2016.06.10 13:12:37.516,9.32972,9.33177,1.37,1.00
2016.06.10 13:12:38.647,9.32972,9.33174,1.37,1.00
2016.06.10 13:12:39.322,9.32973,9.33182,1.37,1.00
2016.06.10 13:12:39.575,9.32973,9.33182,1.00,1.00
2016.06.10 13:12:40.426,9.32966,9.33174,1.57,1.00
2016.06.10 13:12:40.832,9.32957,9.33165,1.37,1.00
2016.06.10 13:12:40.883,9.32957,9.33165,1.10,1.00
2016.06.10 13:12:41.207,9.3295,9.33158,1.12,1.00
2016.06.10 13:12:43.715,9.32942,9.3315,1.07,1.00
2016.06.10 13:12:44.172,9.32942,9.3315,1.50,1.00
2016.06.10 13:12:44.636,9.32942,9.3315,1.07,1.00
2016.06.10 13:12:46.837,9.3295,9.33154,1.00,1.00
2016.06.10 13:12:46.939,9.3295,9.33158,1.00,1.00
2016.06.10 13:12:47.233,9.32941,9.33149,1.07,1.00
2016.06.10 13:12:47.735,9.32948,9.33158,1.00,1.00
2016.06.10 13:12:48.228,9.3294,9.33148,1.07,1.00
2016.06.10 13:12:49.246,9.32953,9.33154,1.00,1.00
2016.06.10 13:12:49.449,9.32953,9.33159,1.00,1.00
2016.06.10 13:12:49.821,9.32945,9.33153,1.07,1.00
2016.06.10 13:12:51.805,9.32953,9.33154,1.00,1.00
2016.06.10 13:12:52.155,9.32961,9.33159,1.00,1.00
2016.06.10 13:12:58.691,9.32969,9.33159,1.00,1.00
2016.06.10 13:12:59.134,9.3296,9.33159,1.00,1.00
2016.06.10 13:12:59.287,9.32969,9.33159,1.00,1.00
2016.06.10 13:12:59.556,9.32961,9.33159,1.00,1.00
2016.06.10 13:12:59.774,9.3297,9.33159,1.00,1.00
2016.06.10 13:13:00.091,9.32962,9.33158,1.00,1.00
2016.06.10 13:13:00.193,9.3297,9.33158,1.00,1.00
2016.06.10 13:13:00.295,9.3297,9.33174,1.00,1.10
2016.06.10 13:13:00.780,9.32978,9.3318,1.00,1.07
2016.06.10 13:13:00.882,9.32978,9.3318,1.00,1.07
2016.06.10 13:13:01.410,9.32969,9.33177,1.00,1.00
2016.06.10 13:13:01.461,9.32969,9.33177,1.00,1.37
2016.06.10 13:13:01.765,9.32961,9.33169,1.00,1.10
2016.06.10 13:13:02.229,9.32961,9.33159,1.00,1.00
2016.06.10 13:13:02.531,9.32975,9.33159,1.00,1.00
2016.06.10 13:13:02.804,9.32972,9.33159,1.00,1.00
2016.06.10 13:13:02.855,9.32972,9.3318,1.00,1.37
2016.06.10 13:13:05.237,9.32972,9.33159,1.00,1.00
2016.06.10 13:13:05.601,9.32972,9.3318,1.00,1.37
2016.06.10 13:13:06.371,9.32972,9.33159,1.00,1.00
2016.06.10 13:13:07.873,9.32969,9.33159,1.00,1.00
2016.06.10 13:13:07.927,9.32963,9.33159,1.00,1.00
2016.06.10 13:13:08.092,9.32975,9.33159,1.00,1.00
2016.06.10 13:13:08.440,9.32975,9.33181,1.00,1.37
2016.06.10 13:13:08.798,9.32975,9.33159,1.00,1.00
2016.06.10 13:13:08.951,9.32984,9.33181,1.00,1.37
2016.06.10 13:13:09.154,9.32984,9.33181,1.00,1.75
2016.06.10 13:13:09.358,9.32984,9.33181,1.00,1.37
2016.06.10 13:13:10.081,9.32991,9.33201,1.00,1.75
2016.06.10 13:13:10.486,9.32991,9.33201,1.00,1.75
2016.06.10 13:13:13.091,9.32983,9.33179,1.00,1.75
2016.06.10 13:13:13.193,9.32974,9.33179,1.00,1.75
2016.06.10 13:13:15.215,9.32962,9.3317,1.00,1.37
2016.06.10 13:13:16.792,9.32955,9.33157,1.00,1.07
2016.06.10 13:13:17.017,9.32966,9.33157,1.00,1.07
2016.06.10 13:13:18.220,9.32956,9.33157,1.00,1.07
2016.06.10 13:13:18.271,9.32952,9.33116,1.00,1.00
2016.06.10 13:13:18.373,9.32885,9.33093,1.37,1.00
2016.06.10 13:13:18.424,9.3289,9.33098,1.37,1.00
2016.06.10 13:13:18.673,9.32876,9.33074,1.37,1.00
2016.06.10 13:13:19.012,9.3287,9.33078,1.37,1.37
2016.06.10 13:13:19.317,9.32855,9.33056,1.37,1.07
2016.06.10 13:13:19.520,9.32848,9.33056,1.37,1.07
2016.06.10 13:13:19.952,9.32836,9.3304,1.37,1.07
2016.06.10 13:13:20.256,9.32816,9.33022,1.37,1.00
2016.06.10 13:13:20.726,9.32816,9.33013,1.37,1.00
2016.06.10 13:13:20.828,9.32816,9.33013,1.37,1.00
2016.06.10 13:13:20.929,9.32796,9.33003,1.37,1.07
2016.06.10 13:13:21.450,9.32786,9.32994,2.25,1.37
2016.06.10 13:13:21.754,9.32778,9.32986,1.75,1.37
2016.06.10 13:13:22.991,9.32766,9.32971,1.37,1.07
2016.06.10 13:13:23.143,9.32756,9.32963,2.25,1.00
2016.06.10 13:13:29.639,9.32756,9.32955,1.75,1.00
2016.06.10 13:13:29.854,9.32756,9.32963,1.75,1.00
2016.06.10 13:13:30.012,9.32756,9.32955,1.75,1.00
2016.06.10 13:13:31.327,9.32758,9.32964,1.75,1.50
2016.06.10 13:13:31.378,9.32758,9.32964,1.75,1.00
2016.06.10 13:13:31.429,9.32764,9.32972,1.75,1.07
2016.06.10 13:13:31.480,9.32764,9.32972,1.75,1.00
2016.06.10 13:13:31.531,9.32772,9.3298,1.75,1.07
2016.06.10 13:13:32.551,9.32781,9.32989,1.75,1.37
2016.06.10 13:13:35.007,9.32787,9.32989,1.37,1.07
2016.06.10 13:13:44.570,9.32787,9.32955,1.37,1.00
2016.06.10 13:13:44.874,9.32756,9.32944,1.75,1.00
2016.06.10 13:13:44.925,9.32756,9.32953,1.75,1.00
2016.06.10 13:13:45.026,9.32756,9.32955,1.75,1.00
2016.06.10 13:13:46.545,9.32756,9.32944,1.75,1.00
2016.06.10 13:13:47.051,9.32756,9.32945,1.75,1.00
2016.06.10 13:13:47.497,9.32746,9.32934,1.12,1.00
2016.06.10 13:13:49.284,9.32738,9.32924,1.00,1.00
2016.06.10 13:13:49.335,9.32727,9.32924,1.07,1.00
2016.06.10 13:13:49.437,9.32727,9.32924,1.00,1.00
2016.06.10 13:13:49.867,9.32722,9.32924,1.00,1.00
2016.06.10 13:13:50.272,9.32713,9.32922,1.00,1.00
2016.06.10 13:13:50.780,9.32713,9.32904,1.00,1.00
2016.06.10 13:13:50.933,9.32713,9.32914,1.00,1.00
2016.06.10 13:13:51.187,9.32713,9.32904,1.00,1.00
2016.06.10 13:13:52.359,9.32713,9.32894,1.00,1.00
2016.06.10 13:13:52.949,9.32713,9.32884,1.00,1.00
2016.06.10 13:13:53.163,9.32713,9.32894,1.00,1.00
2016.06.10 13:13:53.756,9.32697,9.32894,1.07,1.00
2016.06.10 13:13:55.606,9.32711,9.32894,1.00,1.00
2016.06.10 13:13:55.809,9.32711,9.32914,1.00,1.50
2016.06.10 13:13:56.601,9.32714,9.32914,1.00,1.00
2016.06.10 13:13:56.804,9.32711,9.32913,1.00,1.00
2016.06.10 13:13:57.110,9.32713,9.32914,1.00,1.00
2016.06.10 13:13:58.416,9.32711,9.32913,1.00,1.00
2016.06.10 13:14:02.399,9.32712,9.32914,1.00,1.00
2016.06.10 13:14:02.501,9.32712,9.32914,1.07,1.00
2016.06.10 13:14:04.019,9.32712,9.32904,1.07,1.00
2016.06.10 13:14:04.361,9.32712,9.32894,1.07,1.00
2016.06.10 13:14:04.463,9.32711,9.32894,1.00,1.00
2016.06.10 13:14:10.949,9.32711,9.32874,1.00,1.00
2016.06.10 13:14:11.221,9.32711,9.32904,1.00,1.00
2016.06.10 13:14:11.323,9.32717,9.32925,1.00,1.00
2016.06.10 13:14:12.016,9.32727,9.32925,1.00,1.00
2016.06.10 13:14:13.415,9.3271,9.32874,1.07,1.00
2016.06.10 13:14:13.516,9.3271,9.32874,1.00,1.00
2016.06.10 13:14:13.618,9.32699,9.32874,1.00,1.00
2016.06.10 13:14:13.770,9.32696,9.32874,1.00,1.00
2016.06.10 13:14:13.821,9.32696,9.32854,1.00,1.00
2016.06.10 13:14:14.358,9.32687,9.32833,1.00,1.00
2016.06.10 13:14:14.409,9.32635,9.32833,1.37,1.00
2016.06.10 13:14:14.510,9.32635,9.32824,1.37,1.00
2016.06.10 13:14:14.612,9.32635,9.32824,1.00,1.00
2016.06.10 13:14:15.074,9.32625,9.32824,1.00,1.00
2016.06.10 13:14:15.175,9.32614,9.32822,1.00,1.00
2016.06.10 13:14:15.229,9.3261,9.32805,1.00,1.00
2016.06.10 13:14:15.347,9.32597,9.32805,1.75,1.00
2016.06.10 13:14:15.398,9.32597,9.32804,1.45,1.00
2016.06.10 13:14:15.759,9.32608,9.32804,1.00,1.00
2016.06.10 13:14:16.076,9.32597,9.32804,1.07,1.00
2016.06.10 13:14:16.327,9.32595,9.32797,1.45,1.00
2016.06.10 13:14:16.480,9.32595,9.32797,1.37,1.00
2016.06.10 13:14:16.733,9.32595,9.32789,1.37,1.00
2016.06.10 13:14:17.280,9.32595,9.32789,1.00,1.00
2016.06.10 13:14:18.432,9.32595,9.32794,1.00,1.00
2016.06.10 13:14:19.049,9.32595,9.32788,1.00,1.00
2016.06.10 13:14:20.478,9.32595,9.32775,1.00,1.00
2016.06.10 13:14:20.529,9.3258,9.32774,1.95,1.00
2016.06.10 13:14:20.778,9.3258,9.32774,1.95,1.00
2016.06.10 13:14:21.087,9.32582,9.32774,1.37,1.00
2016.06.10 13:14:22.061,9.32582,9.32764,1.37,1.00
2016.06.10 13:14:22.169,9.32582,9.32774,1.37,1.00
2016.06.10 13:14:22.612,9.32582,9.32781,1.37,1.00
2016.06.10 13:14:24.781,9.32582,9.32784,1.37,1.00
2016.06.10 13:14:24.832,9.32582,9.32789,1.37,1.00
2016.06.10 13:14:24.950,9.32582,9.32784,1.37,1.00
2016.06.10 13:14:25.802,9.32594,9.32789,1.37,1.00
2016.06.10 13:14:26.089,9.32596,9.32794,1.37,1.00
2016.06.10 13:14:26.569,9.32596,9.32784,1.37,1.00
2016.06.10 13:14:30.111,9.32596,9.32794,1.37,1.00
2016.06.10 13:14:30.263,9.32596,9.32786,1.37,1.00
2016.06.10 13:14:30.548,9.32596,9.32795,1.37,1.50
2016.06.10 13:14:30.801,9.32596,9.32803,1.37,1.00
2016.06.10 13:14:30.903,9.32596,9.32803,1.50,1.00
2016.06.10 13:14:31.207,9.32596,9.32796,1.50,1.00
2016.06.10 13:14:32.398,9.32611,9.32796,1.00,1.00
2016.06.10 13:14:32.500,9.32611,9.32806,1.00,1.00
2016.06.10 13:14:32.882,9.32611,9.32812,1.00,1.00
2016.06.10 13:14:33.086,9.32611,9.32801,1.00,1.00
2016.06.10 13:14:33.188,9.32611,9.3281,1.00,1.00
2016.06.10 13:14:33.535,9.32611,9.32816,1.00,1.00
2016.06.10 13:14:34.385,9.32611,9.32816,1.07,1.00
2016.06.10 13:14:37.498,9.32627,9.32816,1.00,1.00
2016.06.10 13:14:38.896,9.32627,9.32804,1.00,1.00
2016.06.10 13:14:39.048,9.32627,9.32814,1.00,1.00
2016.06.10 13:14:39.150,9.32627,9.32816,1.00,1.00
2016.06.10 13:14:44.785,9.32627,9.32814,1.00,1.00
2016.06.10 13:14:47.033,9.32627,9.32817,1.00,1.00
2016.06.10 13:14:47.363,9.32627,9.32815,1.00,1.00
2016.06.10 13:14:47.578,9.32627,9.32817,1.00,1.00
2016.06.10 13:14:53.580,9.32607,9.32817,1.07,1.00
2016.06.10 13:14:53.631,9.32607,9.32814,1.07,1.00
2016.06.10 13:14:53.952,9.32607,9.32804,1.07,1.00
2016.06.10 13:14:56.191,9.32606,9.32804,1.00,1.00
2016.06.10 13:14:58.264,9.32606,9.32805,1.00,1.00
2016.06.10 13:15:01.878,9.32606,9.32807,1.00,1.00
2016.06.10 13:15:02.080,9.32599,9.32807,1.10,1.00
2016.06.10 13:15:02.238,9.32607,9.32814,1.00,1.00
2016.06.10 13:15:02.339,9.32599,9.32807,1.10,1.00
2016.06.10 13:15:03.725,9.32607,9.32814,1.00,1.00
2016.06.10 13:15:03.927,9.32599,9.32807,1.10,1.00
2016.06.10 13:15:04.029,9.32595,9.32799,1.45,1.00
2016.06.10 13:15:04.314,9.32595,9.32799,1.37,1.00
2016.06.10 13:15:05.283,9.326,9.32804,1.00,1.00
2016.06.10 13:15:05.334,9.326,9.32808,1.00,1.00
2016.06.10 13:15:06.829,9.326,9.32804,1.00,1.00
2016.06.10 13:15:07.387,9.32595,9.32785,1.37,1.00
2016.06.10 13:15:07.818,9.32595,9.32774,1.37,1.00
2016.06.10 13:15:09.473,9.32578,9.32774,1.37,1.00
2016.06.10 13:15:09.626,9.32575,9.32774,1.10,1.00
2016.06.10 13:15:09.727,9.32574,9.32764,1.00,1.00
2016.06.10 13:15:10.051,9.32586,9.32764,1.00,1.00
2016.06.10 13:15:10.102,9.32576,9.32764,1.10,1.00
2016.06.10 13:15:11.496,9.32574,9.32755,1.07,1.00
2016.06.10 13:15:12.914,9.32574,9.32754,1.07,1.00
2016.06.10 13:15:13.790,9.32574,9.32764,1.07,1.00
2016.06.10 13:15:13.993,9.32574,9.32764,1.00,1.00
2016.06.10 13:15:14.197,9.32574,9.32754,1.00,1.00
2016.06.10 13:15:14.982,9.32565,9.32754,1.00,1.00
2016.06.10 13:15:15.051,9.3257,9.32754,1.00,1.00
2016.06.10 13:15:15.360,9.3257,9.32744,1.00,1.00
2016.06.10 13:15:15.411,9.3257,9.32754,1.00,1.00
2016.06.10 13:15:15.770,9.3257,9.32764,1.00,1.00
2016.06.10 13:15:16.283,9.3257,9.32765,1.00,1.00
2016.06.10 13:15:16.821,9.3257,9.32764,1.00,1.00
2016.06.10 13:15:17.985,9.32565,9.32764,1.00,1.00
2016.06.10 13:15:18.515,9.32565,9.32754,1.00,1.00
2016.06.10 13:15:18.707,9.32566,9.32764,1.00,1.00
2016.06.10 13:15:18.823,9.32566,9.32754,1.00,1.00
2016.06.10 13:15:18.937,9.32566,9.32764,1.00,1.00
2016.06.10 13:15:23.658,9.32566,9.32755,1.00,1.00
2016.06.10 13:15:31.137,9.32566,9.32754,1.50,1.00
2016.06.10 13:15:33.174,9.32566,9.32764,1.50,1.00
2016.06.10 13:15:34.477,9.32566,9.32754,1.50,1.00
2016.06.10 13:15:38.701,9.32567,9.32754,1.00,1.00
2016.06.10 13:15:39.488,9.32567,9.32754,1.37,1.00
2016.06.10 13:15:44.098,9.32567,9.32744,1.37,1.00
2016.06.10 13:15:44.149,9.32567,9.32754,1.37,1.00
2016.06.10 13:15:44.352,9.32567,9.32764,1.37,1.00
2016.06.10 13:15:44.605,9.32567,9.32754,1.37,1.00
2016.06.10 13:15:44.707,9.32567,9.32764,1.37,1.00
2016.06.10 13:15:45.345,9.32567,9.32754,1.37,1.00
2016.06.10 13:15:45.904,9.32567,9.32755,1.37,1.00
2016.06.10 13:15:46.685,9.32567,9.32754,1.37,1.00
2016.06.10 13:15:47.610,9.32567,9.32755,1.37,1.00
2016.06.10 13:15:48.159,9.32567,9.32754,1.37,1.00
2016.06.10 13:15:49.412,9.32567,9.32744,1.37,1.00
2016.06.10 13:15:54.798,9.32566,9.32754,1.37,1.00
2016.06.10 13:15:54.908,9.32566,9.32744,1.37,1.00
2016.06.10 13:15:55.708,9.3255,9.32734,1.95,1.00
2016.06.10 13:15:56.557,9.3255,9.32745,1.95,1.00
2016.06.10 13:15:57.433,9.3255,9.32734,1.95,1.00
2016.06.10 13:15:58.082,9.3255,9.32734,1.95,1.00
2016.06.10 13:15:59.437,9.32557,9.32745,1.37,1.00
2016.06.10 13:15:59.989,9.3255,9.32744,1.95,1.00
2016.06.10 13:16:04.587,9.32557,9.32754,1.37,1.00
2016.06.10 13:16:05.084,9.32557,9.32745,1.37,1.00
2016.06.10 13:16:08.231,9.32557,9.32754,1.37,1.00
2016.06.10 13:16:08.333,9.32566,9.32764,1.37,1.00
2016.06.10 13:16:09.977,9.32571,9.32754,1.37,1.00
2016.06.10 13:16:10.651,9.3256,9.32744,1.37,1.00
2016.06.10 13:16:11.221,9.3256,9.32734,1.37,1.00
2016.06.10 13:16:11.526,9.32551,9.32724,1.45,1.00
2016.06.10 13:16:12.397,9.32546,9.32734,1.37,1.00
2016.06.10 13:16:12.549,9.3255,9.32744,1.37,1.00
2016.06.10 13:16:13.877,9.3255,9.32734,1.37,1.00
2016.06.10 13:16:14.188,9.3255,9.32725,1.37,1.00
2016.06.10 13:16:14.290,9.32541,9.32725,1.37,1.00
2016.06.10 13:16:14.612,9.32548,9.32734,1.37,1.00
2016.06.10 13:16:15.480,9.32548,9.32735,1.37,1.00
2016.06.10 13:16:16.058,9.32551,9.32734,1.37,1.00
2016.06.10 13:16:16.160,9.32551,9.32744,1.37,1.00
2016.06.10 13:16:20.098,9.32559,9.32769,1.37,1.00
2016.06.10 13:16:20.250,9.32559,9.32764,1.37,1.00
2016.06.10 13:16:22.734,9.32559,9.32769,1.37,1.00
2016.06.10 13:16:34.460,9.32559,9.32769,1.37,1.00
2016.06.10 13:16:38.639,9.32563,9.32771,1.37,1.00
2016.06.10 13:16:48.258,9.32563,9.32755,1.37,1.00
2016.06.10 13:16:48.562,9.32555,9.32744,1.37,1.00
2016.06.10 13:16:49.153,9.32555,9.32734,1.37,1.00
2016.06.10 13:16:50.456,9.32548,9.32735,1.37,1.00
2016.06.10 13:16:52.154,9.32548,9.32744,1.37,1.00
2016.06.10 13:16:52.884,9.32557,9.32734,1.37,1.00
2016.06.10 13:16:53.442,9.32548,9.32744,1.37,1.00
2016.06.10 13:16:53.556,9.32548,9.32734,1.37,1.00
2016.06.10 13:16:58.657,9.32546,9.32725,1.37,1.00
2016.06.10 13:16:59.165,9.32546,9.32734,1.37,1.00
2016.06.10 13:17:00.602,9.32548,9.32744,1.37,1.00
2016.06.10 13:17:01.449,9.32548,9.32734,1.37,1.00
2016.06.10 13:17:02.058,9.32555,9.32735,1.37,1.00
2016.06.10 13:17:02.574,9.32545,9.32724,1.87,1.00
2016.06.10 13:17:03.122,9.32545,9.32734,1.87,1.00
2016.06.10 13:17:04.873,9.32555,9.32744,1.37,1.00
2016.06.10 13:17:05.125,9.32555,9.32755,1.37,1.00
2016.06.10 13:17:05.526,9.32555,9.32744,1.37,1.00
2016.06.10 13:17:05.788,9.32555,9.32735,1.00,1.00
2016.06.10 13:17:06.216,9.32555,9.32744,1.00,1.00
2016.06.10 13:17:06.318,9.32555,9.32754,1.00,1.00
2016.06.10 13:17:06.956,9.32555,9.32744,1.00,1.00
2016.06.10 13:17:08.424,9.32555,9.32754,1.00,1.00
2016.06.10 13:17:10.290,9.32555,9.32744,1.00,1.00
2016.06.10 13:17:10.957,9.32555,9.32734,1.00,1.00
2016.06.10 13:17:11.493,9.32555,9.32724,1.00,1.00
2016.06.10 13:17:11.579,9.32548,9.32724,1.00,1.00
2016.06.10 13:17:12.090,9.32547,9.32724,1.00,1.00
2016.06.10 13:17:18.583,9.32545,9.32724,1.50,1.00
2016.06.10 13:17:24.925,9.32545,9.32714,1.00,1.00
2016.06.10 13:17:25.128,9.32524,9.32704,1.07,1.00
2016.06.10 13:17:25.230,9.32533,9.32704,1.00,1.00
2016.06.10 13:17:25.331,9.32534,9.32742,1.00,1.00
2016.06.10 13:17:25.382,9.32553,9.32742,1.00,1.00
2016.06.10 13:17:25.433,9.32553,9.32744,1.00,1.00
2016.06.10 13:17:25.484,9.32566,9.32756,1.00,1.00
2016.06.10 13:17:25.889,9.32566,9.32756,1.07,1.00
2016.06.10 13:17:26.482,9.32576,9.32768,1.00,1.00
2016.06.10 13:17:26.533,9.32576,9.32784,1.50,1.00
2016.06.10 13:17:26.786,9.32586,9.32784,1.00,1.00
2016.06.10 13:17:27.090,9.32588,9.32724,1.00,1.00
2016.06.10 13:17:27.343,9.32569,9.32762,1.07,1.00
2016.06.10 13:17:27.445,9.32556,9.32739,1.00,1.00
2016.06.10 13:17:27.648,9.32576,9.32767,1.00,1.00
2016.06.10 13:17:27.963,9.32576,9.32777,1.00,1.00
2016.06.10 13:17:28.419,9.32586,9.32777,1.00,1.00
2016.06.10 13:17:28.631,9.32586,9.32792,1.00,1.37
2016.06.10 13:17:28.733,9.32586,9.32792,1.00,1.00
2016.06.10 13:17:28.784,9.32596,9.32792,1.00,1.00
2016.06.10 13:17:30.016,9.32596,9.328,1.50,1.00
2016.06.10 13:17:38.635,9.32596,9.32803,1.50,1.00
2016.06.10 13:17:38.960,9.32606,9.32803,1.00,1.00
2016.06.10 13:17:39.360,9.32616,9.32803,1.00,1.00
2016.06.10 13:17:39.462,9.32616,9.32811,1.00,1.00
2016.06.10 13:17:39.566,9.32625,9.32811,1.00,1.00
2016.06.10 13:17:39.667,9.32626,9.32822,1.00,1.00
2016.06.10 13:17:39.718,9.32634,9.32822,1.00,1.00
2016.06.10 13:17:39.769,9.32636,9.32831,1.00,1.00
2016.06.10 13:17:39.871,9.32634,9.32838,1.00,1.00
2016.06.10 13:17:39.972,9.32636,9.32838,1.00,1.00
2016.06.10 13:17:40.306,9.32636,9.3283,1.00,1.00
2016.06.10 13:17:40.630,9.32636,9.32837,1.00,1.00
2016.06.10 13:17:40.731,9.32646,9.32837,1.00,1.00
2016.06.10 13:17:43.221,9.32636,9.32837,1.00,1.00
2016.06.10 13:17:45.374,9.32646,9.32837,1.00,1.00
2016.06.10 13:17:45.476,9.32636,9.32837,1.00,1.00
2016.06.10 13:17:49.199,9.32646,9.32837,1.00,1.00
2016.06.10 13:17:49.549,9.32636,9.32837,1.00,1.00
2016.06.10 13:17:49.850,9.32638,9.32846,1.00,1.00
2016.06.10 13:17:50.799,9.32636,9.32834,1.00,1.00
2016.06.10 13:17:52.454,9.32636,9.32841,1.00,1.00
2016.06.10 13:17:52.757,9.32636,9.32832,1.00,1.00
2016.06.10 13:17:53.410,9.32645,9.32842,1.00,1.00
2016.06.10 13:17:53.861,9.32645,9.32833,1.00,1.00
2016.06.10 13:17:53.962,9.32645,9.32843,1.00,1.00
2016.06.10 13:17:54.257,9.32636,9.32843,1.00,1.00
2016.06.10 13:17:54.308,9.32636,9.32835,1.00,1.00
2016.06.10 13:17:54.962,9.32636,9.32843,1.00,1.00
2016.06.10 13:17:56.368,9.32646,9.32843,1.00,1.00
2016.06.10 13:17:57.169,9.32646,9.32835,1.00,1.00
2016.06.10 13:17:57.270,9.32636,9.32835,1.00,1.00
2016.06.10 13:17:58.471,9.32636,9.32844,1.50,1.00
2016.06.10 13:17:58.573,9.32646,9.32849,1.00,1.00
2016.06.10 13:17:59.042,9.32646,9.32841,1.00,1.00
2016.06.10 13:18:00.328,9.32636,9.32841,1.00,1.00
2016.06.10 13:18:00.977,9.32656,9.32841,1.00,1.00
2016.06.10 13:18:01.278,9.32664,9.32861,1.00,1.00
2016.06.10 13:18:01.329,9.32666,9.32872,1.00,1.37
2016.06.10 13:18:01.634,9.32706,9.32881,1.00,1.10
2016.06.10 13:18:01.938,9.32716,9.32902,1.00,1.75
2016.06.10 13:18:02.214,9.32706,9.32909,1.00,1.07
2016.06.10 13:18:02.315,9.32696,9.32901,1.00,1.00
2016.06.10 13:18:02.419,9.32696,9.32901,1.00,1.37
2016.06.10 13:18:02.730,9.32706,9.32914,1.00,1.75
2016.06.10 13:18:03.423,9.32706,9.32914,1.00,1.37
2016.06.10 13:18:06.931,9.32712,9.32914,1.00,1.37
2016.06.10 13:18:09.149,9.32706,9.32914,1.50,1.37
2016.06.10 13:18:09.454,9.32706,9.32914,1.00,1.75
2016.06.10 13:18:10.420,9.32712,9.32922,1.00,1.87
2016.06.10 13:18:11.405,9.32721,9.32929,1.00,1.75
2016.06.10 13:18:14.935,9.32716,9.3292,1.00,1.37
2016.06.10 13:18:15.235,9.3272,9.32928,1.00,1.75
2016.06.10 13:18:15.938,9.32716,9.32919,1.00,1.37
2016.06.10 13:18:16.463,9.32719,9.32927,1.00,1.75
2016.06.10 13:18:17.113,9.32716,9.32919,1.00,1.37
2016.06.10 13:18:17.626,9.3272,9.32928,1.00,1.75
2016.06.10 13:18:18.527,9.32717,9.32925,1.00,1.75
2016.06.10 13:18:18.629,9.32715,9.32917,1.00,1.37
2016.06.10 13:18:19.199,9.32716,9.32917,1.00,1.37
2016.06.10 13:18:20.153,9.3272,9.32928,1.00,1.75
2016.06.10 13:18:24.041,9.32716,9.3292,1.00,1.37
2016.06.10 13:18:24.720,9.32715,9.3292,1.00,1.37
2016.06.10 13:18:25.324,9.32716,9.3292,1.00,1.37
2016.06.10 13:18:25.375,9.3272,9.32928,1.00,1.75
2016.06.10 13:18:28.281,9.32716,9.3292,1.00,1.37
2016.06.10 13:18:28.489,9.3272,9.32928,1.00,2.25
2016.06.10 13:18:29.463,9.3272,9.32928,1.00,2.25
2016.06.10 13:18:35.383,9.32716,9.3292,1.00,1.37
2016.06.10 13:18:36.294,9.32721,9.32928,1.00,1.75
2016.06.10 13:18:36.396,9.32716,9.32921,1.00,1.37
2016.06.10 13:18:36.971,9.32721,9.32928,1.00,1.75
2016.06.10 13:18:37.496,9.32716,9.3292,1.00,1.37
2016.06.10 13:18:45.792,9.32724,9.32932,1.00,1.75
2016.06.10 13:18:46.211,9.32716,9.32922,1.00,1.37
2016.06.10 13:18:46.812,9.32724,9.32932,1.00,1.75
2016.06.10 13:18:47.923,9.32716,9.32922,1.00,1.37
2016.06.10 13:18:49.107,9.32724,9.32932,1.00,1.75
2016.06.10 13:18:49.626,9.32725,9.32932,1.00,1.75
2016.06.10 13:18:50.259,9.32716,9.32923,1.00,1.37
2016.06.10 13:18:50.806,9.32726,9.32923,1.00,1.37
2016.06.10 13:18:51.161,9.32716,9.32922,1.00,1.37
2016.06.10 13:18:52.572,9.32726,9.32922,1.00,1.37
2016.06.10 13:18:56.229,9.32726,9.32924,1.00,1.00
2016.06.10 13:18:56.740,9.32726,9.32926,1.00,1.07
2016.06.10 13:18:57.743,9.32727,9.32935,1.00,1.37
2016.06.10 13:18:58.631,9.32726,9.32931,1.00,1.07
2016.06.10 13:19:02.801,9.32736,9.32931,1.00,1.07
2016.06.10 13:19:03.462,9.32746,9.32948,1.00,1.50
2016.06.10 13:19:03.564,9.32747,9.32955,1.00,1.07
2016.06.10 13:19:03.667,9.3276,9.32955,1.00,1.00
2016.06.10 13:19:03.957,9.32806,9.33004,1.00,1.00
2016.06.10 13:19:04.059,9.32826,9.33022,1.00,1.00
2016.06.10 13:19:04.161,9.32826,9.33034,1.50,1.07
2016.06.10 13:19:04.832,9.32836,9.33034,1.00,1.07
2016.06.10 13:19:04.985,9.32836,9.33042,1.00,1.07
2016.06.10 13:19:05.036,9.32845,9.33042,1.00,1.07
2016.06.10 13:19:05.340,9.32855,9.3305,1.00,1.00
2016.06.10 13:19:05.972,9.32855,9.33058,1.00,1.07
2016.06.10 13:19:06.073,9.32857,9.33065,1.00,1.37
2016.06.10 13:19:06.376,9.32866,9.33065,1.00,1.37
2016.06.10 13:19:06.667,9.32866,9.33065,1.00,1.00
2016.06.10 13:19:06.891,9.32866,9.33074,1.50,1.00
2016.06.10 13:19:06.942,9.32876,9.33074,1.00,1.00
2016.06.10 13:19:07.094,9.32876,9.33084,1.00,1.00
2016.06.10 13:19:07.149,9.32886,9.33084,1.00,1.00
2016.06.10 13:19:08.321,9.3289,9.33098,1.00,1.00
2016.06.10 13:19:08.372,9.32896,9.33098,1.00,1.00
2016.06.10 13:19:08.677,9.32906,9.33108,1.00,1.00
2016.06.10 13:19:08.779,9.32916,9.33121,1.00,1.00
2016.06.10 13:19:08.932,9.32926,9.33121,1.00,1.00
2016.06.10 13:19:09.084,9.32926,9.33128,1.00,1.00
2016.06.10 13:19:09.383,9.32926,9.33128,1.00,1.37
2016.06.10 13:19:10.175,9.32926,9.33121,1.00,1.07
2016.06.10 13:19:10.226,9.32916,9.33121,1.00,1.07
2016.06.10 13:19:10.334,9.32916,9.33113,1.00,1.00
2016.06.10 13:19:10.556,9.32916,9.33121,1.00,1.07
2016.06.10 13:19:11.337,9.32915,9.33121,1.00,1.07
2016.06.10 13:19:11.490,9.32915,9.33112,1.00,1.00
2016.06.10 13:19:11.834,9.32946,9.33136,1.00,1.07
2016.06.10 13:19:11.986,9.32936,9.33136,1.00,1.07
2016.06.10 13:19:12.087,9.32936,9.33129,1.00,1.00
2016.06.10 13:19:12.261,9.32935,9.33136,1.00,1.07
2016.06.10 13:19:12.312,9.32946,9.33136,1.00,1.07
2016.06.10 13:19:12.617,9.32956,9.33136,1.00,1.07
2016.06.10 13:19:12.918,9.32956,9.33154,1.00,1.37
2016.06.10 13:19:12.969,9.32965,9.33154,1.00,1.37
2016.06.10 13:19:13.654,9.32965,9.33154,1.00,1.10
2016.06.10 13:19:13.856,9.32976,9.33154,1.00,1.10
2016.06.10 13:19:15.686,9.32976,9.33153,1.00,1.00
2016.06.10 13:19:15.944,9.32966,9.33154,1.00,1.10
2016.06.10 13:19:16.045,9.32976,9.33154,1.00,1.10
2016.06.10 13:19:18.150,9.32966,9.33154,1.00,1.10
2016.06.10 13:19:19.201,9.32976,9.33154,1.00,1.10
2016.06.10 13:19:19.893,9.32956,9.33149,1.00,1.00
2016.06.10 13:19:21.315,9.32956,9.33154,1.00,1.10
2016.06.10 13:19:21.428,9.32966,9.33154,1.00,1.10
2016.06.10 13:19:23.097,9.32956,9.33149,1.00,1.00
2016.06.10 13:19:23.519,9.32956,9.33154,1.00,1.10
2016.06.10 13:19:23.917,9.32956,9.33148,1.00,1.00
2016.06.10 13:19:24.522,9.32966,9.33154,1.00,1.10
2016.06.10 13:19:24.862,9.32976,9.33154,1.00,1.10
2016.06.10 13:19:25.310,9.32956,9.33148,1.00,1.00
2016.06.10 13:19:25.512,9.32966,9.33154,1.00,1.10
2016.06.10 13:19:26.830,9.32976,9.33154,1.00,1.10
2016.06.10 13:19:27.304,9.32966,9.3315,1.00,1.00
2016.06.10 13:19:27.407,9.32956,9.3315,1.00,1.00
2016.06.10 13:19:28.525,9.32956,9.33154,1.00,1.10
2016.06.10 13:19:28.694,9.32966,9.33154,1.00,1.10
2016.06.10 13:19:29.728,9.32976,9.33154,1.00,1.10
2016.06.10 13:19:30.235,9.32956,9.33154,1.00,1.10
2016.06.10 13:19:30.336,9.32956,9.3315,1.00,1.00
2016.06.10 13:19:30.640,9.32956,9.33154,1.00,1.10
2016.06.10 13:19:30.691,9.32966,9.33154,1.00,1.10
2016.06.10 13:19:30.995,9.32966,9.33149,1.00,1.00
2016.06.10 13:19:31.046,9.32956,9.33149,1.00,1.00
2016.06.10 13:19:31.610,9.3296,9.33154,1.00,1.10
2016.06.10 13:19:31.839,9.32975,9.33154,1.00,1.10
2016.06.10 13:19:32.263,9.32986,9.33154,1.00,1.00
2016.06.10 13:19:32.589,9.32898,9.33004,1.75,1.00
2016.06.10 13:19:32.640,9.32801,9.33004,1.37,1.00
2016.06.10 13:19:32.691,9.32801,9.32994,1.37,1.00
2016.06.10 13:19:32.944,9.32764,9.32972,1.00,1.75
2016.06.10 13:19:33.046,9.32756,9.32953,1.00,1.75
2016.06.10 13:19:33.350,9.32726,9.32929,1.00,1.75
2016.06.10 13:19:33.451,9.32701,9.32909,1.00,1.75
2016.06.10 13:19:33.791,9.32686,9.32891,1.00,1.12
2016.06.10 13:19:33.842,9.32686,9.32884,1.00,1.37
2016.06.10 13:19:33.994,9.32676,9.32875,1.50,1.07
2016.06.10 13:19:34.146,9.32676,9.32868,1.00,1.37
2016.06.10 13:19:37.908,9.32676,9.3286,1.00,1.00
2016.06.10 13:19:38.338,9.32666,9.3286,1.00,1.00
2016.06.10 13:19:38.584,9.32666,9.32855,1.00,1.00
2016.06.10 13:19:38.888,9.32596,9.32787,1.00,1.37
2016.06.10 13:19:38.939,9.32586,9.32787,1.00,1.37
2016.06.10 13:19:38.991,9.32586,9.32787,1.00,1.75
2016.06.10 13:19:39.145,9.32579,9.32787,1.00,1.75
2016.06.10 13:19:39.196,9.32579,9.32782,1.00,1.75
2016.06.10 13:19:39.247,9.32571,9.32776,1.00,1.75
2016.06.10 13:19:39.349,9.32548,9.32756,1.00,1.00
2016.06.10 13:19:39.450,9.32548,9.32756,1.00,1.75
2016.06.10 13:19:39.783,9.32555,9.32763,1.00,1.75
2016.06.10 13:19:39.834,9.32546,9.32754,1.50,1.75
2016.06.10 13:19:39.936,9.32553,9.32761,1.00,1.75
2016.06.10 13:19:40.039,9.32546,9.32754,1.00,1.75
2016.06.10 13:19:40.487,9.32544,9.32754,1.00,1.75
2016.06.10 13:19:40.928,9.32546,9.32754,1.00,1.75
2016.06.10 13:19:40.979,9.32546,9.32754,1.07,1.00
2016.06.10 13:19:41.030,9.32556,9.32763,1.00,1.00
2016.06.10 13:19:41.755,9.32556,9.32762,1.00,1.00
2016.06.10 13:19:42.422,9.32556,9.32761,1.00,1.00
2016.06.10 13:19:42.473,9.32546,9.32761,1.00,1.00
2016.06.10 13:19:42.574,9.32546,9.32755,1.00,1.00
2016.06.10 13:19:42.777,9.32535,9.32755,1.00,1.00
2016.06.10 13:19:43.025,9.32535,9.32755,1.00,1.87
2016.06.10 13:19:43.229,9.32526,9.32738,1.00,1.00
2016.06.10 13:19:43.280,9.32526,9.32738,1.00,1.07
2016.06.10 13:19:43.583,9.32526,9.32731,1.00,1.00
2016.06.10 13:19:43.838,9.32526,9.32734,1.00,1.07
2016.06.10 13:19:44.142,9.32506,9.3273,1.00,1.75
2016.06.10 13:19:44.379,9.32506,9.32717,1.00,1.75
2016.06.10 13:19:44.454,9.32496,9.32724,1.00,1.75
2016.06.10 13:19:45.479,9.32496,9.32704,1.00,1.75
2016.06.10 13:19:45.987,9.32496,9.32706,1.00,1.00
2016.06.10 13:19:46.383,9.32496,9.32724,1.00,1.37
2016.06.10 13:19:46.434,9.32515,9.32729,1.00,1.37
2016.06.10 13:19:46.485,9.32515,9.32729,1.00,1.07
2016.06.10 13:19:46.536,9.32526,9.32729,1.00,1.07
2016.06.10 13:19:47.571,9.32526,9.32729,1.00,1.00
2016.06.10 13:19:48.110,9.32525,9.32729,1.00,1.00
2016.06.10 13:19:48.438,9.32536,9.32729,1.00,1.00
2016.06.10 13:19:50.147,9.32506,9.32729,1.37,1.00
2016.06.10 13:19:50.198,9.32506,9.32729,1.00,1.75
2016.06.10 13:19:50.299,9.32496,9.32706,1.00,1.75
2016.06.10 13:19:51.904,9.32496,9.32684,1.00,1.00
2016.06.10 13:19:53.048,9.32496,9.3271,1.00,2.40
2016.06.10 13:19:53.368,9.32426,9.32644,1.00,1.00
2016.06.10 13:19:53.419,9.32416,9.32641,1.00,1.75
2016.06.10 13:19:53.722,9.32396,9.32604,1.00,1.37
2016.06.10 13:19:53.824,9.32376,9.32604,1.00,1.87
2016.06.10 13:19:53.925,9.32376,9.32604,1.00,2.25
2016.06.10 13:19:55.058,9.32366,9.32589,1.00,1.75
2016.06.10 13:19:55.554,9.32386,9.32589,1.00,1.75
2016.06.10 13:19:55.758,9.32376,9.32589,1.00,1.75
2016.06.10 13:19:56.251,9.32386,9.32589,1.00,1.00
2016.06.10 13:19:56.457,9.32376,9.32603,1.00,1.75
2016.06.10 13:19:57.306,9.32366,9.32588,1.00,1.12
2016.06.10 13:19:58.610,9.32376,9.32588,1.00,1.00
2016.06.10 13:19:58.661,9.32376,9.32593,1.00,1.00
2016.06.10 13:19:59.542,9.32356,9.3258,1.00,1.75
2016.06.10 13:19:59.998,9.32356,9.32551,1.00,1.00
2016.06.10 13:20:00.402,9.32356,9.32565,1.00,1.50
2016.06.10 13:20:00.918,9.32346,9.32565,1.00,1.75
2016.06.10 13:20:01.593,9.32356,9.32565,1.00,1.75
2016.06.10 13:20:01.795,9.32356,9.32565,1.00,1.75
2016.06.10 13:20:02.080,9.32346,9.32565,1.00,1.75
2016.06.10 13:20:02.182,9.32356,9.32565,1.00,1.75
2016.06.10 13:20:02.488,9.32346,9.32552,1.00,1.00
2016.06.10 13:20:02.539,9.32346,9.32552,1.00,1.07
2016.06.10 13:20:02.743,9.32316,9.32524,1.00,1.07
2016.06.10 13:20:02.794,9.32316,9.32512,1.00,1.00
2016.06.10 13:20:02.996,9.32356,9.32555,1.00,1.07
2016.06.10 13:20:03.724,9.32376,9.32604,1.00,2.25
2016.06.10 13:20:03.775,9.32376,9.32587,1.00,1.07
2016.06.10 13:20:03.826,9.32366,9.3259,1.00,1.07
2016.06.10 13:20:03.877,9.32366,9.3257,1.00,1.00
2016.06.10 13:20:04.181,9.32386,9.32598,1.00,1.37
2016.06.10 13:20:04.490,9.32396,9.32609,1.00,1.75
2016.06.10 13:20:04.643,9.32396,9.32613,1.00,1.37
2016.06.10 13:20:04.694,9.32416,9.32608,1.00,1.37
2016.06.10 13:20:04.745,9.32416,9.32608,1.00,1.00
2016.06.10 13:20:04.796,9.32416,9.32632,1.00,1.07
2016.06.10 13:20:05.133,9.32436,9.32645,1.00,1.37
2016.06.10 13:20:05.184,9.32436,9.32645,1.00,1.37
2016.06.10 13:20:05.728,9.32436,9.32645,1.00,1.07
2016.06.10 13:20:05.779,9.32446,9.32645,1.00,1.07
2016.06.10 13:20:05.882,9.32436,9.32655,1.00,1.37
2016.06.10 13:20:05.933,9.32436,9.32655,1.00,1.07
2016.06.10 13:20:06.034,9.32446,9.32655,1.00,1.07
2016.06.10 13:20:06.342,9.32421,9.32639,1.07,1.00
2016.06.10 13:20:06.393,9.32416,9.32625,1.00,1.07
2016.06.10 13:20:06.445,9.324,9.32624,1.87,1.07
2016.06.10 13:20:06.496,9.32396,9.32589,1.07,1.00
2016.06.10 13:20:06.801,9.32421,9.32629,1.00,1.00
2016.06.10 13:20:06.903,9.3244,9.32647,1.00,1.00
2016.06.10 13:20:07.262,9.3244,9.32647,1.00,1.37
2016.06.10 13:20:07.771,9.32456,9.3265,1.00,1.07
2016.06.10 13:20:08.075,9.32458,9.32666,1.00,1.37
2016.06.10 13:20:09.734,9.32456,9.32658,1.00,1.37
2016.06.10 13:20:10.204,9.32446,9.32646,1.00,1.00
2016.06.10 13:20:10.255,9.32446,9.32646,1.00,1.37
2016.06.10 13:20:10.321,9.32436,9.32635,1.00,1.00
2016.06.10 13:20:14.814,9.32426,9.32635,1.00,1.00
2016.06.10 13:20:14.865,9.32433,9.32617,1.00,1.00
2016.06.10 13:20:14.916,9.32416,9.32617,1.00,1.00
2016.06.10 13:20:14.968,9.32416,9.32624,1.00,1.87
2016.06.10 13:20:15.302,9.32416,9.32602,1.00,1.75
2016.06.10 13:20:15.634,9.32396,9.32586,1.00,1.07
2016.06.10 13:20:15.919,9.32376,9.32571,1.07,1.00
2016.06.10 13:20:15.970,9.32376,9.32571,1.00,1.07
2016.06.10 13:20:16.232,9.32366,9.32571,1.07,1.07
2016.06.10 13:20:16.284,9.32366,9.32561,1.07,1.00
2016.06.10 13:20:18.656,9.32366,9.32564,1.07,1.00
2016.06.10 13:20:22.831,9.32376,9.32564,1.00,1.00
2016.06.10 13:20:25.292,9.32376,9.32564,1.07,1.00
2016.06.10 13:20:25.407,9.32376,9.32564,1.00,1.00
2016.06.10 13:20:25.458,9.32376,9.32572,1.00,1.07
2016.06.10 13:20:26.668,9.32376,9.32564,1.00,1.00
2016.06.10 13:20:26.825,9.32356,9.32564,1.37,1.50
2016.06.10 13:20:26.875,9.32345,9.32535,1.07,1.00
2016.06.10 13:20:27.292,9.32336,9.32523,1.00,1.75
2016.06.10 13:20:27.444,9.32356,9.32532,1.00,1.00
2016.06.10 13:20:27.495,9.32356,9.32556,1.00,1.37
2016.06.10 13:20:27.597,9.32367,9.32568,1.00,1.37
2016.06.10 13:20:27.750,9.32376,9.32568,1.00,1.37
2016.06.10 13:20:27.852,9.32376,9.32554,1.00,1.00
2016.06.10 13:20:27.903,9.32366,9.32554,1.00,1.00
2016.06.10 13:20:28.006,9.32346,9.32547,1.00,1.00
2016.06.10 13:20:28.108,9.32348,9.32554,1.00,1.00
2016.06.10 13:20:28.259,9.32348,9.32554,1.00,1.07
2016.06.10 13:20:28.992,9.32346,9.32547,1.00,1.10
2016.06.10 13:20:29.397,9.32346,9.32547,1.37,1.00
2016.06.10 13:20:29.498,9.32346,9.32547,1.00,1.00
2016.06.10 13:20:29.549,9.32356,9.32547,1.00,1.00
2016.06.10 13:20:30.075,9.32356,9.32545,1.00,1.00
2016.06.10 13:20:30.127,9.32346,9.32545,1.00,1.00
2016.06.10 13:20:30.330,9.32356,9.32545,1.00,1.00
2016.06.10 13:20:30.381,9.32356,9.32552,1.00,1.00
2016.06.10 13:20:30.433,9.32366,9.32552,1.00,1.00
2016.06.10 13:20:30.586,9.32366,9.3256,1.00,1.00
2016.06.10 13:20:30.639,9.32376,9.3256,1.00,1.00
2016.06.10 13:20:30.892,9.32366,9.3256,1.00,1.00
2016.06.10 13:20:31.387,9.32366,9.32547,1.00,1.00
2016.06.10 13:20:31.438,9.32346,9.32547,1.00,1.00
2016.06.10 13:20:31.489,9.32346,9.3252,1.00,1.00
2016.06.10 13:20:31.541,9.32326,9.3252,1.00,1.00
2016.06.10 13:20:31.592,9.32326,9.3251,1.00,1.00
2016.06.10 13:20:31.644,9.32307,9.3251,1.75,1.00
2016.06.10 13:20:31.695,9.32306,9.3251,1.12,1.00
2016.06.10 13:20:32.313,9.32376,9.3251,1.00,1.00
2016.06.10 13:20:32.516,9.32386,9.32566,1.00,1.00
2016.06.10 13:20:32.796,9.32386,9.32566,1.00,1.37
2016.06.10 13:20:33.252,9.32385,9.32573,1.00,1.37
2016.06.10 13:20:34.182,9.32386,9.32568,1.00,1.07
2016.06.10 13:20:37.955,9.32386,9.32569,1.00,1.75
2016.06.10 13:20:39.305,9.32386,9.32573,1.00,1.00
2016.06.10 13:20:39.406,9.32386,9.32573,1.00,1.75
2016.06.10 13:20:41.362,9.32386,9.32573,1.00,1.00
2016.06.10 13:20:41.489,9.32386,9.32573,1.00,1.75
2016.06.10 13:20:44.016,9.32386,9.32573,1.00,1.00
2016.06.10 13:20:44.168,9.32415,9.32573,1.00,1.00
2016.06.10 13:20:44.219,9.32415,9.32585,1.00,1.00
2016.06.10 13:20:44.321,9.32426,9.32617,1.00,1.50
2016.06.10 13:20:44.523,9.32436,9.32617,1.00,1.50
2016.06.10 13:20:45.060,9.32437,9.32609,1.00,1.37
2016.06.10 13:20:45.161,9.32426,9.32608,1.00,1.37
2016.06.10 13:20:47.430,9.32426,9.32609,1.00,1.07
2016.06.10 13:20:47.931,9.32426,9.32536,1.00,1.00
2016.06.10 13:20:47.983,9.32356,9.32524,1.75,1.00
2016.06.10 13:20:48.033,9.32356,9.32509,1.75,1.00
2016.06.10 13:20:48.084,9.32356,9.32509,1.00,1.00
2016.06.10 13:20:48.135,9.32376,9.32524,1.00,1.50
2016.06.10 13:20:48.236,9.32376,9.32532,1.00,1.00
2016.06.10 13:20:48.338,9.3238,9.32588,1.00,1.37
2016.06.10 13:20:48.389,9.3238,9.32588,1.00,1.75
2016.06.10 13:20:48.440,9.32369,9.32573,1.00,1.75
2016.06.10 13:20:48.541,9.32359,9.32567,1.00,1.75
2016.06.10 13:20:48.644,9.32336,9.32509,1.00,1.00
2016.06.10 13:20:48.695,9.32316,9.32509,1.00,1.00
2016.06.10 13:20:49.410,9.32336,9.32509,1.00,1.00
2016.06.10 13:20:49.563,9.32346,9.32525,1.00,1.00
2016.06.10 13:20:49.715,9.32355,9.32525,1.00,1.00
2016.06.10 13:20:49.766,9.32355,9.32556,1.00,1.07
2016.06.10 13:20:49.868,9.32356,9.32544,1.00,1.00
2016.06.10 13:20:50.220,9.32356,9.32536,1.00,1.00
2016.06.10 13:20:50.588,9.32356,9.32544,1.00,1.00
2016.06.10 13:20:50.942,9.32356,9.32536,1.00,1.00
2016.06.10 13:20:52.458,9.32346,9.32529,1.00,1.00
2016.06.10 13:20:52.560,9.32336,9.32529,1.00,1.00
2016.06.10 13:20:52.930,9.32336,9.32521,1.00,1.00
2016.06.10 13:20:54.870,9.32337,9.32521,1.00,1.00
2016.06.10 13:20:54.972,9.32337,9.32536,1.00,1.07
2016.06.10 13:20:55.055,9.32346,9.32536,1.00,1.07
2016.06.10 13:20:55.308,9.32337,9.32527,1.00,1.00
2016.06.10 13:20:55.717,9.32346,9.32527,1.00,1.00
2016.06.10 13:20:55.869,9.32346,9.32546,1.00,1.37
2016.06.10 13:20:55.970,9.32338,9.32546,1.00,1.37
2016.06.10 13:20:56.123,9.32338,9.32546,1.00,1.07
2016.06.10 13:21:02.588,9.32339,9.32546,1.00,1.07
2016.06.10 13:21:02.691,9.32351,9.32552,1.00,1.37
2016.06.10 13:21:02.843,9.32351,9.32552,1.00,1.10
2016.06.10 13:21:05.689,9.32351,9.32559,1.00,1.00
2016.06.10 13:21:18.638,9.32355,9.32563,1.00,1.10
2016.06.10 13:21:23.653,9.32355,9.32544,1.00,1.00
2016.06.10 13:21:23.705,9.32355,9.32563,1.00,1.75
2016.06.10 13:21:31.648,9.32349,9.32553,1.00,1.10
2016.06.10 13:21:31.699,9.32345,9.32553,1.00,1.10
2016.06.10 13:21:31.966,9.32345,9.32553,1.00,1.37
2016.06.10 13:21:32.635,9.32338,9.32546,1.00,1.07
2016.06.10 13:21:32.939,9.32338,9.32546,1.00,1.37
2016.06.10 13:21:38.550,9.32331,9.32541,1.00,1.37
2016.06.10 13:21:38.900,9.32342,9.3255,1.00,1.37
2016.06.10 13:21:39.052,9.32333,9.32541,1.00,1.37
2016.06.10 13:21:39.250,9.32342,9.3255,1.00,1.37
2016.06.10 13:21:39.656,9.32333,9.32541,1.00,1.37
2016.06.10 13:21:39.758,9.32341,9.32549,1.00,1.37
2016.06.10 13:21:40.756,9.32336,9.32541,1.50,1.37
2016.06.10 13:21:40.858,9.32336,9.32541,1.00,1.10
2016.06.10 13:21:40.959,9.32333,9.32541,1.00,1.10
2016.06.10 13:21:41.628,9.32336,9.32541,1.50,1.10
2016.06.10 13:21:41.959,9.32341,9.32549,1.00,1.07
2016.06.10 13:21:42.560,9.32336,9.32542,1.50,1.07
2016.06.10 13:21:43.056,9.32342,9.32552,1.00,1.87
2016.06.10 13:21:43.458,9.32336,9.32542,1.50,1.07
2016.06.10 13:21:44.392,9.32334,9.32542,1.00,1.37
2016.06.10 13:21:44.697,9.32342,9.3255,1.00,1.37
2016.06.10 13:21:45.110,9.32336,9.32541,1.00,1.37
2016.06.10 13:21:45.211,9.32341,9.32549,1.00,1.37
2016.06.10 13:21:45.703,9.32332,9.3254,1.00,1.37
2016.06.10 13:21:46.073,9.32341,9.32529,1.00,1.00
2016.06.10 13:21:46.379,9.32332,9.32529,1.00,1.00
2016.06.10 13:21:46.480,9.32342,9.32529,1.00,1.00
2016.06.10 13:21:46.709,9.32333,9.32529,1.00,1.00
2016.06.10 13:21:46.934,9.32342,9.32529,1.00,1.00
2016.06.10 13:21:47.086,9.32332,9.32529,1.00,1.00
2016.06.10 13:21:48.290,9.32332,9.32542,1.00,1.37
2016.06.10 13:21:48.391,9.32344,9.32552,1.00,2.25
2016.06.10 13:21:48.493,9.32335,9.32543,1.00,1.37
2016.06.10 13:21:53.462,9.32343,9.32551,1.00,1.37
2016.06.10 13:21:53.620,9.32343,9.32551,1.00,1.37
2016.06.10 13:21:53.722,9.32356,9.32552,1.00,1.37
2016.06.10 13:21:54.726,9.32348,9.32552,1.00,1.37
2016.06.10 13:21:54.827,9.32355,9.32552,1.00,1.37
2016.06.10 13:21:57.492,9.32344,9.32552,1.00,1.50
2016.06.10 13:21:57.644,9.32336,9.32544,1.00,1.37
2016.06.10 13:21:57.921,9.32343,9.32529,1.00,1.00
2016.06.10 13:21:58.449,9.32343,9.32551,1.00,1.87
2016.06.10 13:21:59.972,9.32343,9.32529,1.00,1.00
2016.06.10 13:22:00.339,9.32343,9.32529,1.00,1.07
2016.06.10 13:22:11.297,9.32352,9.32529,1.00,1.07
2016.06.10 13:22:21.594,9.32338,9.32529,1.00,1.07
2016.06.10 13:22:21.695,9.3233,9.32529,1.00,1.07
2016.06.10 13:22:21.797,9.32311,9.32521,1.00,1.10
2016.06.10 13:22:21.900,9.32325,9.32529,1.00,1.07
2016.06.10 13:22:22.368,9.32333,9.32529,1.00,1.37
2016.06.10 13:22:22.419,9.32326,9.32529,1.00,1.37
2016.06.10 13:22:22.520,9.32337,9.32529,1.00,1.37
2016.06.10 13:22:22.824,9.32349,9.32552,1.00,1.75
2016.06.10 13:22:24.134,9.32333,9.32529,1.00,1.12
2016.06.10 13:22:24.236,9.32322,9.32529,1.00,1.12
2016.06.10 13:22:24.337,9.32322,9.32529,1.00,1.75
2016.06.10 13:22:24.439,9.32314,9.32522,1.00,1.75
2016.06.10 13:22:25.393,9.32323,9.32529,1.00,1.75
2016.06.10 13:22:25.876,9.32323,9.32529,1.00,1.75
2016.06.10 13:22:25.927,9.32306,9.32504,1.00,1.37
2016.06.10 13:22:25.978,9.32306,9.32504,1.00,1.75
2016.06.10 13:22:26.225,9.32287,9.32495,1.37,1.37
2016.06.10 13:22:33.065,9.32287,9.32494,1.12,1.37
2016.06.10 13:22:33.116,9.32287,9.32494,1.12,1.75
2016.06.10 13:22:35.219,9.32287,9.32494,1.12,1.75
2016.06.10 13:22:35.422,9.32294,9.32502,1.00,2.25
2016.06.10 13:22:35.473,9.32294,9.32502,1.50,1.57
2016.06.10 13:22:35.525,9.32309,9.32502,1.00,1.07
2016.06.10 13:22:35.576,9.32309,9.32502,1.00,1.00
2016.06.10 13:22:35.627,9.32321,9.32524,1.00,1.37
2016.06.10 13:22:35.779,9.32329,9.32537,1.00,1.37
2016.06.10 13:22:35.830,9.32341,9.32549,1.00,1.75
2016.06.10 13:22:36.452,9.32349,9.32554,1.00,1.75
2016.06.10 13:22:37.826,9.32341,9.32549,1.00,1.75
2016.06.10 13:22:38.157,9.32321,9.32524,1.00,1.07
2016.06.10 13:22:38.208,9.32316,9.32524,1.00,1.07
2016.06.10 13:22:38.618,9.32321,9.32524,1.00,1.07
2016.06.10 13:22:40.288,9.32321,9.32524,1.00,1.75
2016.06.10 13:22:53.388,9.32329,9.3253,1.00,1.75
2016.06.10 13:22:58.702,9.32319,9.32529,1.00,1.75
2016.06.10 13:23:00.583,9.32336,9.32529,1.00,1.75
2016.06.10 13:23:00.708,9.32326,9.32529,1.00,1.75
2016.06.10 13:23:00.911,9.32336,9.32538,1.00,1.75
2016.06.10 13:23:01.260,9.32346,9.32537,1.00,1.75
2016.06.10 13:23:01.789,9.3234,9.32548,1.00,1.75
2016.06.10 13:23:02.009,9.32329,9.32537,1.00,1.75
2016.06.10 13:23:02.215,9.32338,9.32546,1.00,1.75
2016.06.10 13:23:02.418,9.32336,9.32536,1.00,1.75
2016.06.10 13:23:02.470,9.32328,9.32536,1.00,1.75
2016.06.10 13:23:02.521,9.32326,9.32527,1.00,1.75
2016.06.10 13:23:02.951,9.32329,9.32537,1.00,1.75
2016.06.10 13:23:03.214,9.32326,9.32528,1.00,1.75
2016.06.10 13:23:03.618,9.32329,9.32537,1.00,1.75
2016.06.10 13:23:04.407,9.32335,9.32543,1.00,1.75
2016.06.10 13:23:04.458,9.32333,9.32543,1.00,1.75
2016.06.10 13:23:05.565,9.32326,9.32534,1.50,1.75
2016.06.10 13:23:05.954,9.32336,9.32534,1.00,1.75
2016.06.10 13:23:06.064,9.32326,9.32534,1.50,1.75
2016.06.10 13:23:06.217,9.32336,9.32534,1.00,1.75
2016.06.10 13:23:06.324,9.32326,9.32534,1.50,1.75
2016.06.10 13:23:06.425,9.32336,9.32534,1.00,1.75
2016.06.10 13:23:06.760,9.32326,9.32532,1.00,1.75
2016.06.10 13:23:06.862,9.32333,9.32541,1.00,1.75
2016.06.10 13:23:07.147,9.32326,9.32532,1.00,1.75
2016.06.10 13:23:07.248,9.32333,9.32541,1.00,1.75
2016.06.10 13:23:07.629,9.32324,9.32532,1.00,1.75
2016.06.10 13:23:08.227,9.32333,9.32541,1.00,1.75
2016.06.10 13:23:09.713,9.32324,9.32532,1.00,1.75
2016.06.10 13:23:10.469,9.32336,9.32532,1.00,1.75
2016.06.10 13:23:10.574,9.32325,9.32532,1.00,1.75
2016.06.10 13:23:11.160,9.32333,9.32541,1.00,1.75
2016.06.10 13:23:11.780,9.32326,9.32533,1.00,1.75
2016.06.10 13:23:11.831,9.32336,9.32533,1.00,1.75
2016.06.10 13:23:12.738,9.32333,9.32541,1.00,1.75
2016.06.10 13:23:12.789,9.32326,9.32533,1.00,1.75
2016.06.10 13:23:13.046,9.32335,9.32543,1.00,1.75
2016.06.10 13:23:13.375,9.32346,9.32543,1.00,1.75
2016.06.10 13:23:13.476,9.32336,9.32543,1.00,1.75
2016.06.10 13:23:14.042,9.32346,9.32543,1.00,1.75
2016.06.10 13:23:14.349,9.32327,9.32535,1.00,1.75
2016.06.10 13:23:14.400,9.32335,9.32543,1.00,1.75
2016.06.10 13:23:14.502,9.32327,9.32535,1.00,1.75
2016.06.10 13:23:14.857,9.32334,9.32544,1.00,2.25
2016.06.10 13:23:15.060,9.32327,9.32535,1.00,1.75
2016.06.10 13:23:18.698,9.32334,9.32542,1.00,1.75
2016.06.10 13:23:19.814,9.32346,9.32533,1.00,1.75
2016.06.10 13:23:19.970,9.32336,9.32533,1.00,1.75
2016.06.10 13:23:20.280,9.32325,9.32533,1.00,1.75
2016.06.10 13:23:24.711,9.32333,9.32541,1.00,1.75
2016.06.10 13:23:25.195,9.32323,9.32531,1.00,1.75
2016.06.10 13:23:25.484,9.3233,9.32534,1.00,1.75
2016.06.10 13:23:26.173,9.32323,9.32531,1.00,1.75
2016.06.10 13:23:26.287,9.32331,9.32539,1.00,1.75
2016.06.10 13:23:26.639,9.32323,9.32531,1.00,1.75
2016.06.10 13:23:28.632,9.32331,9.32539,1.00,1.75
2016.06.10 13:23:28.982,9.32361,9.32551,1.00,1.75
2016.06.10 13:23:33.640,9.32361,9.32551,1.00,1.37
2016.06.10 13:23:34.113,9.32342,9.3255,1.00,1.37
2016.06.10 13:23:34.215,9.32335,9.32542,1.00,1.10
2016.06.10 13:23:34.265,9.32335,9.32529,1.00,1.00
2016.06.10 13:23:34.825,9.32336,9.32529,1.00,1.00
2016.06.10 13:23:35.159,9.32346,9.32529,1.00,1.00
2016.06.10 13:23:35.912,9.32336,9.32529,1.00,1.00
2016.06.10 13:23:36.914,9.32334,9.32529,1.00,1.00
2016.06.10 13:23:38.561,9.32336,9.32529,1.00,1.00
2016.06.10 13:23:46.638,9.32336,9.32529,1.00,1.75
2016.06.10 13:23:46.689,9.32312,9.3252,1.00,1.10
2016.06.10 13:23:46.792,9.32312,9.32506,1.00,1.00
2016.06.10 13:23:46.893,9.32304,9.32506,1.00,1.00
2016.06.10 13:23:48.540,9.32304,9.32512,1.00,1.12
2016.06.10 13:23:48.790,9.32295,9.32483,1.00,1.00
2016.06.10 13:23:48.892,9.32287,9.32483,1.00,1.12
2016.06.10 13:23:48.993,9.3228,9.32483,1.00,1.12
2016.06.10 13:23:52.863,9.3228,9.32479,1.00,1.37
2016.06.10 13:23:59.032,9.3228,9.32488,1.00,1.37
2016.06.10 13:24:02.912,9.32276,9.32473,1.00,1.00
2016.06.10 13:24:02.963,9.32271,9.32473,1.00,1.00
2016.06.10 13:24:03.963,9.32266,9.32473,1.00,1.00
2016.06.10 13:24:12.481,9.32266,9.32465,1.00,1.00
2016.06.10 13:24:12.762,9.32267,9.32475,1.00,1.10
2016.06.10 13:24:12.964,9.32266,9.32465,1.00,1.00
2016.06.10 13:24:13.066,9.32266,9.32474,1.50,1.00
2016.06.10 13:24:13.268,9.32266,9.32464,1.00,1.00
2016.06.10 13:24:14.175,9.32266,9.32472,1.00,1.00
2016.06.10 13:24:14.375,9.32266,9.32464,1.00,1.00
2016.06.10 13:24:14.747,9.32257,9.32464,1.37,1.00
2016.06.10 13:24:15.365,9.32261,9.32471,1.00,1.00
2016.06.10 13:24:15.518,9.32266,9.32471,1.00,1.00
2016.06.10 13:24:16.491,9.32261,9.32471,1.00,1.00
2016.06.10 13:24:17.169,9.32257,9.32463,1.00,1.00
2016.06.10 13:24:17.473,9.32266,9.32468,1.00,1.07
2016.06.10 13:24:18.005,9.32259,9.32467,1.00,1.07
2016.06.10 13:24:18.258,9.32266,9.32467,1.00,1.07
2016.06.10 13:24:18.460,9.32259,9.32467,1.00,1.07
2016.06.10 13:24:21.556,9.32267,9.32475,1.00,1.37
2016.06.10 13:24:22.066,9.32266,9.32467,1.00,1.07
2016.06.10 13:24:22.117,9.32257,9.32467,1.50,1.07
2016.06.10 13:24:22.446,9.32266,9.32467,1.00,1.07
2016.06.10 13:24:22.548,9.32257,9.32467,1.50,1.07
2016.06.10 13:24:22.770,9.32276,9.32467,1.00,1.07
2016.06.10 13:24:23.849,9.32266,9.32474,1.50,1.37
2016.06.10 13:24:23.951,9.32276,9.32474,1.00,1.37
2016.06.10 13:24:24.490,9.32276,9.32474,1.00,1.10
2016.06.10 13:24:28.051,9.32266,9.32474,1.50,1.10
2016.06.10 13:24:28.102,9.32266,9.32466,1.00,1.00
2016.06.10 13:24:28.406,9.32266,9.32474,1.50,1.10
2016.06.10 13:24:28.950,9.32267,9.32475,1.00,1.07
2016.06.10 13:24:30.700,9.32266,9.32465,1.00,1.00
2016.06.10 13:24:31.961,9.32267,9.32475,1.00,1.07
2016.06.10 13:24:37.204,9.32266,9.32467,1.00,1.00
2016.06.10 13:24:37.255,9.32259,9.32467,1.00,1.00
2016.06.10 13:24:39.785,9.32266,9.32467,1.00,1.00
2016.06.10 13:24:40.107,9.32284,9.32479,1.00,1.07
2016.06.10 13:24:40.208,9.32284,9.32492,1.00,1.07
2016.06.10 13:24:40.361,9.32286,9.32492,1.00,1.07
2016.06.10 13:24:40.412,9.32294,9.32503,1.00,1.07
2016.06.10 13:24:40.691,9.32296,9.32503,1.00,1.07
2016.06.10 13:24:40.996,9.32307,9.32503,1.00,1.07
2016.06.10 13:24:41.300,9.32316,9.32523,1.00,1.75
2016.06.10 13:24:41.838,9.32316,9.32523,1.00,1.37
2016.06.10 13:24:42.423,9.32315,9.32523,1.00,1.37
2016.06.10 13:24:42.524,9.32306,9.32515,1.00,1.07
2016.06.10 13:24:43.015,9.32317,9.32525,1.00,1.37
2016.06.10 13:24:43.731,9.32325,9.32527,1.00,1.37
2016.06.10 13:24:44.146,9.32325,9.32527,1.00,1.37
2016.06.10 13:24:51.160,9.32333,9.32527,1.00,1.37
2016.06.10 13:24:52.135,9.32323,9.32531,1.00,1.37
2016.06.10 13:24:58.572,9.32328,9.32527,1.00,1.37
2016.06.10 13:24:59.687,9.3232,9.32527,1.00,1.37
2016.06.10 13:25:01.687,9.32315,9.32511,1.00,1.00
2016.06.10 13:25:01.890,9.32306,9.32503,1.00,1.00
2016.06.10 13:25:02.268,9.32305,9.32513,1.50,1.07
2016.06.10 13:25:02.992,9.32305,9.32502,1.00,1.00
2016.06.10 13:25:03.797,9.32306,9.32502,1.00,1.00
2016.06.10 13:25:04.263,9.32308,9.32502,1.00,1.00
2016.06.10 13:25:05.589,9.32308,9.32511,1.00,1.07
2016.06.10 13:25:06.174,9.32308,9.32503,1.00,1.00
2016.06.10 13:25:06.478,9.32308,9.32511,1.00,1.07
2016.06.10 13:25:07.607,9.32308,9.32504,1.00,1.00
2016.06.10 13:25:07.969,9.32308,9.32514,1.00,1.07
2016.06.10 13:25:08.070,9.32308,9.32503,1.00,1.00
2016.06.10 13:25:08.376,9.32308,9.32511,1.00,1.07
2016.06.10 13:25:08.953,9.32308,9.32502,1.00,1.00
2016.06.10 13:25:09.004,9.32308,9.32509,1.00,1.07
2016.06.10 13:25:09.156,9.32308,9.32509,1.00,1.75
2016.06.10 13:25:09.662,9.32308,9.32498,1.00,1.75
2016.06.10 13:25:10.359,9.32308,9.32466,1.00,1.37
2016.06.10 13:25:10.495,9.32266,9.32466,1.00,1.37
2016.06.10 13:25:10.798,9.32246,9.32449,1.00,1.00
2016.06.10 13:25:10.899,9.32246,9.32449,1.00,1.37
2016.06.10 13:25:11.214,9.32261,9.32457,1.00,1.75
2016.06.10 13:25:21.823,9.32256,9.32444,1.00,1.37
2016.06.10 13:25:21.874,9.32246,9.32444,1.00,1.37
2016.06.10 13:25:22.208,9.32263,9.32456,1.00,1.75
2016.06.10 13:25:22.309,9.32263,9.32456,1.00,1.07
2016.06.10 13:25:22.360,9.32286,9.32456,1.00,1.07
2016.06.10 13:25:22.664,9.32286,9.32456,1.00,1.00
2016.06.10 13:25:22.715,9.32296,9.32456,1.00,1.00
2016.06.10 13:25:23.230,9.32316,9.32456,1.00,1.00
2016.06.10 13:25:23.801,9.32306,9.32475,1.00,1.00
2016.06.10 13:25:23.853,9.32309,9.32475,1.00,1.00
2016.06.10 13:25:24.908,9.32309,9.325,1.00,1.37
2016.06.10 13:25:25.021,9.32316,9.325,1.00,1.37
2016.06.10 13:25:26.645,9.32306,9.32512,1.00,1.75
2016.06.10 13:25:26.797,9.32315,9.32497,1.00,1.37
2016.06.10 13:25:27.357,9.32316,9.32505,1.00,1.75
2016.06.10 13:25:27.865,9.32327,9.3253,1.00,1.75
2016.06.10 13:25:28.210,9.32336,9.3253,1.00,1.75
2016.06.10 13:25:29.114,9.32326,9.32523,1.00,1.75
2016.06.10 13:25:29.664,9.32329,9.32537,1.00,1.75
2016.06.10 13:25:29.967,9.32336,9.32534,1.00,1.75
2016.06.10 13:25:30.541,9.32326,9.32526,1.00,1.75
2016.06.10 13:25:31.469,9.32333,9.32541,1.00,1.75
2016.06.10 13:25:31.794,9.32336,9.32522,1.00,1.75
2016.06.10 13:25:31.845,9.32326,9.32522,1.00,1.75
2016.06.10 13:25:32.471,9.32331,9.32539,1.00,1.75
2016.06.10 13:25:32.776,9.32346,9.32546,1.00,1.75
2016.06.10 13:25:33.181,9.32335,9.32543,1.50,1.75
2016.06.10 13:25:33.714,9.32336,9.32535,1.00,1.75
2016.06.10 13:25:34.374,9.32345,9.32546,1.00,1.75
2016.06.10 13:25:34.906,9.32346,9.32546,1.00,1.75
2016.06.10 13:25:35.127,9.32337,9.32545,1.00,1.75
2016.06.10 13:25:35.481,9.32345,9.32546,1.00,1.75
2016.06.10 13:25:36.284,9.32346,9.32543,1.00,1.75
2016.06.10 13:25:36.588,9.3235,9.32546,1.00,1.75
2016.06.10 13:25:36.791,9.32346,9.32546,1.00,2.25
2016.06.10 13:25:36.893,9.32336,9.32535,1.00,1.75
2016.06.10 13:25:37.377,9.32338,9.32546,1.00,1.75
2016.06.10 13:25:38.684,9.32346,9.32546,1.00,1.75
2016.06.10 13:25:39.473,9.32349,9.32551,1.00,1.75
2016.06.10 13:25:39.676,9.32346,9.32548,1.00,1.75
2016.06.10 13:25:39.878,9.32336,9.3254,1.00,1.75
2016.06.10 13:25:40.612,9.32349,9.32551,1.00,1.75
2016.06.10 13:25:40.895,9.32346,9.32548,1.00,1.75
2016.06.10 13:25:41.048,9.32336,9.32539,1.00,1.75
2016.06.10 13:25:41.589,9.32342,9.3255,1.00,1.75
2016.06.10 13:25:42.016,9.32346,9.3255,1.00,1.75
2016.06.10 13:25:43.577,9.3235,9.32552,1.00,1.75
2016.06.10 13:25:45.477,9.3235,9.32552,1.00,2.25
2016.06.10 13:25:51.704,9.32361,9.32551,1.00,1.75
2016.06.10 13:25:55.925,9.32353,9.32558,1.00,1.75
2016.06.10 13:25:58.621,9.32351,9.32553,1.00,1.75
2016.06.10 13:25:59.611,9.32345,9.32545,1.00,1.75
2016.06.10 13:25:59.662,9.32342,9.32545,1.00,1.75
2016.06.10 13:25:59.713,9.32336,9.3254,1.00,1.75
2016.06.10 13:25:59.973,9.32326,9.3253,1.00,1.75
2016.06.10 13:26:00.407,9.32335,9.32531,1.00,1.75
2016.06.10 13:26:00.869,9.32343,9.32531,1.00,1.75
2016.06.10 13:26:02.351,9.32343,9.32543,1.00,1.75
2016.06.10 13:26:02.503,9.32336,9.32539,1.00,1.75
2016.06.10 13:26:03.915,9.32337,9.32543,1.00,1.75
2016.06.10 13:26:05.824,9.32336,9.32535,1.00,1.75
2016.06.10 13:26:11.884,9.32326,9.32523,1.00,1.75
2016.06.10 13:26:12.446,9.32337,9.32543,1.00,1.75
2016.06.10 13:26:15.352,9.32336,9.32532,1.00,1.75
2016.06.10 13:26:20.565,9.32341,9.32543,1.00,1.75
2016.06.10 13:26:20.767,9.32335,9.32538,1.00,1.75
2016.06.10 13:26:23.476,9.32337,9.32543,1.00,1.75
2016.06.10 13:26:23.577,9.32335,9.32537,1.00,1.75
2016.06.10 13:26:23.780,9.32326,9.32527,1.00,1.75
2016.06.10 13:26:24.555,9.32341,9.32543,1.00,1.75
2016.06.10 13:26:24.628,9.32346,9.32543,1.00,1.75
2016.06.10 13:26:25.277,9.32336,9.32531,1.00,1.75
2016.06.10 13:26:26.610,9.32346,9.32543,1.00,1.75
2016.06.10 13:26:27.625,9.32336,9.32543,1.00,2.25
2016.06.10 13:26:28.672,9.32344,9.32543,1.00,1.75
2016.06.10 13:26:28.984,9.32346,9.32543,1.00,1.75
2016.06.10 13:26:29.962,9.32344,9.32543,1.00,1.75
2016.06.10 13:26:30.034,9.32336,9.32543,1.00,2.25
2016.06.10 13:26:32.872,9.32326,9.32531,1.00,1.75
2016.06.10 13:26:33.950,9.32339,9.3254,1.00,1.75
2016.06.10 13:26:35.053,9.32336,9.32539,1.00,1.75
2016.06.10 13:26:35.205,9.32331,9.32539,1.00,1.75
2016.06.10 13:26:36.795,9.32336,9.32536,1.00,1.75
2016.06.10 13:26:36.948,9.32326,9.32525,1.00,1.75
2016.06.10 13:26:37.100,9.32333,9.32535,1.00,1.75
2016.06.10 13:26:37.461,9.32336,9.32535,1.00,1.75
2016.06.10 13:26:37.804,9.32326,9.32524,1.00,1.75
2016.06.10 13:26:38.164,9.32329,9.32535,1.00,1.75
2016.06.10 13:26:38.565,9.32326,9.32529,1.00,1.75
2016.06.10 13:26:41.274,9.32333,9.32529,1.00,1.75
2016.06.10 13:26:41.581,9.32346,9.32536,1.00,1.75
2016.06.10 13:26:41.683,9.32326,9.32525,1.00,1.75
2016.06.10 13:26:42.478,9.32333,9.3254,1.00,1.75
2016.06.10 13:26:42.849,9.32336,9.3254,1.00,1.75
2016.06.10 13:26:44.758,9.32326,9.32514,1.00,1.37
2016.06.10 13:26:46.365,9.32326,9.32514,1.00,1.75
2016.06.10 13:26:49.577,9.32306,9.32514,1.00,1.75
2016.06.10 13:26:50.262,9.32297,9.32507,1.00,1.75
2016.06.10 13:26:50.415,9.32307,9.32515,1.00,1.75
2016.06.10 13:26:50.719,9.32342,9.32536,1.00,1.75
2016.06.10 13:26:51.100,9.32329,9.3253,1.00,1.75
2016.06.10 13:26:51.202,9.32316,9.3252,1.00,1.75
2016.06.10 13:26:51.253,9.32312,9.3252,1.00,1.75
2016.06.10 13:26:51.502,9.3233,9.32535,1.00,1.75
2016.06.10 13:26:51.806,9.32316,9.32521,1.00,1.75
2016.06.10 13:26:51.908,9.32311,9.32521,1.00,1.75
2016.06.10 13:26:55.312,9.32321,9.32529,1.00,1.75
2016.06.10 13:26:55.819,9.3232,9.32528,1.00,1.75
2016.06.10 13:26:56.323,9.32339,9.32534,1.00,1.75
2016.06.10 13:26:56.526,9.32326,9.32529,1.00,1.75
2016.06.10 13:26:57.215,9.32317,9.32525,1.00,1.75
2016.06.10 13:26:57.730,9.32353,9.32546,1.00,1.75
2016.06.10 13:26:57.832,9.32342,9.32546,1.00,1.75
2016.06.10 13:26:57.934,9.32325,9.3253,1.00,1.75
2016.06.10 13:26:58.086,9.32322,9.32529,1.00,1.75
2016.06.10 13:26:58.424,9.32338,9.32534,1.00,1.75
2016.06.10 13:26:58.740,9.3234,9.32533,1.00,1.12
2016.06.10 13:26:58.791,9.32321,9.32529,1.00,1.75
2016.06.10 13:27:00.292,9.32343,9.32529,1.00,1.75
2016.06.10 13:27:00.568,9.32327,9.32529,1.00,1.75
2016.06.10 13:27:00.619,9.32319,9.32527,1.00,1.37
2016.06.10 13:27:01.333,9.32341,9.32533,1.00,1.12
2016.06.10 13:27:01.636,9.32349,9.32533,1.00,1.12
2016.06.10 13:27:02.171,9.32321,9.32529,1.00,2.25
2016.06.10 13:27:08.607,9.32334,9.32533,1.00,1.75
2016.06.10 13:27:08.709,9.32317,9.32525,1.00,1.37
2016.06.10 13:27:08.811,9.32307,9.32515,1.00,1.12
2016.06.10 13:27:09.409,9.3233,9.32524,1.00,1.37
2016.06.10 13:27:09.612,9.32324,9.32532,1.00,1.75
2016.06.10 13:27:09.713,9.32315,9.3252,1.00,1.37
2016.06.10 13:27:09.815,9.32305,9.32515,1.00,1.12
2016.06.10 13:27:12.038,9.32375,9.32552,1.00,1.75
2016.06.10 13:27:12.089,9.32375,9.32574,1.00,1.75
2016.06.10 13:27:12.557,9.32362,9.3257,1.00,1.75
2016.06.10 13:27:12.921,9.32379,9.32574,1.00,1.75
2016.06.10 13:27:18.368,9.32371,9.32574,1.00,1.75
2016.06.10 13:27:18.721,9.32373,9.32574,1.00,1.75
2016.06.10 13:27:21.649,9.3238,9.32576,1.00,1.12
2016.06.10 13:27:22.184,9.3238,9.32576,1.00,1.37
2016.06.10 13:27:22.461,9.3239,9.32591,1.00,1.37
2016.06.10 13:27:22.850,9.32399,9.32607,1.00,1.82
2016.06.10 13:27:22.966,9.32399,9.32607,1.00,1.07
2016.06.10 13:27:23.068,9.32406,9.32607,1.00,1.07
2016.06.10 13:27:23.169,9.32416,9.32615,1.50,1.00
2016.06.10 13:27:23.271,9.32436,9.32642,1.00,1.00
2016.06.10 13:27:23.372,9.32461,9.32654,1.00,1.00
2016.06.10 13:27:23.575,9.32458,9.32666,1.00,1.00
2016.06.10 13:27:23.676,9.32467,9.32674,1.00,1.00
2016.06.10 13:27:23.988,9.32517,9.32703,1.00,1.37
2016.06.10 13:27:24.523,9.32489,9.3267,1.00,1.00
2016.06.10 13:27:24.574,9.32489,9.32604,1.00,1.00
2016.06.10 13:27:24.777,9.32391,9.32524,1.00,1.00
2016.06.10 13:27:24.881,9.32301,9.32509,1.00,1.10
2016.06.10 13:27:24.933,9.32301,9.32504,1.00,1.00
2016.06.10 13:27:25.237,9.32284,9.32492,1.00,1.00
2016.06.10 13:27:25.338,9.32275,9.32484,1.00,1.00
2016.06.10 13:27:25.440,9.32268,9.32476,1.00,1.00
2016.06.10 13:27:25.784,9.32268,9.32474,1.00,1.50
2016.06.10 13:27:25.835,9.3226,9.32468,1.00,1.00
2016.06.10 13:27:25.937,9.32256,9.32458,1.00,1.00
2016.06.10 13:27:25.988,9.3225,9.32458,1.00,1.00
2016.06.10 13:27:26.549,9.3225,9.32454,1.00,1.00
2016.06.10 13:27:26.897,9.3225,9.32454,1.00,1.75
2016.06.10 13:27:27.272,9.3225,9.32454,1.00,1.75
2016.06.10 13:27:35.168,9.32242,9.3245,1.00,1.75
2016.06.10 13:27:35.270,9.32233,9.32441,1.00,1.75
2016.06.10 13:27:58.633,9.32236,9.32431,1.00,1.07
2016.06.10 13:27:59.250,9.32236,9.32404,1.00,1.00
2016.06.10 13:27:59.352,9.32236,9.32434,1.00,1.50
2016.06.10 13:27:59.662,9.32234,9.32442,1.00,1.75
2016.06.10 13:28:02.021,9.32235,9.32431,1.00,1.07
2016.06.10 13:28:02.739,9.32246,9.32431,1.00,1.07
2016.06.10 13:28:03.264,9.32235,9.32431,1.00,1.07
2016.06.10 13:28:04.232,9.32244,9.32431,1.00,1.07
2016.06.10 13:28:04.644,9.32235,9.32431,1.00,1.07
2016.06.10 13:28:04.846,9.32226,9.32416,1.00,1.00
2016.06.10 13:28:04.948,9.32219,9.32424,1.00,1.75
2016.06.10 13:28:05.049,9.32232,9.32409,1.00,1.07
2016.06.10 13:28:05.252,9.32208,9.3241,1.00,1.75
2016.06.10 13:28:05.506,9.322,9.32404,1.00,1.75
2016.06.10 13:28:05.913,9.322,9.32404,1.00,1.75
2016.06.10 13:28:06.249,9.32192,9.324,1.00,1.37
2016.06.10 13:28:06.451,9.32184,9.32392,1.00,1.37
2016.06.10 13:28:06.502,9.32186,9.32388,1.00,1.07
2016.06.10 13:28:06.603,9.32184,9.32388,1.00,1.07
2016.06.10 13:28:06.705,9.32184,9.32388,1.00,1.37
2016.06.10 13:28:06.756,9.32174,9.32382,1.00,1.37
2016.06.10 13:28:06.807,9.32181,9.32388,1.00,1.37
2016.06.10 13:28:07.327,9.32171,9.32379,1.00,1.07
2016.06.10 13:28:07.480,9.32171,9.32379,1.00,1.37
2016.06.10 13:28:08.218,9.32162,9.3237,1.00,1.12
2016.06.10 13:28:08.320,9.32156,9.32362,1.00,1.07
2016.06.10 13:28:08.898,9.32154,9.32362,1.00,1.07
2016.06.10 13:28:09.339,9.32146,9.32354,1.50,1.00
2016.06.10 13:28:09.440,9.32138,9.32346,1.00,1.00
2016.06.10 13:28:10.120,9.32138,9.32334,1.00,1.00
2016.06.10 13:28:13.113,9.32138,9.32346,1.00,1.12
2016.06.10 13:28:18.671,9.32141,9.32349,1.00,1.37
2016.06.10 13:28:20.243,9.32148,9.32356,1.00,1.87
2016.06.10 13:28:20.579,9.3214,9.32348,1.00,1.07
2016.06.10 13:28:22.562,9.32148,9.32356,1.00,1.87
2016.06.10 13:28:22.972,9.32139,9.32347,1.00,1.07
2016.06.10 13:28:25.534,9.32139,9.32347,1.00,1.37
2016.06.10 13:28:26.302,9.32138,9.32348,1.00,1.37
2016.06.10 13:28:26.355,9.32136,9.32344,1.00,1.07
2016.06.10 13:28:26.456,9.32144,9.32352,1.00,1.37
2016.06.10 13:28:26.677,9.32133,9.32341,1.00,1.07
2016.06.10 13:28:30.534,9.32141,9.32349,1.00,1.37
2016.06.10 13:28:31.371,9.32132,9.3234,1.00,1.07
2016.06.10 13:28:31.785,9.32132,9.32334,1.00,1.00
2016.06.10 13:28:33.533,9.32132,9.3234,1.00,1.07
2016.06.10 13:28:33.634,9.32132,9.3234,1.00,1.00
2016.06.10 13:28:36.463,9.32132,9.3234,1.00,1.07
2016.06.10 13:28:37.687,9.32138,9.32344,1.00,1.07
2016.06.10 13:28:38.690,9.32142,9.3235,1.00,1.37
2016.06.10 13:28:38.993,9.3215,9.32356,1.00,1.37
2016.06.10 13:28:39.511,9.3214,9.32348,1.00,1.07
2016.06.10 13:28:39.677,9.32148,9.32356,1.00,1.87
2016.06.10 13:28:39.879,9.3214,9.32348,1.00,1.07
2016.06.10 13:28:47.613,9.32136,9.32338,1.00,1.00
2016.06.10 13:28:47.918,9.32078,9.32279,1.07,1.00
2016.06.10 13:28:48.019,9.32066,9.32267,1.00,1.00
2016.06.10 13:28:48.070,9.32061,9.32253,1.00,1.00
2016.06.10 13:28:48.121,9.32046,9.3224,1.00,1.00
2016.06.10 13:28:48.172,9.32032,9.32234,1.00,1.37
2016.06.10 13:28:48.273,9.31998,9.32206,1.00,1.00
2016.06.10 13:28:48.324,9.31996,9.32195,1.00,1.00
2016.06.10 13:28:48.426,9.31978,9.32186,1.10,1.00
2016.06.10 13:28:48.693,9.31956,9.32157,1.75,1.00
2016.06.10 13:28:48.745,9.31956,9.32157,1.07,1.00
2016.06.10 13:28:49.163,9.31949,9.32157,1.00,1.00
2016.06.10 13:28:49.214,9.31946,9.32148,1.00,1.00
2016.06.10 13:28:49.265,9.3194,9.32148,1.07,1.00
2016.06.10 13:28:49.316,9.31936,9.32138,1.12,1.00
2016.06.10 13:28:49.367,9.3193,9.32138,1.00,1.10
2016.06.10 13:28:49.418,9.31926,9.32129,1.00,1.00
2016.06.10 13:28:49.721,9.31914,9.32099,1.00,1.00
2016.06.10 13:28:49.949,9.31891,9.32099,1.00,1.07
2016.06.10 13:28:50.016,9.31876,9.32077,1.00,1.00
2016.06.10 13:28:50.068,9.31869,9.32077,1.00,1.00
2016.06.10 13:28:50.119,9.31866,9.32068,1.00,1.00
2016.06.10 13:28:50.170,9.3186,9.32068,1.07,1.00
2016.06.10 13:28:50.322,9.31868,9.32076,1.00,1.00
2016.06.10 13:28:50.733,9.3186,9.32068,1.07,1.00
2016.06.10 13:28:51.036,9.31866,9.3207,1.00,1.00
2016.06.10 13:28:51.294,9.31856,9.32062,1.00,1.00
2016.06.10 13:28:51.499,9.31854,9.32062,1.00,1.00
2016.06.10 13:28:51.803,9.31846,9.32049,1.00,1.00
2016.06.10 13:28:52.106,9.31883,9.32049,1.00,1.00
2016.06.10 13:28:52.208,9.31883,9.32063,1.00,1.07
2016.06.10 13:28:52.259,9.31915,9.32063,1.00,1.07
2016.06.10 13:28:52.360,9.31915,9.32073,1.00,1.00
2016.06.10 13:28:52.411,9.31915,9.32086,1.00,1.07
2016.06.10 13:28:52.463,9.31948,9.32086,1.00,1.00
2016.06.10 13:28:52.997,9.3199,9.32126,1.00,1.00
2016.06.10 13:28:53.301,9.32041,9.32159,1.00,1.00
2016.06.10 13:28:53.353,9.32041,9.32197,1.00,1.00
2016.06.10 13:28:53.404,9.32068,9.32204,1.00,1.10
2016.06.10 13:28:53.708,9.32094,9.32204,1.00,1.00
2016.06.10 13:28:54.033,9.32111,9.32204,1.00,1.00
2016.06.10 13:28:54.283,9.32111,9.32254,1.00,1.50
2016.06.10 13:28:54.536,9.3212,9.32254,1.00,1.00
2016.06.10 13:28:54.840,9.32152,9.32308,1.00,1.00
2016.06.10 13:28:55.144,9.32172,9.32318,1.00,1.00
2016.06.10 13:28:55.246,9.32172,9.32327,1.00,1.00
2016.06.10 13:28:55.348,9.32172,9.32337,1.00,1.07
2016.06.10 13:28:55.405,9.32172,9.32337,1.00,1.00
2016.06.10 13:28:55.675,9.32188,9.32337,1.00,1.00
2016.06.10 13:28:55.828,9.32188,9.32344,1.00,1.00
2016.06.10 13:28:56.460,9.32188,9.32351,1.00,1.00
2016.06.10 13:29:02.004,9.32188,9.3232,1.00,1.00
2016.06.10 13:29:05.172,9.32188,9.3234,1.00,1.00
2016.06.10 13:29:05.224,9.32188,9.32356,1.00,1.10
2016.06.10 13:29:06.191,9.32188,9.3235,1.00,1.00
2016.06.10 13:29:06.669,9.32188,9.32358,1.00,1.07
2016.06.10 13:29:07.637,9.32188,9.3235,1.00,1.00
2016.06.10 13:29:13.291,9.32188,9.32358,1.00,1.07
2016.06.10 13:29:15.993,9.32187,9.32358,1.00,1.07
2016.06.10 13:29:17.196,9.32187,9.3235,1.00,1.00
2016.06.10 13:29:17.428,9.32187,9.32358,1.00,1.07
2016.06.10 13:29:18.104,9.32187,9.32348,1.00,1.00
2016.06.10 13:29:18.266,9.32187,9.32357,1.00,1.07
2016.06.10 13:29:18.804,9.32187,9.32352,1.00,1.00
2016.06.10 13:29:19.006,9.32187,9.32363,1.00,1.07
2016.06.10 13:29:19.268,9.32187,9.32354,1.00,1.00
2016.06.10 13:29:21.910,9.32187,9.32363,1.00,1.07
2016.06.10 13:29:22.113,9.32187,9.32353,1.00,1.00
2016.06.10 13:29:22.417,9.32156,9.32265,1.00,1.00
2016.06.10 13:29:22.518,9.32155,9.32289,1.00,1.00
2016.06.10 13:29:22.569,9.32176,9.32289,1.00,1.00
2016.06.10 13:29:22.620,9.32176,9.32299,1.00,1.00
2016.06.10 13:29:23.010,9.32176,9.32311,1.00,1.00
2016.06.10 13:29:25.221,9.32176,9.32301,1.00,1.00
2016.06.10 13:29:26.347,9.32176,9.32311,1.00,1.00
2016.06.10 13:29:26.398,9.32176,9.3232,1.00,1.00
2016.06.10 13:29:42.300,9.32176,9.32302,1.00,1.00
2016.06.10 13:29:43.145,9.32176,9.32311,1.00,1.00
2016.06.10 13:29:44.678,9.32176,9.32304,1.00,1.00
2016.06.10 13:29:46.775,9.32176,9.32311,1.00,1.00
2016.06.10 13:29:46.985,9.32176,9.32302,1.00,1.00
2016.06.10 13:29:47.387,9.32176,9.32311,1.00,1.00
2016.06.10 13:29:47.687,9.32176,9.32302,1.00,1.00
2016.06.10 13:29:48.337,9.32176,9.32299,1.00,1.00
2016.06.10 13:29:48.873,9.32176,9.32308,1.00,1.00
2016.06.10 13:29:53.066,9.32176,9.323,1.00,1.00
2016.06.10 13:29:53.708,9.32176,9.32309,1.00,1.00
2016.06.10 13:29:57.809,9.32176,9.32322,1.00,1.00
2016.06.10 13:29:58.589,9.32176,9.32329,1.00,1.00
2016.06.10 13:30:00.202,9.32176,9.3232,1.00,1.00
2016.06.10 13:30:00.303,9.32176,9.32329,1.00,1.00
2016.06.10 13:30:00.749,9.32176,9.3232,1.00,1.00
2016.06.10 13:30:00.800,9.32176,9.32329,1.00,1.00
2016.06.10 13:30:03.446,9.32176,9.32321,1.00,1.00
2016.06.10 13:30:04.007,9.32176,9.32331,1.00,1.00
2016.06.10 13:30:04.648,9.32176,9.32322,1.00,1.00
2016.06.10 13:30:05.547,9.32176,9.32331,1.00,1.00
2016.06.10 13:30:06.326,9.32176,9.32322,1.00,1.00
2016.06.10 13:30:06.956,9.32176,9.32331,1.00,1.00
2016.06.10 13:30:09.139,9.32176,9.32322,1.00,1.00
2016.06.10 13:30:16.688,9.32176,9.3233,1.00,1.00
2016.06.10 13:30:16.842,9.32176,9.3232,1.00,1.00
2016.06.10 13:30:17.962,9.32176,9.3231,1.00,1.00
2016.06.10 13:30:18.385,9.32176,9.32323,1.00,1.00
2016.06.10 13:30:18.950,9.32176,9.32314,1.00,1.00
2016.06.10 13:30:19.178,9.32176,9.32323,1.00,1.00
2016.06.10 13:30:19.496,9.32176,9.32314,1.00,1.00
2016.06.10 13:30:20.101,9.32176,9.32322,1.00,1.00
2016.06.10 13:30:21.602,9.32176,9.32314,1.00,1.00
2016.06.10 13:30:23.555,9.32176,9.32323,1.00,1.00
2016.06.10 13:30:24.211,9.32176,9.32315,1.00,1.00
2016.06.10 13:30:35.719,9.32176,9.32307,1.00,1.00
2016.06.10 13:30:36.163,9.32176,9.32318,1.00,1.00
2016.06.10 13:30:36.618,9.32176,9.3231,1.00,1.00
2016.06.10 13:30:38.628,9.32176,9.32308,1.00,1.00
2016.06.10 13:30:38.866,9.32176,9.32317,1.00,1.00
2016.06.10 13:30:39.130,9.32176,9.32307,1.00,1.00
2016.06.10 13:30:39.232,9.32176,9.32316,1.00,1.00
2016.06.10 13:30:39.958,9.32176,9.32308,1.00,1.00
2016.06.10 13:30:40.949,9.32176,9.32316,1.00,1.00
2016.06.10 13:30:41.720,9.32176,9.32307,1.00,1.00
2016.06.10 13:30:42.478,9.32176,9.32316,1.00,1.00
2016.06.10 13:30:42.579,9.32176,9.32306,1.00,1.00
2016.06.10 13:30:42.680,9.32176,9.32316,1.00,1.00
2016.06.10 13:30:43.500,9.32176,9.32308,1.00,1.00
2016.06.10 13:30:44.555,9.32176,9.32316,1.00,1.00
2016.06.10 13:30:45.055,9.32176,9.32307,1.00,1.00
2016.06.10 13:30:45.953,9.32176,9.32315,1.00,1.00
2016.06.10 13:30:47.399,9.32176,9.32305,1.00,1.00
2016.06.10 13:30:47.695,9.32176,9.32313,1.00,1.00
2016.06.10 13:30:48.300,9.32176,9.32303,1.00,1.00
2016.06.10 13:30:58.674,9.32176,9.32301,1.00,1.00
2016.06.10 13:30:59.905,9.32176,9.32311,1.00,1.00
2016.06.10 13:31:00.512,9.32176,9.32293,1.00,1.00
2016.06.10 13:31:00.912,9.32176,9.32284,1.00,1.00
2016.06.10 13:31:01.213,9.32176,9.32282,1.00,1.00
2016.06.10 13:31:02.467,9.32176,9.32284,1.00,1.00
2016.06.10 13:31:04.324,9.32176,9.32292,1.00,1.00
2016.06.10 13:31:04.426,9.32176,9.323,1.00,1.00
2016.06.10 13:31:05.153,9.32176,9.32292,1.00,1.00
2016.06.10 13:31:05.315,9.32176,9.323,1.00,1.00
2016.06.10 13:31:06.778,9.32163,9.323,1.00,1.00
2016.06.10 13:31:06.879,9.32121,9.323,1.00,1.00
2016.06.10 13:31:06.931,9.32096,9.32286,1.75,1.00
2016.06.10 13:31:07.340,9.321,9.32248,1.00,1.00
2016.06.10 13:31:07.684,9.32096,9.32244,1.00,1.00
2016.06.10 13:31:07.988,9.32096,9.32237,1.00,1.00
2016.06.10 13:31:08.472,9.32096,9.32252,1.00,1.00
2016.06.10 13:31:08.575,9.32096,9.32244,1.00,1.00
2016.06.10 13:31:13.695,9.32096,9.32254,1.00,1.00
2016.06.10 13:31:13.844,9.32096,9.32244,1.00,1.00
2016.06.10 13:31:13.946,9.32096,9.32252,1.00,1.00
2016.06.10 13:31:14.280,9.32096,9.32244,1.00,1.00
2016.06.10 13:31:14.807,9.32088,9.32244,1.00,1.00
2016.06.10 13:31:14.908,9.32076,9.32244,1.00,1.00
2016.06.10 13:31:14.959,9.32076,9.32234,1.00,1.00
2016.06.10 13:31:15.010,9.3206,9.32234,1.00,1.00
2016.06.10 13:31:15.061,9.32062,9.32211,1.00,1.00
2016.06.10 13:31:15.386,9.32035,9.32175,1.07,1.00
2016.06.10 13:31:15.656,9.32023,9.32167,1.07,1.00
2016.06.10 13:31:15.707,9.32023,9.32167,1.00,1.00
2016.06.10 13:31:15.862,9.32023,9.32158,1.00,1.00
2016.06.10 13:31:16.274,9.32015,9.32148,1.07,1.00
2016.06.10 13:31:16.655,9.32015,9.3214,1.00,1.00
2016.06.10 13:31:16.758,9.32015,9.32148,1.00,1.00
2016.06.10 13:31:16.965,9.32015,9.32156,1.00,1.00
2016.06.10 13:31:17.067,9.32015,9.32149,1.00,1.00
2016.06.10 13:31:17.118,9.32013,9.32149,1.00,1.00
2016.06.10 13:31:17.269,9.32013,9.32139,1.00,1.00
2016.06.10 13:31:17.573,9.32013,9.32148,1.00,1.00
2016.06.10 13:31:18.140,9.32012,9.32152,1.00,1.00
2016.06.10 13:31:18.193,9.32012,9.3216,1.00,1.00
2016.06.10 13:31:18.567,9.32012,9.32158,1.00,1.00
2016.06.10 13:31:18.770,9.32012,9.32167,1.00,1.00
2016.06.10 13:31:19.509,9.32012,9.32158,1.00,1.00
2016.06.10 13:31:19.873,9.32021,9.32167,1.00,1.00
2016.06.10 13:31:19.975,9.32021,9.32176,1.00,1.00
2016.06.10 13:31:21.002,9.32018,9.32168,1.00,1.00
2016.06.10 13:31:21.306,9.32018,9.32158,1.00,1.00
2016.06.10 13:31:21.698,9.32018,9.32168,1.00,1.00
2016.06.10 13:31:22.499,9.32018,9.32175,1.00,1.00
2016.06.10 13:31:22.963,9.32016,9.32175,1.10,1.00
2016.06.10 13:31:23.115,9.32016,9.32165,1.10,1.00
2016.06.10 13:31:24.333,9.32024,9.32165,1.00,1.00
2016.06.10 13:31:24.485,9.32024,9.32174,1.00,1.00
2016.06.10 13:31:24.586,9.32024,9.32181,1.00,1.00
2016.06.10 13:31:24.638,9.32038,9.32181,1.00,1.00
2016.06.10 13:31:25.600,9.32047,9.32207,1.00,1.00
2016.06.10 13:31:25.651,9.32054,9.32207,1.00,1.00
2016.06.10 13:31:25.702,9.32054,9.32218,1.00,1.00
2016.06.10 13:31:26.288,9.32054,9.32227,1.00,1.00
2016.06.10 13:31:26.390,9.32054,9.32233,1.00,1.00
2016.06.10 13:31:27.270,9.32066,9.32233,1.00,1.00
2016.06.10 13:31:31.464,9.32066,9.32246,1.00,1.00
2016.06.10 13:31:31.517,9.32066,9.32233,1.00,1.00
2016.06.10 13:31:33.455,9.32066,9.32241,1.00,1.00
2016.06.10 13:31:34.415,9.32066,9.32232,1.00,1.00
2016.06.10 13:31:34.657,9.32066,9.3224,1.00,1.00
2016.06.10 13:31:34.759,9.32066,9.32232,1.00,1.00
2016.06.10 13:31:34.809,9.32066,9.32241,1.00,1.00
2016.06.10 13:31:35.569,9.32066,9.32233,1.00,1.00
2016.06.10 13:31:35.620,9.32066,9.32247,1.00,1.00
2016.06.10 13:31:35.722,9.32066,9.32263,1.00,1.00
2016.06.10 13:31:35.824,9.32066,9.32256,1.00,1.00
2016.06.10 13:31:36.128,9.32066,9.32247,1.00,1.00
2016.06.10 13:31:36.332,9.32066,9.32254,1.00,1.00
2016.06.10 13:31:37.654,9.32066,9.32262,1.00,1.00
2016.06.10 13:31:38.022,9.32076,9.32262,1.00,1.00
2016.06.10 13:31:38.373,9.32076,9.32254,1.00,1.00
2016.06.10 13:31:38.566,9.32076,9.32259,1.00,1.00
2016.06.10 13:31:39.142,9.32076,9.32251,1.00,1.00
2016.06.10 13:31:39.464,9.32076,9.32271,1.00,1.12
2016.06.10 13:31:39.677,9.32076,9.32279,1.00,1.37
2016.06.10 13:31:39.728,9.32078,9.32284,1.00,1.37
2016.06.10 13:31:40.031,9.32125,9.32304,1.00,1.00
2016.06.10 13:31:40.337,9.32173,9.32362,1.00,1.00
2016.06.10 13:31:40.597,9.32218,9.32362,1.00,1.00
2016.06.10 13:31:40.648,9.32225,9.32424,1.00,1.37
2016.06.10 13:31:41.223,9.32225,9.32431,1.00,1.37
2016.06.10 13:31:41.785,9.32231,9.32439,1.00,1.37
2016.06.10 13:31:41.836,9.32246,9.32439,1.00,1.37
2016.06.10 13:31:44.892,9.32249,9.32444,1.00,1.37
2016.06.10 13:31:53.180,9.32266,9.32454,1.00,1.75
2016.06.10 13:31:53.433,9.32249,9.32454,1.00,1.75
2016.06.10 13:31:55.382,9.32248,9.32454,1.00,2.25
2016.06.10 13:31:55.664,9.32262,9.32454,1.00,2.25
2016.06.10 13:31:59.458,9.32262,9.32464,1.00,1.75
2016.06.10 13:31:59.560,9.32253,9.32449,1.00,1.50
2016.06.10 13:31:59.813,9.32253,9.3244,1.00,1.00
2016.06.10 13:32:00.503,9.32253,9.3244,1.00,1.75
2016.06.10 13:32:07.904,9.32253,9.32432,1.00,1.00
2016.06.10 13:32:08.711,9.32253,9.3244,1.00,1.75
2016.06.10 13:32:08.823,9.32253,9.32432,1.00,1.00
2016.06.10 13:32:09.308,9.32253,9.32441,1.00,1.75
2016.06.10 13:32:09.608,9.32253,9.32433,1.00,1.00
2016.06.10 13:32:10.125,9.32254,9.32442,1.00,1.75
2016.06.10 13:32:11.615,9.32254,9.32434,1.00,1.00
2016.06.10 13:32:15.872,9.32264,9.32434,1.00,1.00
2016.06.10 13:32:21.738,9.32264,9.32453,1.00,1.75
2016.06.10 13:32:22.042,9.32264,9.32461,1.00,1.75
2016.06.10 13:32:24.537,9.32264,9.3245,1.00,1.00
2016.06.10 13:32:24.638,9.32264,9.32458,1.00,1.75
2016.06.10 13:32:26.396,9.32263,9.32458,1.00,1.75
2016.06.10 13:32:32.163,9.32263,9.32449,1.00,1.00
2016.06.10 13:32:32.590,9.32263,9.3246,1.00,1.75
2016.06.10 13:32:33.163,9.32263,9.32449,1.00,1.00
2016.06.10 13:32:35.771,9.32263,9.32457,1.00,1.50
2016.06.10 13:32:36.337,9.32263,9.32449,1.00,1.00
2016.06.10 13:32:36.573,9.32263,9.32459,1.00,1.75
2016.06.10 13:32:36.776,9.32263,9.32449,1.00,1.00
2016.06.10 13:32:37.080,9.32264,9.32459,1.00,1.75
2016.06.10 13:32:37.977,9.32264,9.32449,1.00,1.00
2016.06.10 13:32:38.599,9.32264,9.32454,1.00,1.07
2016.06.10 13:32:47.409,9.32264,9.32446,1.00,1.00
2016.06.10 13:32:47.932,9.32264,9.32456,1.00,1.12
2016.06.10 13:32:48.034,9.32264,9.32447,1.00,1.00
2016.06.10 13:32:48.287,9.32266,9.32457,1.00,1.50
2016.06.10 13:32:48.439,9.32264,9.32457,1.00,1.50
2016.06.10 13:32:48.489,9.32264,9.32447,1.00,1.00
2016.06.10 13:32:49.127,9.32264,9.32448,1.00,1.00
2016.06.10 13:32:50.814,9.32264,9.32448,1.00,1.50
2016.06.10 13:33:00.536,9.3225,9.32448,1.00,1.50
2016.06.10 13:33:00.859,9.32246,9.32414,1.00,1.00
2016.06.10 13:33:00.961,9.32246,9.32435,1.00,1.50
2016.06.10 13:33:03.507,9.32246,9.32445,1.00,1.75
2016.06.10 13:33:13.182,9.32246,9.32437,1.00,1.00
2016.06.10 13:33:13.283,9.32246,9.32445,1.00,1.75
2016.06.10 13:33:15.730,9.32237,9.32444,1.00,1.50
2016.06.10 13:33:15.781,9.32228,9.32438,1.07,1.00
2016.06.10 13:33:15.832,9.32228,9.32438,1.00,1.75
2016.06.10 13:33:16.851,9.32236,9.32446,1.00,1.75
2016.06.10 13:33:17.269,9.32229,9.32437,1.00,1.75
2016.06.10 13:33:18.586,9.32233,9.32441,1.00,1.75
2016.06.10 13:33:27.701,9.32241,9.32449,1.00,1.75
2016.06.10 13:33:46.779,9.32241,9.32449,1.00,1.75
2016.06.10 13:33:46.830,9.32126,9.3233,1.37,1.10
2016.06.10 13:33:46.932,9.32122,9.32326,1.00,1.75
2016.06.10 13:33:47.034,9.32106,9.32314,1.00,1.75
2016.06.10 13:33:47.136,9.32093,9.32302,1.00,1.07
2016.06.10 13:33:47.187,9.32093,9.32302,1.00,1.75
2016.06.10 13:33:47.239,9.32086,9.32292,1.50,1.37
2016.06.10 13:33:47.341,9.32076,9.32273,1.00,1.00
2016.06.10 13:33:47.392,9.32075,9.32273,1.00,1.07
2016.06.10 13:33:47.698,9.32066,9.32265,1.00,1.07
2016.06.10 13:33:47.800,9.32064,9.32272,1.00,1.37
2016.06.10 13:33:48.032,9.32056,9.32264,1.50,1.37
2016.06.10 13:33:48.342,9.32046,9.3225,1.00,1.07
2016.06.10 13:33:48.494,9.32046,9.3225,1.00,1.37
2016.06.10 13:33:48.596,9.32042,9.3225,1.00,1.87
2016.06.10 13:33:48.647,9.32036,9.32231,1.00,1.00
2016.06.10 13:33:48.698,9.32026,9.32231,1.00,1.75
2016.06.10 13:33:48.800,9.32016,9.32222,1.00,1.37
2016.06.10 13:33:49.053,9.32016,9.32222,1.00,1.75
2016.06.10 13:33:49.480,9.32016,9.32212,1.00,1.37
2016.06.10 13:33:50.003,9.32006,9.32204,1.00,1.37
2016.06.10 13:33:50.926,9.32006,9.32213,1.00,1.75
2016.06.10 13:33:52.063,9.31996,9.32196,1.00,1.37
2016.06.10 13:33:52.114,9.32005,9.32196,1.00,1.37
2016.06.10 13:33:52.857,9.32006,9.3221,1.00,1.75
2016.06.10 13:33:54.187,9.32006,9.3221,1.00,1.37
2016.06.10 13:33:54.410,9.32016,9.3221,1.00,1.37
2016.06.10 13:33:54.761,9.32006,9.3221,1.00,1.07
2016.06.10 13:33:55.362,9.32013,9.32223,1.00,1.75
2016.06.10 13:33:55.687,9.32016,9.32223,1.00,1.75
2016.06.10 13:33:56.068,9.32022,9.3223,1.00,1.37
2016.06.10 13:33:56.512,9.32026,9.3223,1.00,1.37
2016.06.10 13:33:56.928,9.32036,9.3223,1.00,1.37
2016.06.10 13:33:57.722,9.32036,9.32238,1.00,1.00
2016.06.10 13:33:57.773,9.32037,9.32247,1.00,1.00
2016.06.10 13:33:57.925,9.32046,9.32247,1.00,1.00
2016.06.10 13:33:58.341,9.32046,9.32247,1.00,1.37
2016.06.10 13:33:59.306,9.32036,9.32242,1.00,1.07
2016.06.10 13:33:59.358,9.32034,9.32242,1.00,1.07
2016.06.10 13:33:59.460,9.32034,9.32233,1.00,1.00
2016.06.10 13:33:59.776,9.32015,9.32222,1.00,1.75
2016.06.10 13:34:00.080,9.32006,9.32197,1.00,1.75
2016.06.10 13:34:00.361,9.31976,9.3218,1.00,1.75
2016.06.10 13:34:00.565,9.31976,9.3218,1.00,1.75
2016.06.10 13:34:01.660,9.31966,9.32164,1.00,1.37
2016.06.10 13:34:02.170,9.31967,9.32175,1.00,1.75
2016.06.10 13:34:03.268,9.31966,9.32165,1.00,1.37
2016.06.10 13:34:09.705,9.31956,9.32163,1.00,1.37
2016.06.10 13:34:10.139,9.31946,9.32153,1.50,1.37
2016.06.10 13:34:11.212,9.31946,9.32146,1.00,1.75
2016.06.10 13:34:11.724,9.31947,9.32153,1.00,1.75
2016.06.10 13:34:11.877,9.31945,9.32148,1.00,1.75
2016.06.10 13:34:12.612,9.3191,9.32118,1.00,1.37
2016.06.10 13:34:13.468,9.31901,9.32109,1.00,1.00
2016.06.10 13:34:13.570,9.31896,9.32101,1.00,1.00
2016.06.10 13:34:13.671,9.31893,9.32101,1.00,1.07
2016.06.10 13:34:13.773,9.31896,9.32101,1.00,1.07
2016.06.10 13:34:14.109,9.31915,9.3212,1.00,1.75
2016.06.10 13:34:14.210,9.31916,9.3212,1.00,1.75
2016.06.10 13:34:14.715,9.31916,9.32121,1.00,1.75
2016.06.10 13:34:15.678,9.31926,9.32121,1.00,1.75
2016.06.10 13:34:15.779,9.31916,9.32121,1.00,1.75
2016.06.10 13:34:16.009,9.31916,9.32121,1.00,1.37
2016.06.10 13:34:16.377,9.3192,9.32128,1.00,1.75
2016.06.10 13:34:16.681,9.31926,9.32128,1.00,1.75
2016.06.10 13:34:17.291,9.3192,9.32128,1.00,1.75
2016.06.10 13:34:17.393,9.31916,9.32116,1.00,1.37
2016.06.10 13:34:18.615,9.31912,9.3212,1.00,1.37
2016.06.10 13:34:18.717,9.31906,9.32112,1.00,1.12
2016.06.10 13:34:18.970,9.31896,9.32104,1.50,1.07
2016.06.10 13:34:19.031,9.31906,9.32104,1.00,1.07
2016.06.10 13:34:19.284,9.31896,9.32096,1.00,1.00
2016.06.10 13:34:19.875,9.31888,9.32096,1.00,1.00
2016.06.10 13:34:20.781,9.31886,9.32088,1.00,1.00
2016.06.10 13:34:21.078,9.3188,9.32088,1.00,1.00
2016.06.10 13:34:21.698,9.3189,9.32098,1.00,1.00
2016.06.10 13:34:22.080,9.31886,9.3209,1.00,1.00
2016.06.10 13:34:22.413,9.3189,9.32098,1.00,1.00
2016.06.10 13:34:23.269,9.31886,9.32089,1.07,1.00
2016.06.10 13:34:23.320,9.31886,9.32089,1.00,1.00
2016.06.10 13:34:23.761,9.31894,9.32102,1.00,1.07
2016.06.10 13:34:23.913,9.31886,9.32094,1.50,1.00
2016.06.10 13:34:24.235,9.31886,9.32094,1.57,1.00
2016.06.10 13:34:25.218,9.31886,9.32094,1.50,1.00
2016.06.10 13:34:26.106,9.31894,9.32102,1.00,1.07
2016.06.10 13:34:26.410,9.31886,9.32088,1.00,1.00
2016.06.10 13:34:27.532,9.3189,9.32098,1.00,1.07
2016.06.10 13:34:28.042,9.3189,9.32098,1.00,1.00
2016.06.10 13:34:30.790,9.31902,9.3211,1.00,1.07
2016.06.10 13:34:31.096,9.31916,9.32121,1.00,1.37
2016.06.10 13:34:32.276,9.31925,9.3212,1.00,1.07
2016.06.10 13:34:32.377,9.31916,9.3212,1.00,1.07
2016.06.10 13:34:32.900,9.31926,9.3212,1.00,1.07
2016.06.10 13:34:33.002,9.31916,9.3212,1.00,1.07
2016.06.10 13:34:33.104,9.3192,9.32128,1.00,1.37
2016.06.10 13:34:33.419,9.31925,9.32128,1.00,1.37
2016.06.10 13:34:34.052,9.31928,9.32136,1.00,1.75
2016.06.10 13:34:34.255,9.31936,9.32144,1.50,1.37
2016.06.10 13:34:34.356,9.31946,9.32137,1.00,1.37
2016.06.10 13:34:34.458,9.31918,9.32126,1.00,1.00
2016.06.10 13:34:34.711,9.31918,9.32126,1.00,1.37
2016.06.10 13:34:35.357,9.3191,9.32118,1.00,1.07
2016.06.10 13:34:35.422,9.31906,9.32107,1.00,1.00
2016.06.10 13:34:35.574,9.31899,9.32107,1.00,1.00
2016.06.10 13:34:36.329,9.31907,9.32115,1.00,1.07
2016.06.10 13:34:36.936,9.31898,9.32106,1.00,1.00
2016.06.10 13:34:37.228,9.31912,9.3212,1.00,1.37
2016.06.10 13:34:37.532,9.31912,9.3212,1.00,1.75
2016.06.10 13:34:37.634,9.31912,9.3212,1.00,1.37
2016.06.10 13:34:37.837,9.31904,9.32112,1.00,1.37
2016.06.10 13:34:38.300,9.31896,9.32101,1.00,1.00
2016.06.10 13:34:38.402,9.31893,9.32094,1.00,1.00
2016.06.10 13:34:38.706,9.31884,9.32092,1.37,1.00
2016.06.10 13:34:38.983,9.31884,9.32092,1.00,1.00
2016.06.10 13:34:39.135,9.31875,9.32085,1.07,1.00
2016.06.10 13:34:39.186,9.31875,9.32085,1.00,1.07
2016.06.10 13:34:39.523,9.31868,9.32076,1.00,1.12
2016.06.10 13:34:40.082,9.31868,9.32076,1.00,1.37
2016.06.10 13:34:40.845,9.31861,9.32069,1.00,1.37
2016.06.10 13:34:45.743,9.31856,9.32061,1.00,1.07
2016.06.10 13:34:45.845,9.31856,9.32054,1.00,1.00
2016.06.10 13:34:45.896,9.31846,9.32054,1.07,1.00
2016.06.10 13:34:45.998,9.31846,9.32054,1.00,1.07
2016.06.10 13:34:46.049,9.31839,9.32047,1.00,1.00
2016.06.10 13:34:46.587,9.31847,9.32054,1.00,1.07
2016.06.10 13:34:46.954,9.31856,9.32054,1.00,1.07
2016.06.10 13:34:47.208,9.31848,9.32056,1.00,1.12
2016.06.10 13:34:48.571,9.31848,9.32056,1.00,1.50
2016.06.10 13:34:48.673,9.31857,9.32064,1.00,1.37
2016.06.10 13:34:49.002,9.31846,9.32054,1.00,1.07
2016.06.10 13:34:49.773,9.31838,9.32046,1.00,1.37
2016.06.10 13:34:50.077,9.31846,9.32054,1.00,1.07
2016.06.10 13:34:50.657,9.31854,9.32062,1.00,1.37
2016.06.10 13:34:51.839,9.31854,9.32062,1.00,1.75
2016.06.10 13:34:52.780,9.31845,9.32053,1.00,1.37
2016.06.10 13:34:54.812,9.31845,9.32053,1.00,1.00
2016.06.10 13:35:03.307,9.31845,9.32046,1.00,1.00
2016.06.10 13:35:03.667,9.31756,9.31963,1.07,1.00
2016.06.10 13:35:03.719,9.3177,9.31978,1.00,1.00
2016.06.10 13:35:03.770,9.31794,9.31984,1.00,1.00
2016.06.10 13:35:03.822,9.31794,9.32002,1.00,1.07
2016.06.10 13:35:03.873,9.31811,9.32014,1.00,1.37
2016.06.10 13:35:03.975,9.31801,9.32009,1.00,1.37
2016.06.10 13:35:04.077,9.31809,9.32015,1.00,1.75
2016.06.10 13:35:04.178,9.31797,9.32007,1.00,1.37
2016.06.10 13:35:04.685,9.31807,9.32015,1.00,1.75
2016.06.10 13:35:04.736,9.31807,9.32015,1.00,1.37
2016.06.10 13:35:04.787,9.31817,9.32024,1.00,1.37
2016.06.10 13:35:05.141,9.31817,9.32027,1.00,1.12
2016.06.10 13:35:05.508,9.31826,9.32034,1.00,1.87
2016.06.10 13:35:06.587,9.31835,9.32041,1.00,1.75
2016.06.10 13:35:07.469,9.31835,9.32043,1.00,1.37
2016.06.10 13:35:07.520,9.31843,9.32049,1.00,1.37
2016.06.10 13:35:07.908,9.31836,9.32044,1.00,1.37
2016.06.10 13:35:08.010,9.31834,9.32044,1.00,1.37
2016.06.10 13:35:08.822,9.31842,9.32049,1.00,1.37
2016.06.10 13:35:10.025,9.31836,9.32044,1.50,1.37
2016.06.10 13:35:12.381,9.31846,9.32044,1.00,1.07
2016.06.10 13:35:12.730,9.31765,9.31914,1.07,1.00
2016.06.10 13:35:12.831,9.31696,9.31894,1.75,1.00
2016.06.10 13:35:13.034,9.31733,9.31894,1.00,1.00
2016.06.10 13:35:13.085,9.31733,9.31914,1.00,1.00
2016.06.10 13:35:13.137,9.31756,9.31914,1.00,1.00
2016.06.10 13:35:13.188,9.31756,9.31924,1.00,1.00
2016.06.10 13:35:13.239,9.31767,9.31924,1.00,1.00
2016.06.10 13:35:13.290,9.31767,9.31934,1.00,1.00
2016.06.10 13:35:13.606,9.3175,9.31944,1.00,1.00
2016.06.10 13:35:13.658,9.3175,9.31924,1.00,1.00
2016.06.10 13:35:14.302,9.31739,9.31924,1.00,1.00
2016.06.10 13:35:14.403,9.31718,9.31874,1.00,1.00
2016.06.10 13:35:14.454,9.31714,9.31874,1.00,1.00
2016.06.10 13:35:14.506,9.31695,9.31854,1.00,1.00
2016.06.10 13:35:14.557,9.31688,9.31854,1.00,1.00
2016.06.10 13:35:14.608,9.31688,9.31845,1.00,1.00
2016.06.10 13:35:15.030,9.31682,9.31864,1.00,1.00
2016.06.10 13:35:15.132,9.31692,9.31854,1.00,1.00
2016.06.10 13:35:15.234,9.31673,9.31854,1.00,1.00
2016.06.10 13:35:15.336,9.31657,9.31854,1.00,1.00
2016.06.10 13:35:15.387,9.31657,9.31844,1.00,1.00
2016.06.10 13:35:15.490,9.31657,9.31854,1.00,1.00
2016.06.10 13:35:15.541,9.3167,9.31854,1.00,1.00
2016.06.10 13:35:16.056,9.3167,9.31844,1.00,1.00
2016.06.10 13:35:16.944,9.31661,9.31844,1.00,1.00
2016.06.10 13:35:17.465,9.31661,9.31834,1.00,1.00
2016.06.10 13:35:17.516,9.31646,9.31834,1.50,1.00
2016.06.10 13:35:19.451,9.3164,9.31824,1.00,1.00
2016.06.10 13:35:20.143,9.31632,9.31814,1.00,1.00
2016.06.10 13:35:20.196,9.31632,9.31824,1.00,1.00
2016.06.10 13:35:20.305,9.31632,9.31814,1.00,1.00
2016.06.10 13:35:20.623,9.31624,9.31814,1.00,1.00
2016.06.10 13:35:20.749,9.31624,9.31804,1.00,1.00
2016.06.10 13:35:21.002,9.31624,9.31814,1.00,1.00
2016.06.10 13:35:21.054,9.31615,9.31814,1.00,1.00
2016.06.10 13:35:21.105,9.31615,9.31804,1.00,1.00
2016.06.10 13:35:21.436,9.31625,9.31804,1.00,1.00
2016.06.10 13:35:21.758,9.31625,9.31814,1.00,1.00
2016.06.10 13:35:22.974,9.31616,9.31814,1.00,1.00
2016.06.10 13:35:23.312,9.31616,9.31804,1.00,1.00
2016.06.10 13:35:23.963,9.31616,9.31805,1.00,1.00
2016.06.10 13:35:24.868,9.31609,9.31805,1.10,1.00
2016.06.10 13:35:24.921,9.31609,9.31794,1.10,1.00
2016.06.10 13:35:25.230,9.31618,9.31794,1.00,1.00
2016.06.10 13:35:25.606,9.3161,9.31795,1.00,1.00
2016.06.10 13:35:26.044,9.3162,9.31794,1.00,1.00
2016.06.10 13:35:26.348,9.31607,9.31794,1.00,1.00
2016.06.10 13:35:26.399,9.31607,9.31784,1.00,1.00
2016.06.10 13:35:26.520,9.31607,9.31794,1.00,1.00
2016.06.10 13:35:27.263,9.31607,9.31795,1.00,1.00
2016.06.10 13:35:27.314,9.31614,9.31795,1.00,1.00
2016.06.10 13:35:27.774,9.31605,9.31794,1.00,1.00
2016.06.10 13:35:28.078,9.31613,9.31795,1.00,1.00
2016.06.10 13:35:29.447,9.31622,9.31795,1.00,1.00
2016.06.10 13:35:29.862,9.3161,9.31794,1.00,1.00
2016.06.10 13:35:30.028,9.3161,9.31805,1.00,1.00
2016.06.10 13:35:30.180,9.31618,9.31805,1.00,1.00
2016.06.10 13:35:30.490,9.31618,9.31795,1.00,1.00
2016.06.10 13:35:31.142,9.31618,9.31804,1.00,1.00
2016.06.10 13:35:31.544,9.3161,9.31804,1.00,1.00
2016.06.10 13:35:32.434,9.31613,9.31804,1.00,1.00
2016.06.10 13:35:32.749,9.31627,9.31804,1.00,1.00
2016.06.10 13:35:32.800,9.31627,9.31814,1.00,1.00
2016.06.10 13:35:36.198,9.31627,9.31815,1.00,1.00
2016.06.10 13:35:36.948,9.31627,9.31814,1.00,1.00
2016.06.10 13:35:39.742,9.31627,9.31824,1.00,1.00
2016.06.10 13:35:39.793,9.31633,9.31824,1.00,1.00
2016.06.10 13:35:41.011,9.31641,9.31825,1.00,1.00
2016.06.10 13:35:41.386,9.31631,9.31825,1.00,1.00
2016.06.10 13:35:41.488,9.31631,9.31814,1.00,1.00
2016.06.10 13:35:41.590,9.31625,9.31814,1.00,1.00
2016.06.10 13:35:41.691,9.31625,9.31804,1.00,1.00
2016.06.10 13:35:41.843,9.31623,9.31804,1.00,1.00
2016.06.10 13:35:42.505,9.31632,9.31804,1.00,1.00
2016.06.10 13:35:42.556,9.31632,9.31814,1.00,1.00
2016.06.10 13:35:42.663,9.31632,9.31824,1.00,1.00
2016.06.10 13:35:42.810,9.31641,9.31824,1.00,1.00
2016.06.10 13:35:43.015,9.31638,9.31824,1.00,1.00
2016.06.10 13:35:43.576,9.31641,9.31824,1.00,1.00
2016.06.10 13:35:43.880,9.31638,9.31824,1.00,1.00
2016.06.10 13:35:44.414,9.31638,9.31825,1.00,1.00
2016.06.10 13:35:44.878,9.31638,9.31814,1.00,1.00
2016.06.10 13:35:45.203,9.31646,9.31841,1.00,1.00
2016.06.10 13:35:45.473,9.31646,9.31849,1.00,1.00
2016.06.10 13:35:47.450,9.31666,9.31859,1.00,1.07
2016.06.10 13:35:48.010,9.31666,9.31851,1.00,1.00
2016.06.10 13:35:48.555,9.31666,9.3186,1.00,1.07
2016.06.10 13:35:48.852,9.31666,9.3186,1.00,1.00
2016.06.10 13:35:49.283,9.31666,9.31853,1.00,1.37
2016.06.10 13:35:49.385,9.31655,9.31853,1.00,1.37
2016.06.10 13:35:50.432,9.31656,9.31863,1.00,1.75
2016.06.10 13:35:51.785,9.31656,9.31863,1.04,1.75
2016.06.10 13:35:51.887,9.31656,9.31863,1.00,1.75
2016.06.10 13:35:51.938,9.31666,9.31863,1.00,1.75
2016.06.10 13:35:52.242,9.31666,9.31873,1.50,1.00
2016.06.10 13:35:52.345,9.31676,9.31873,1.00,1.00
2016.06.10 13:35:52.986,9.31666,9.31873,1.00,1.07
2016.06.10 13:35:53.240,9.31657,9.31865,1.00,1.37
2016.06.10 13:35:54.046,9.31665,9.31873,1.00,1.37
2016.06.10 13:35:54.339,9.31656,9.31865,1.00,1.37
2016.06.10 13:35:54.999,9.31666,9.31865,1.00,1.37
2016.06.10 13:35:55.253,9.31723,9.31931,1.00,1.00
2016.06.10 13:35:55.304,9.31736,9.3192,1.00,1.00
2016.06.10 13:35:55.576,9.31746,9.31954,1.50,1.00
2016.06.10 13:35:55.851,9.31746,9.31946,1.00,1.00
2016.06.10 13:35:56.155,9.31766,9.31962,1.00,1.00
2016.06.10 13:35:56.206,9.31776,9.31981,1.00,1.00
2016.06.10 13:35:56.257,9.31776,9.31983,1.00,1.00
2016.06.10 13:35:56.481,9.31796,9.31992,1.00,1.00
2016.06.10 13:35:57.133,9.31796,9.32003,1.00,1.00
2016.06.10 13:35:57.304,9.31806,9.32003,1.00,1.00
2016.06.10 13:35:57.355,9.31806,9.32013,1.00,1.00
2016.06.10 13:35:57.850,9.31806,9.32005,1.00,1.00
2016.06.10 13:35:58.157,9.31806,9.32013,1.00,1.00
2016.06.10 13:35:58.530,9.31815,9.32013,1.00,1.00
2016.06.10 13:35:59.059,9.31806,9.32013,1.00,1.00
2016.06.10 13:35:59.397,9.31816,9.32013,1.00,1.00
2016.06.10 13:36:00.562,9.31816,9.32021,1.00,1.00
2016.06.10 13:36:00.663,9.31828,9.32036,1.00,1.00
2016.06.10 13:36:00.714,9.31828,9.32036,1.00,1.37
2016.06.10 13:36:01.940,9.31826,9.3202,1.00,1.07
2016.06.10 13:36:02.041,9.31819,9.3202,1.00,1.07
2016.06.10 13:36:04.477,9.3182,9.32028,1.00,1.00
2016.06.10 13:36:05.279,9.31819,9.3202,1.00,1.00
2016.06.10 13:36:05.625,9.31816,9.3202,1.00,1.00
2016.06.10 13:36:06.176,9.31816,9.3202,1.00,1.07
2016.06.10 13:36:06.581,9.3182,9.32028,1.00,1.12
2016.06.10 13:36:06.740,9.3182,9.32028,1.00,1.00
2016.06.10 13:36:07.781,9.31816,9.32018,1.00,1.00
2016.06.10 13:36:09.658,9.31818,9.32026,1.00,1.07
2016.06.10 13:36:09.930,9.31818,9.32026,1.50,1.00
2016.06.10 13:36:10.851,9.31826,9.32026,1.00,1.00
2016.06.10 13:36:10.902,9.31826,9.32034,1.50,1.00
2016.06.10 13:36:11.004,9.31826,9.32026,1.00,1.00
2016.06.10 13:36:11.341,9.31826,9.32019,1.00,1.00
2016.06.10 13:36:11.393,9.31818,9.32019,1.00,1.00
2016.06.10 13:36:11.691,9.3182,9.32028,1.00,1.07
2016.06.10 13:36:11.894,9.31815,9.3202,1.00,1.10
2016.06.10 13:36:12.407,9.31822,9.3203,1.00,1.00
2016.06.10 13:36:13.122,9.31826,9.3203,1.00,1.00
2016.06.10 13:36:13.426,9.31826,9.32022,1.00,1.07
2016.06.10 13:36:14.008,9.31822,9.3203,1.00,1.37
2016.06.10 13:36:14.348,9.31826,9.3203,1.00,1.00
2016.06.10 13:36:14.774,9.31835,9.3203,1.00,1.00
2016.06.10 13:36:15.378,9.31835,9.32022,1.00,1.00
2016.06.10 13:36:15.924,9.31826,9.32022,1.00,1.00
2016.06.10 13:36:15.975,9.31826,9.32024,1.00,1.00
2016.06.10 13:36:16.128,9.31826,9.32032,1.00,1.00
2016.06.10 13:36:16.229,9.31836,9.3204,1.00,1.00
2016.06.10 13:36:16.553,9.31832,9.3204,1.00,1.00
2016.06.10 13:36:16.605,9.31826,9.32031,1.00,1.00
2016.06.10 13:36:16.656,9.31821,9.32031,1.07,1.00
2016.06.10 13:36:16.907,9.31826,9.32022,1.00,1.00
2016.06.10 13:36:17.009,9.31836,9.32033,1.00,1.00
2016.06.10 13:36:18.219,9.31826,9.32033,1.00,1.00
2016.06.10 13:36:18.320,9.31835,9.32043,1.00,1.00
2016.06.10 13:36:18.625,9.31836,9.3204,1.00,1.00
2016.06.10 13:36:18.726,9.31839,9.32047,1.00,1.00
2016.06.10 13:36:18.777,9.31846,9.32047,1.00,1.00
2016.06.10 13:36:19.110,9.31846,9.32038,1.00,1.00
2016.06.10 13:36:19.720,9.31848,9.32056,1.00,1.07
2016.06.10 13:36:20.112,9.31855,9.32063,1.00,1.12
2016.06.10 13:36:20.848,9.31856,9.32063,1.00,1.12
2016.06.10 13:36:21.078,9.31846,9.32055,1.00,1.07
2016.06.10 13:36:21.689,9.31845,9.32055,1.50,1.07
2016.06.10 13:36:21.940,9.31838,9.32046,1.00,1.00
2016.06.10 13:36:23.315,9.31893,9.32079,1.00,1.00
2016.06.10 13:36:23.621,9.31902,9.32079,1.00,1.00
2016.06.10 13:36:23.929,9.31916,9.32122,1.00,1.00
2016.06.10 13:36:24.030,9.3193,9.3214,1.00,1.00
2016.06.10 13:36:24.305,9.31971,9.32179,1.00,1.00
2016.06.10 13:36:24.623,9.31976,9.32184,1.00,1.00
2016.06.10 13:36:24.932,9.31985,9.32193,1.00,1.00
2016.06.10 13:36:25.445,9.31993,9.32201,1.00,1.00
2016.06.10 13:36:26.648,9.32001,9.32209,1.00,1.00
2016.06.10 13:36:28.429,9.3201,9.32214,1.00,1.00
2016.06.10 13:36:28.734,9.32018,9.32214,1.00,1.00
2016.06.10 13:36:28.785,9.32018,9.32224,1.00,1.00
2016.06.10 13:36:29.463,9.32009,9.32217,1.00,1.00
2016.06.10 13:36:30.071,9.32007,9.32215,1.00,1.00
2016.06.10 13:36:30.375,9.32007,9.32205,1.00,1.00
2016.06.10 13:36:30.878,9.32007,9.32204,1.00,1.00
2016.06.10 13:36:31.180,9.32,9.32204,1.00,1.00
2016.06.10 13:36:32.463,9.32,9.32205,1.00,1.00
2016.06.10 13:36:34.734,9.32,9.32204,1.00,1.00
2016.06.10 13:36:36.148,9.32008,9.32204,1.00,1.00
2016.06.10 13:36:36.470,9.31999,9.32204,1.00,1.00
2016.06.10 13:36:37.773,9.32007,9.32204,1.00,1.00
2016.06.10 13:36:38.164,9.31998,9.32204,1.00,1.00
2016.06.10 13:36:38.665,9.32003,9.32204,1.00,1.00
2016.06.10 13:36:42.074,9.32003,9.32194,1.00,1.00
2016.06.10 13:36:42.328,9.31995,9.32203,1.00,1.00
2016.06.10 13:36:42.380,9.32003,9.32204,1.00,1.00
2016.06.10 13:36:42.481,9.31995,9.32203,1.00,1.00
2016.06.10 13:36:42.583,9.32004,9.32204,1.00,1.00
2016.06.10 13:36:46.500,9.32011,9.32204,1.00,1.00
2016.06.10 13:36:46.601,9.32011,9.32215,1.00,1.00
2016.06.10 13:36:46.824,9.32002,9.32204,1.00,1.00
2016.06.10 13:36:48.682,9.3201,9.32204,1.00,1.00
2016.06.10 13:36:48.783,9.32019,9.32214,1.00,1.00
2016.06.10 13:36:48.935,9.32019,9.32194,1.00,1.00
2016.06.10 13:36:49.087,9.3201,9.32194,1.00,1.00
2016.06.10 13:36:49.733,9.3201,9.32204,1.00,1.00
2016.06.10 13:36:49.785,9.32018,9.32204,1.00,1.00
2016.06.10 13:36:50.148,9.32018,9.32194,1.00,1.00
2016.06.10 13:36:50.300,9.32024,9.32204,1.00,1.00
2016.06.10 13:36:50.504,9.32033,9.32205,1.00,1.00
2016.06.10 13:36:50.760,9.32025,9.32205,1.00,1.00
2016.06.10 13:36:50.811,9.32033,9.32204,1.00,1.00
2016.06.10 13:36:51.655,9.32033,9.32214,1.00,1.00
2016.06.10 13:36:54.411,9.32024,9.32204,1.00,1.00
2016.06.10 13:36:54.798,9.32032,9.32204,1.00,1.00
2016.06.10 13:36:54.899,9.32024,9.32204,1.00,1.00
2016.06.10 13:36:56.001,9.32032,9.32204,1.00,1.00
2016.06.10 13:36:56.425,9.32039,9.32204,1.00,1.00
2016.06.10 13:36:56.527,9.32039,9.32214,1.00,1.00
2016.06.10 13:36:56.628,9.32032,9.32214,1.00,1.00
2016.06.10 13:36:56.730,9.32042,9.32214,1.00,1.00
2016.06.10 13:36:56.933,9.32034,9.32214,1.00,1.00
2016.06.10 13:36:57.617,9.3207,9.32263,1.00,1.07
2016.06.10 13:36:57.720,9.32057,9.32254,1.00,1.00
2016.06.10 13:36:57.822,9.32057,9.32244,1.00,1.00
2016.06.10 13:36:58.127,9.32057,9.32234,1.00,1.00
2016.06.10 13:36:58.178,9.32057,9.32244,1.00,1.00
2016.06.10 13:36:58.382,9.32057,9.32234,1.00,1.00
2016.06.10 13:36:58.750,9.32059,9.32245,1.00,1.00
2016.06.10 13:36:58.819,9.32059,9.32235,1.00,1.00
2016.06.10 13:36:59.956,9.32047,9.32235,1.00,1.00
2016.06.10 13:37:00.058,9.32057,9.32234,1.00,1.00
2016.06.10 13:37:00.412,9.32091,9.32234,1.00,1.00
2016.06.10 13:37:00.463,9.32091,9.32244,1.00,1.00
2016.06.10 13:37:00.514,9.321,9.32244,1.00,1.00
2016.06.10 13:37:00.565,9.321,9.32254,1.00,1.07
2016.06.10 13:37:01.007,9.321,9.32264,1.00,1.07
2016.06.10 13:37:01.629,9.32092,9.32265,1.00,1.12
2016.06.10 13:37:01.817,9.321,9.32265,1.00,1.12
2016.06.10 13:37:02.134,9.321,9.32265,1.00,1.00
2016.06.10 13:37:02.518,9.32109,9.32265,1.00,1.00
2016.06.10 13:37:02.822,9.32117,9.32264,1.00,1.00
2016.06.10 13:37:02.873,9.32117,9.32274,1.00,1.00
2016.06.10 13:37:03.199,9.32138,9.32314,1.00,1.00
2016.06.10 13:37:03.250,9.32148,9.32314,1.00,1.00
2016.06.10 13:37:03.300,9.32148,9.32334,1.00,1.00
2016.06.10 13:37:03.452,9.32169,9.32334,1.00,1.00
2016.06.10 13:37:03.554,9.32169,9.32344,1.00,1.00
2016.06.10 13:37:03.655,9.32169,9.32354,1.00,1.00
2016.06.10 13:37:04.232,9.32171,9.32364,1.00,1.00
2016.06.10 13:37:04.334,9.32171,9.32374,1.00,1.00
2016.06.10 13:37:04.435,9.32181,9.32374,1.00,1.00
2016.06.10 13:37:04.536,9.32181,9.32384,1.00,1.07
2016.06.10 13:37:04.994,9.32181,9.32384,1.00,1.00
2016.06.10 13:37:05.146,9.32192,9.32384,1.00,1.00
2016.06.10 13:37:05.796,9.32175,9.32394,1.75,1.00
2016.06.10 13:37:05.847,9.32175,9.32404,1.75,1.00
2016.06.10 13:37:05.948,9.32175,9.32384,1.75,1.00
2016.06.10 13:37:06.195,9.32175,9.32395,1.75,1.00
2016.06.10 13:37:06.702,9.32193,9.32394,1.37,1.00
2016.06.10 13:37:07.218,9.32235,9.32394,1.00,1.00
2016.06.10 13:37:07.699,9.32235,9.32404,1.00,1.00
2016.06.10 13:37:11.965,9.32235,9.32395,1.00,1.00
2016.06.10 13:37:14.860,9.32235,9.32394,1.00,1.00
2016.06.10 13:37:14.976,9.32235,9.32404,1.00,1.00
2016.06.10 13:37:15.728,9.32235,9.32394,1.00,1.00
2016.06.10 13:37:20.802,9.32235,9.32404,1.00,1.00
2016.06.10 13:37:22.452,9.32235,9.32405,1.00,1.00
2016.06.10 13:37:22.991,9.32235,9.32404,1.00,1.00
2016.06.10 13:37:24.638,9.32257,9.32404,1.00,1.00
2016.06.10 13:37:25.142,9.32235,9.32394,1.00,1.00
2016.06.10 13:37:25.345,9.32235,9.32404,1.00,1.00
2016.06.10 13:37:26.237,9.32235,9.32394,1.00,1.00
2016.06.10 13:37:26.541,9.32235,9.32364,1.00,1.00
2016.06.10 13:37:26.844,9.32235,9.32355,1.00,1.00
2016.06.10 13:37:26.895,9.32235,9.32375,1.00,1.00
2016.06.10 13:37:26.997,9.32235,9.32384,1.00,1.00
2016.06.10 13:37:27.098,9.32235,9.32374,1.00,1.00
2016.06.10 13:37:27.437,9.32235,9.32364,1.00,1.00
2016.06.10 13:37:27.643,9.32235,9.32375,1.00,1.00
2016.06.10 13:37:27.953,9.32235,9.32364,1.00,1.00
2016.06.10 13:37:28.106,9.32235,9.32374,1.00,1.00
2016.06.10 13:37:28.169,9.32235,9.32364,1.00,1.00
2016.06.10 13:37:29.302,9.32235,9.32374,1.00,1.00
2016.06.10 13:37:29.984,9.32235,9.32384,1.00,1.00
2016.06.10 13:37:30.368,9.32235,9.32394,1.00,1.00
2016.06.10 13:37:30.521,9.32235,9.32404,1.00,1.00
2016.06.10 13:37:30.622,9.32235,9.32384,1.00,1.00
2016.06.10 13:37:31.152,9.32235,9.32394,1.00,1.00
2016.06.10 13:37:31.254,9.32235,9.32384,1.00,1.00
2016.06.10 13:37:31.507,9.32235,9.32394,1.00,1.00
2016.06.10 13:37:31.609,9.32257,9.32394,1.00,1.00
2016.06.10 13:37:32.735,9.32235,9.32394,1.00,1.00
2016.06.10 13:37:33.000,9.32257,9.32394,1.00,1.00
2016.06.10 13:37:33.262,9.32257,9.32404,1.00,1.00
2016.06.10 13:37:34.000,9.32235,9.32404,1.00,1.00
2016.06.10 13:37:34.372,9.32235,9.32385,1.00,1.00
2016.06.10 13:37:34.675,9.32235,9.32374,1.00,1.00
2016.06.10 13:37:35.452,9.32235,9.32384,1.00,1.00
2016.06.10 13:37:35.669,9.32235,9.32374,1.00,1.00
2016.06.10 13:37:36.878,9.32235,9.32385,1.00,1.00
2016.06.10 13:37:36.980,9.32235,9.32394,1.00,1.00
2016.06.10 13:37:37.088,9.32235,9.32384,1.00,1.00
2016.06.10 13:37:37.318,9.32235,9.32394,1.00,1.00
2016.06.10 13:37:37.420,9.32235,9.32384,1.00,1.00
2016.06.10 13:37:38.019,9.32257,9.32384,1.00,1.00
2016.06.10 13:37:38.070,9.32235,9.32384,1.00,1.00
2016.06.10 13:37:38.661,9.32235,9.32394,1.00,1.00
2016.06.10 13:37:38.969,9.32235,9.32385,1.00,1.00
2016.06.10 13:37:39.289,9.32235,9.32364,1.00,1.00
2016.06.10 13:37:39.390,9.32212,9.32364,1.00,1.00
2016.06.10 13:37:39.441,9.32212,9.32355,1.00,1.00
2016.06.10 13:37:39.543,9.32212,9.32364,1.00,1.00
2016.06.10 13:37:39.644,9.32212,9.32354,1.00,1.00
2016.06.10 13:37:40.168,9.32212,9.32355,1.00,1.00
2016.06.10 13:37:40.600,9.32212,9.32365,1.00,1.00
2016.06.10 13:37:40.653,9.32235,9.32364,1.00,1.00
2016.06.10 13:37:40.754,9.32235,9.32374,1.00,1.00
2016.06.10 13:37:40.980,9.32235,9.32384,1.00,1.00
2016.06.10 13:37:41.500,9.32235,9.32385,1.00,1.00
2016.06.10 13:37:42.049,9.32235,9.32384,1.00,1.00
2016.06.10 13:37:43.195,9.32235,9.32385,1.00,1.00
2016.06.10 13:37:43.698,9.32235,9.32384,1.00,1.00
2016.06.10 13:37:44.834,9.32235,9.32374,1.00,1.00
2016.06.10 13:37:45.488,9.32235,9.32384,1.00,1.00
2016.06.10 13:37:45.945,9.32235,9.32394,1.00,1.00
2016.06.10 13:37:46.511,9.32235,9.32404,1.00,1.00
2016.06.10 13:37:48.345,9.32235,9.32394,1.00,1.00
2016.06.10 13:37:48.792,9.32235,9.32384,1.00,1.00
2016.06.10 13:37:49.247,9.32235,9.32394,1.00,1.00
2016.06.10 13:37:49.349,9.32235,9.32385,1.00,1.00
2016.06.10 13:37:50.315,9.32235,9.32374,1.00,1.00
2016.06.10 13:37:50.785,9.32235,9.32364,1.00,1.00
2016.06.10 13:37:50.841,9.32211,9.32364,1.00,1.00
2016.06.10 13:37:50.993,9.32211,9.32354,1.00,1.00
2016.06.10 13:37:51.094,9.32148,9.32364,2.25,1.00
2016.06.10 13:37:51.196,9.32148,9.32364,2.25,1.00
2016.06.10 13:37:51.297,9.32148,9.32354,1.75,1.00
2016.06.10 13:37:51.988,9.32187,9.32354,1.00,1.00
2016.06.10 13:37:53.316,9.32187,9.32364,1.00,1.00
2016.06.10 13:37:53.368,9.32187,9.32374,1.00,1.00
2016.06.10 13:37:54.080,9.3221,9.32374,1.00,1.00
2016.06.10 13:37:55.260,9.3221,9.32384,1.00,1.07
2016.06.10 13:37:56.130,9.3221,9.32394,1.00,1.07
2016.06.10 13:37:56.348,9.3221,9.32384,1.00,1.00
2016.06.10 13:37:57.893,9.3221,9.32394,1.00,1.07
2016.06.10 13:37:58.474,9.3221,9.32364,1.00,1.00
2016.06.10 13:37:58.576,9.3221,9.32385,1.00,1.00
2016.06.10 13:37:58.678,9.3221,9.32394,1.00,1.07
2016.06.10 13:38:00.368,9.32232,9.32394,1.00,1.07
2016.06.10 13:38:01.392,9.32232,9.32404,1.00,1.07
2016.06.10 13:38:06.260,9.32232,9.32394,1.00,1.00
2016.06.10 13:38:06.578,9.32232,9.32404,1.00,1.07
2016.06.10 13:38:09.122,9.32232,9.32394,1.00,1.00
2016.06.10 13:38:09.173,9.3221,9.32394,1.00,1.00
2016.06.10 13:38:09.672,9.32232,9.32394,1.00,1.00
2016.06.10 13:38:10.712,9.32232,9.32384,1.00,1.00
2016.06.10 13:38:12.212,9.32232,9.32394,1.00,1.00
2016.06.10 13:38:12.678,9.32232,9.32384,1.00,1.00
2016.06.10 13:38:12.882,9.32232,9.32394,1.00,1.00
2016.06.10 13:38:13.307,9.32232,9.32384,1.00,1.00
2016.06.10 13:38:13.965,9.32232,9.32394,1.00,1.00
2016.06.10 13:38:14.168,9.32232,9.32404,1.00,1.07
2016.06.10 13:38:14.686,9.32232,9.32394,1.00,1.00
2016.06.10 13:38:15.405,9.32232,9.32384,1.00,1.00
2016.06.10 13:38:15.734,9.32232,9.32394,1.00,1.00
2016.06.10 13:38:16.153,9.32232,9.32385,1.00,1.00
2016.06.10 13:38:16.489,9.32232,9.32374,1.00,1.00
2016.06.10 13:38:17.056,9.3221,9.32374,1.00,1.00
2016.06.10 13:38:17.158,9.3221,9.32384,1.00,1.00
2016.06.10 13:38:17.800,9.3221,9.32374,1.00,1.00
2016.06.10 13:38:18.601,9.3221,9.32384,1.00,1.00
2016.06.10 13:38:18.804,9.3221,9.32374,1.00,1.00
2016.06.10 13:38:19.911,9.3221,9.32364,1.00,1.00
2016.06.10 13:38:20.013,9.3221,9.32374,1.00,1.00
2016.06.10 13:38:21.692,9.3221,9.32394,1.00,1.07
2016.06.10 13:38:21.795,9.3221,9.32384,1.00,1.00
2016.06.10 13:38:22.145,9.3221,9.32394,1.00,1.07
2016.06.10 13:38:22.297,9.32232,9.32394,1.00,1.07
2016.06.10 13:38:22.399,9.32232,9.32394,1.00,1.00
2016.06.10 13:38:22.953,9.32232,9.32395,1.00,1.00
2016.06.10 13:38:23.458,9.32232,9.32394,1.00,1.00
2016.06.10 13:38:25.512,9.32232,9.32404,1.00,1.07
2016.06.10 13:38:27.971,9.32232,9.32395,1.00,1.00
2016.06.10 13:38:28.721,9.32232,9.32394,1.00,1.00
2016.06.10 13:38:29.539,9.3221,9.32394,1.00,1.00
2016.06.10 13:38:30.167,9.3221,9.32404,1.00,1.07
2016.06.10 13:38:30.494,9.3221,9.32395,1.00,1.00
2016.06.10 13:38:30.859,9.3221,9.32384,1.00,1.00
2016.06.10 13:38:30.910,9.3221,9.32394,1.00,1.00
2016.06.10 13:38:31.026,9.3221,9.32384,1.00,1.00
2016.06.10 13:38:31.228,9.3221,9.32394,1.00,1.00
2016.06.10 13:38:31.929,9.3221,9.32384,1.00,1.00
2016.06.10 13:38:34.275,9.3221,9.32374,1.00,1.00
2016.06.10 13:38:35.461,9.3221,9.32394,1.00,1.10
2016.06.10 13:38:37.794,9.3221,9.32404,1.00,1.10
2016.06.10 13:38:37.896,9.32232,9.32404,1.00,1.10
2016.06.10 13:38:43.090,9.3221,9.32404,1.00,1.10
2016.06.10 13:38:43.939,9.32232,9.32404,1.00,1.10
2016.06.10 13:38:51.285,9.32232,9.32414,1.00,1.12
2016.06.10 13:38:52.822,9.32231,9.32414,1.00,1.12
2016.06.10 13:38:52.873,9.32235,9.32414,1.00,1.12
2016.06.10 13:38:53.259,9.32235,9.32394,1.00,1.00
2016.06.10 13:38:53.489,9.32235,9.32414,1.00,1.12
2016.06.10 13:38:53.918,9.32235,9.32404,1.00,1.00
2016.06.10 13:38:56.547,9.32235,9.32394,1.00,1.00
2016.06.10 13:38:56.980,9.32235,9.32384,1.00,1.00
2016.06.10 13:38:57.487,9.32235,9.32374,1.00,1.00
2016.06.10 13:38:58.003,9.32235,9.32384,1.00,1.00
2016.06.10 13:38:59.389,9.32235,9.32394,1.00,1.00
2016.06.10 13:39:00.359,9.32235,9.32384,1.00,1.00
2016.06.10 13:39:00.829,9.32212,9.32364,1.00,1.00
2016.06.10 13:39:01.194,9.32235,9.32374,1.00,1.00
2016.06.10 13:39:01.397,9.32212,9.32364,1.00,1.00
2016.06.10 13:39:01.599,9.32212,9.32354,1.00,1.00
2016.06.10 13:39:02.137,9.32212,9.32344,1.00,1.00
2016.06.10 13:39:02.289,9.32235,9.32374,1.00,1.00
2016.06.10 13:39:02.694,9.32235,9.32384,1.00,1.00
2016.06.10 13:39:02.846,9.32235,9.32374,1.00,1.00
2016.06.10 13:39:03.271,9.32212,9.32364,1.00,1.00
2016.06.10 13:39:03.816,9.32212,9.32365,1.00,1.00
2016.06.10 13:39:04.609,9.32212,9.32364,1.00,1.00
2016.06.10 13:39:06.117,9.32212,9.32365,1.00,1.00
2016.06.10 13:39:06.270,9.32235,9.32364,1.00,1.00
2016.06.10 13:39:06.322,9.32235,9.32394,1.00,1.00
2016.06.10 13:39:07.011,9.32235,9.32404,1.00,1.00
2016.06.10 13:39:12.973,9.32257,9.32404,1.00,1.00
2016.06.10 13:39:13.142,9.32235,9.32404,1.00,1.00
2016.06.10 13:39:13.299,9.32257,9.32405,1.00,1.00
2016.06.10 13:39:15.965,9.32257,9.32404,1.00,1.00
2016.06.10 13:39:17.336,9.32257,9.32395,1.00,1.00
2016.06.10 13:39:17.387,9.32235,9.32395,1.00,1.00
2016.06.10 13:39:17.924,9.32235,9.32394,1.00,1.00
2016.06.10 13:39:18.375,9.32235,9.32404,1.00,1.00
2016.06.10 13:39:18.426,9.32257,9.32404,1.00,1.00
2016.06.10 13:39:19.652,9.32257,9.32394,1.00,1.00
2016.06.10 13:39:19.861,9.32257,9.32405,1.00,1.00
2016.06.10 13:39:20.086,9.32235,9.32405,1.00,1.00
2016.06.10 13:39:22.708,9.32235,9.32404,1.00,1.00
2016.06.10 13:39:22.860,9.32257,9.32404,1.00,1.00
2016.06.10 13:39:23.289,9.32257,9.32394,1.00,1.00
2016.06.10 13:39:23.838,9.32257,9.32404,1.00,1.00
2016.06.10 13:39:33.593,9.32257,9.32394,1.00,1.00
2016.06.10 13:39:33.939,9.32235,9.32384,1.00,1.00
2016.06.10 13:39:34.384,9.32235,9.32374,1.00,1.00
2016.06.10 13:39:38.062,9.32235,9.32394,1.00,1.00
2016.06.10 13:39:38.164,9.32235,9.32384,1.00,1.00
2016.06.10 13:39:39.214,9.32235,9.32394,1.00,1.00
2016.06.10 13:39:40.581,9.32235,9.32395,1.00,1.00
2016.06.10 13:39:41.148,9.32235,9.32394,1.00,1.00
2016.06.10 13:39:41.452,9.32235,9.32404,1.00,1.00
2016.06.10 13:39:42.223,9.32235,9.32405,1.00,1.00
2016.06.10 13:39:42.778,9.32235,9.32404,1.00,1.00
2016.06.10 13:39:43.326,9.32235,9.32414,1.00,1.50
2016.06.10 13:39:43.427,9.32235,9.32395,1.00,1.00
2016.06.10 13:39:44.302,9.32235,9.32394,1.00,1.00
2016.06.10 13:39:44.619,9.32235,9.32384,1.00,1.00
2016.06.10 13:39:44.837,9.32235,9.32394,1.00,1.00
2016.06.10 13:39:44.989,9.32235,9.32384,1.00,1.00
2016.06.10 13:39:45.337,9.32235,9.32364,1.00,1.00
2016.06.10 13:39:45.406,9.32235,9.32374,1.00,1.00
2016.06.10 13:39:45.609,9.32235,9.32364,1.00,1.00
2016.06.10 13:39:46.443,9.32212,9.32294,1.00,1.00
2016.06.10 13:39:46.494,9.32212,9.32334,1.00,1.00
2016.06.10 13:39:46.748,9.32212,9.32384,1.00,1.00
2016.06.10 13:39:46.849,9.32151,9.32345,1.37,1.00
2016.06.10 13:39:47.198,9.32148,9.32335,2.25,1.00
2016.06.10 13:39:47.249,9.32148,9.32335,1.87,1.00
2016.06.10 13:39:47.402,9.32212,9.32334,1.00,1.00
2016.06.10 13:39:47.504,9.32212,9.32344,1.00,1.00
2016.06.10 13:39:48.387,9.32212,9.32354,1.00,1.00
2016.06.10 13:39:48.489,9.32212,9.32364,1.00,1.00
2016.06.10 13:39:49.072,9.32212,9.32374,1.00,1.00
2016.06.10 13:39:49.237,9.32212,9.32364,1.00,1.00
2016.06.10 13:39:51.593,9.32212,9.32354,1.00,1.00
2016.06.10 13:39:51.898,9.32212,9.32334,1.00,1.00
2016.06.10 13:39:52.510,9.32212,9.32335,1.00,1.00
2016.06.10 13:39:53.016,9.32212,9.32334,1.00,1.00
2016.06.10 13:39:53.799,9.32212,9.32345,1.00,1.00
2016.06.10 13:39:54.007,9.32212,9.32354,1.00,1.00
2016.06.10 13:39:54.109,9.32212,9.32345,1.00,1.00
2016.06.10 13:39:55.013,9.32212,9.32334,1.00,1.00
2016.06.10 13:39:55.064,9.3219,9.32334,1.00,1.00
2016.06.10 13:39:55.422,9.32212,9.32334,1.00,1.00
2016.06.10 13:39:55.662,9.3219,9.32334,1.00,1.00
2016.06.10 13:39:55.949,9.3219,9.32325,1.00,1.00
2016.06.10 13:39:56.625,9.3219,9.32344,1.00,1.00
2016.06.10 13:39:56.727,9.3219,9.32334,1.00,1.00
2016.06.10 13:39:57.113,9.3219,9.32344,1.00,1.00
2016.06.10 13:39:57.621,9.3219,9.32374,1.00,1.00
2016.06.10 13:39:57.672,9.32212,9.32374,1.00,1.00
2016.06.10 13:39:57.774,9.32204,9.32374,1.00,1.00
2016.06.10 13:39:57.825,9.32204,9.32394,1.00,1.00
2016.06.10 13:39:58.226,9.32199,9.32394,1.00,1.00
2016.06.10 13:39:58.750,9.32214,9.32394,1.00,1.00
2016.06.10 13:39:58.852,9.32214,9.32404,1.00,1.00
2016.06.10 13:39:59.913,9.32214,9.32414,1.00,1.07
2016.06.10 13:40:00.015,9.32214,9.32414,1.00,1.00
2016.06.10 13:40:00.066,9.32226,9.32404,1.00,1.00
2016.06.10 13:40:00.369,9.32252,9.32424,1.00,1.00
2016.06.10 13:40:00.471,9.32252,9.32434,1.00,1.00
2016.06.10 13:40:00.722,9.32257,9.32454,1.37,1.00
2016.06.10 13:40:00.775,9.3226,9.32454,1.75,1.00
2016.06.10 13:40:00.927,9.32269,9.32474,1.37,1.00
2016.06.10 13:40:00.978,9.32299,9.32474,1.07,1.00
2016.06.10 13:40:01.060,9.32312,9.32504,1.00,1.00
2016.06.10 13:40:01.111,9.32335,9.32525,1.00,1.00
2016.06.10 13:40:01.162,9.32352,9.32544,1.00,1.00
2016.06.10 13:40:01.265,9.32362,9.32554,1.00,1.00
2016.06.10 13:40:01.776,9.32437,9.32585,1.00,1.00
2016.06.10 13:40:01.832,9.32437,9.32614,1.00,1.00
2016.06.10 13:40:01.933,9.32437,9.32644,1.00,1.07
2016.06.10 13:40:02.035,9.32437,9.32614,1.00,1.00
2016.06.10 13:40:02.137,9.32437,9.32644,1.00,1.07
2016.06.10 13:40:02.189,9.32437,9.32644,1.00,1.00
2016.06.10 13:40:02.240,9.32451,9.32654,1.00,1.00
2016.06.10 13:40:03.043,9.32491,9.32704,1.00,1.00
2016.06.10 13:40:03.200,9.32491,9.32704,1.37,1.00
2016.06.10 13:40:03.251,9.32491,9.32709,1.37,1.00
2016.06.10 13:40:03.302,9.32491,9.32709,1.50,1.00
2016.06.10 13:40:03.606,9.32515,9.32709,1.00,1.00
2016.06.10 13:40:03.822,9.3252,9.32745,1.00,1.00
2016.06.10 13:40:04.114,9.3252,9.32744,1.37,1.00
2016.06.10 13:40:04.444,9.32535,9.32754,1.07,1.00
2016.06.10 13:40:04.748,9.32535,9.32734,1.07,1.00
2016.06.10 13:40:04.799,9.32535,9.32744,1.07,1.00
2016.06.10 13:40:05.228,9.32535,9.32754,1.07,1.00
2016.06.10 13:40:05.482,9.32535,9.32754,1.37,1.00
2016.06.10 13:40:05.990,9.32535,9.32754,1.07,1.00
2016.06.10 13:40:06.602,9.32539,9.32754,1.37,1.00
2016.06.10 13:40:06.821,9.32539,9.32764,1.37,1.00
2016.06.10 13:40:07.086,9.32556,9.32784,1.57,1.00
2016.06.10 13:40:07.150,9.32556,9.32784,1.87,1.00
2016.06.10 13:40:07.454,9.32566,9.32794,1.37,1.00
2016.06.10 13:40:09.658,9.32566,9.32794,1.75,1.00
2016.06.10 13:40:15.517,9.32636,9.32794,1.75,1.00
2016.06.10 13:40:15.568,9.32627,9.32834,1.75,1.00
2016.06.10 13:40:15.619,9.32627,9.32834,1.00,1.00
2016.06.10 13:40:15.670,9.32617,9.32844,1.00,1.00
2016.06.10 13:40:15.772,9.32609,9.32834,1.00,1.00
2016.06.10 13:40:16.110,9.32609,9.32824,1.00,1.00
2016.06.10 13:40:17.779,9.32609,9.32814,1.00,1.00
2016.06.10 13:40:20.794,9.32609,9.32814,1.07,1.00
2016.06.10 13:40:27.218,9.32486,9.32674,2.25,1.00
2016.06.10 13:40:27.273,9.32486,9.32674,1.57,1.00
2016.06.10 13:40:27.324,9.32446,9.32654,1.75,1.00
2016.06.10 13:40:27.376,9.32457,9.32654,1.75,1.00
2016.06.10 13:40:27.629,9.32457,9.32654,1.37,1.00
2016.06.10 13:40:27.731,9.32457,9.32654,1.00,1.00
2016.06.10 13:40:27.782,9.32438,9.32654,1.00,1.00
2016.06.10 13:40:27.884,9.32436,9.32635,1.00,1.00
2016.06.10 13:40:28.195,9.32395,9.32605,1.07,1.00
2016.06.10 13:40:28.296,9.32395,9.32594,1.07,1.00
2016.06.10 13:40:28.398,9.3238,9.32594,1.00,1.00
2016.06.10 13:40:28.500,9.32366,9.32594,1.00,1.37
2016.06.10 13:40:28.551,9.32356,9.32584,1.00,1.07
2016.06.10 13:40:28.653,9.32348,9.32574,1.00,1.00
2016.06.10 13:40:28.958,9.32348,9.32554,1.00,1.00
2016.06.10 13:40:29.669,9.32332,9.32554,1.00,1.00
2016.06.10 13:40:29.923,9.32332,9.32554,1.07,1.00
2016.06.10 13:40:30.308,9.32332,9.32544,1.07,1.00
2016.06.10 13:40:36.539,9.32332,9.32545,1.07,1.00
2016.06.10 13:40:37.336,9.32332,9.32544,1.07,1.00
2016.06.10 13:40:42.260,9.32333,9.32544,1.00,1.00
2016.06.10 13:40:45.379,9.32333,9.32534,1.00,1.00
2016.06.10 13:40:45.582,9.32333,9.32544,1.00,1.00
2016.06.10 13:40:50.015,9.32332,9.32544,1.00,1.00
2016.06.10 13:40:53.792,9.32411,9.32544,1.00,1.00
2016.06.10 13:40:53.843,9.32411,9.32571,1.00,1.37
2016.06.10 13:40:53.894,9.32457,9.32571,1.00,1.00
2016.06.10 13:40:53.945,9.32457,9.3263,1.00,1.75
2016.06.10 13:40:54.047,9.32448,9.3264,1.00,1.07
2016.06.10 13:40:54.380,9.32448,9.32614,1.00,1.00
2016.06.10 13:40:54.431,9.32426,9.32614,1.00,1.00
2016.06.10 13:40:56.808,9.32426,9.32604,1.00,1.00
2016.06.10 13:40:57.277,9.32426,9.32614,1.00,1.00
2016.06.10 13:40:58.670,9.32442,9.32614,1.00,1.00
2016.06.10 13:40:59.307,9.32442,9.32634,1.00,1.00
2016.06.10 13:40:59.561,9.32448,9.32652,1.00,1.37
2016.06.10 13:40:59.613,9.32448,9.32652,1.07,1.00
2016.06.10 13:40:59.715,9.32448,9.32666,1.07,1.00
2016.06.10 13:40:59.900,9.32448,9.32664,1.07,1.00
2016.06.10 13:41:00.109,9.32438,9.32664,1.00,1.37
2016.06.10 13:41:00.761,9.32433,9.32664,1.00,1.37
2016.06.10 13:41:01.548,9.32466,9.32666,1.00,1.37
2016.06.10 13:41:01.655,9.32439,9.32666,1.00,1.37
2016.06.10 13:41:08.727,9.32456,9.32664,1.00,1.37
2016.06.10 13:41:09.034,9.32486,9.32679,1.00,1.00
2016.06.10 13:41:09.085,9.32486,9.32693,1.00,1.00
2016.06.10 13:41:09.187,9.32476,9.3269,1.00,1.75
2016.06.10 13:41:09.520,9.32506,9.32684,1.00,1.00
2016.06.10 13:41:09.572,9.32506,9.32742,1.00,1.07
2016.06.10 13:41:09.624,9.32498,9.32742,1.75,1.00
2016.06.10 13:41:09.675,9.32531,9.32762,1.00,1.00
2016.06.10 13:41:09.778,9.32531,9.32778,1.75,1.00
2016.06.10 13:41:10.082,9.32556,9.32788,1.07,1.10
2016.06.10 13:41:10.393,9.32566,9.32788,1.00,1.10
2016.06.10 13:41:10.698,9.32595,9.32816,1.37,1.00
2016.06.10 13:41:10.901,9.32605,9.32827,1.37,1.00
2016.06.10 13:41:11.233,9.32626,9.32856,1.12,1.00
2016.06.10 13:41:11.620,9.32626,9.32856,1.37,1.00
2016.06.10 13:41:11.975,9.32625,9.32868,1.50,1.00
2016.06.10 13:41:12.368,9.32646,9.3287,1.75,1.00
2016.06.10 13:41:12.870,9.32646,9.32886,1.75,1.00
2016.06.10 13:41:12.971,9.3262,9.32898,1.75,1.07
2016.06.10 13:41:13.228,9.32631,9.32874,1.75,1.00
2016.06.10 13:41:13.380,9.32646,9.32883,1.75,1.00
2016.06.10 13:41:13.482,9.32646,9.32903,1.75,1.07
2016.06.10 13:41:13.583,9.32646,9.32891,1.75,1.00
2016.06.10 13:41:14.168,9.32656,9.32906,1.37,1.37
2016.06.10 13:41:14.270,9.32656,9.32884,1.37,1.00
2016.06.10 13:41:14.858,9.32646,9.32874,1.75,1.00
2016.06.10 13:41:15.181,9.32656,9.32884,1.37,1.00
2016.06.10 13:41:15.232,9.32656,9.32884,1.75,1.00
2016.06.10 13:41:15.702,9.32656,9.32884,1.37,1.00
2016.06.10 13:41:15.854,9.32646,9.32874,1.75,1.00
2016.06.10 13:41:15.956,9.32656,9.32884,1.37,1.00
2016.06.10 13:41:16.058,9.32646,9.32874,1.75,1.00
2016.06.10 13:41:17.060,9.32655,9.32885,1.37,1.00
2016.06.10 13:41:17.606,9.32656,9.32884,1.37,1.00
2016.06.10 13:41:20.559,9.32686,9.32901,1.00,1.07
2016.06.10 13:41:20.661,9.32666,9.32894,1.07,1.07
2016.06.10 13:41:20.763,9.32656,9.32884,1.37,1.00
2016.06.10 13:41:25.320,9.32646,9.32874,1.75,1.00
2016.06.10 13:41:26.192,9.32656,9.32884,1.37,1.00
2016.06.10 13:41:26.294,9.32646,9.32874,1.75,1.00
2016.06.10 13:41:27.483,9.32656,9.32884,1.37,1.00
2016.06.10 13:41:29.212,9.32646,9.32874,1.75,1.00
2016.06.10 13:41:29.264,9.32656,9.32884,1.37,1.00
2016.06.10 13:41:31.143,9.32646,9.32874,1.75,1.00
2016.06.10 13:41:31.245,9.32656,9.32884,1.37,1.00
2016.06.10 13:41:31.558,9.32646,9.32874,1.37,1.00
2016.06.10 13:41:31.694,9.32637,9.32834,1.75,1.00
2016.06.10 13:41:31.796,9.32637,9.32864,1.75,1.00
2016.06.10 13:41:31.898,9.32646,9.32874,1.37,1.00
2016.06.10 13:41:32.100,9.32656,9.32884,1.07,1.00
2016.06.10 13:41:33.378,9.32656,9.32884,1.37,1.00
2016.06.10 13:41:35.504,9.32666,9.32894,1.07,1.07
2016.06.10 13:41:35.708,9.32666,9.32894,1.37,1.00
2016.06.10 13:41:36.711,9.32676,9.32904,1.07,1.10
2016.06.10 13:41:37.108,9.32666,9.32894,1.75,1.00
2016.06.10 13:41:38.580,9.32676,9.32904,1.37,1.00
2016.06.10 13:41:38.732,9.32666,9.32894,1.75,1.00
2016.06.10 13:41:40.563,9.32656,9.32884,1.75,1.00
2016.06.10 13:41:40.928,9.32666,9.32894,1.75,1.00
2016.06.10 13:41:41.248,9.32656,9.32884,1.75,1.00
2016.06.10 13:41:42.883,9.32654,9.32874,1.75,1.00
2016.06.10 13:41:42.984,9.32654,9.32874,1.75,1.00
2016.06.10 13:41:43.136,9.32635,9.32854,1.75,1.00
2016.06.10 13:41:43.237,9.32645,9.32864,1.75,1.00
2016.06.10 13:41:43.340,9.32656,9.32854,1.50,1.00
2016.06.10 13:41:43.616,9.32656,9.32884,2.25,1.00
2016.06.10 13:41:43.768,9.32666,9.32894,1.75,1.00
2016.06.10 13:41:44.881,9.32676,9.32904,1.37,1.00
2016.06.10 13:41:45.711,9.32666,9.32894,1.75,1.00
2016.06.10 13:41:47.157,9.32676,9.32904,1.37,1.00
2016.06.10 13:41:47.411,9.32666,9.32894,1.75,1.00
2016.06.10 13:41:49.090,9.32676,9.32904,1.37,1.00
2016.06.10 13:41:49.479,9.32666,9.32894,1.75,1.00
2016.06.10 13:41:51.907,9.32686,9.32914,1.10,1.07
2016.06.10 13:41:51.997,9.32666,9.32894,1.75,1.00
2016.06.10 13:41:52.317,9.32666,9.32894,1.75,1.00
2016.06.10 13:41:53.878,9.32666,9.32894,1.75,1.00
2016.06.10 13:41:59.608,9.32676,9.32904,1.37,1.00
2016.06.10 13:42:00.254,9.32671,9.32894,1.37,1.00
2016.06.10 13:42:02.493,9.32671,9.32854,1.37,1.00
2016.06.10 13:42:03.005,9.32671,9.32834,1.00,1.00
2016.06.10 13:42:03.080,9.32649,9.32844,1.37,1.00
2016.06.10 13:42:03.790,9.32649,9.32834,1.37,1.00
2016.06.10 13:42:04.125,9.32649,9.32854,1.37,1.00
2016.06.10 13:42:04.226,9.32671,9.32855,1.00,1.00
2016.06.10 13:42:04.531,9.32671,9.32844,1.07,1.00
2016.06.10 13:42:05.325,9.32671,9.32854,1.07,1.00
2016.06.10 13:42:05.707,9.32649,9.32864,1.75,1.00
2016.06.10 13:42:05.758,9.32669,9.32864,1.07,1.00
2016.06.10 13:42:05.868,9.32669,9.32874,1.07,1.00
2016.06.10 13:42:06.252,9.32669,9.32865,1.07,1.00
2016.06.10 13:42:06.764,9.32669,9.32865,1.37,1.00
2016.06.10 13:42:06.865,9.32669,9.32874,1.37,1.00
2016.06.10 13:42:07.097,9.32669,9.32864,1.37,1.00
2016.06.10 13:42:08.300,9.32654,9.32834,1.75,1.00
2016.06.10 13:42:08.533,9.32654,9.32855,1.50,1.00
2016.06.10 13:42:08.634,9.32671,9.32864,1.37,1.00
2016.06.10 13:42:08.837,9.32654,9.32874,1.75,1.00
2016.06.10 13:42:08.939,9.32654,9.32874,1.50,1.00
2016.06.10 13:42:09.305,9.32669,9.32884,1.07,1.00
2016.06.10 13:42:09.816,9.32669,9.32874,1.07,1.00
2016.06.10 13:42:10.131,9.32669,9.32884,1.75,1.00
2016.06.10 13:42:10.459,9.32669,9.32875,1.75,1.00
2016.06.10 13:42:10.587,9.32669,9.32884,1.75,1.00
2016.06.10 13:42:11.379,9.32669,9.32906,1.75,1.00
2016.06.10 13:42:11.581,9.32669,9.32914,1.75,1.07
2016.06.10 13:42:16.107,9.32696,9.32927,1.00,1.75
2016.06.10 13:42:16.441,9.32686,9.32927,1.07,1.75
2016.06.10 13:42:19.277,9.32695,9.32927,1.00,1.75
2016.06.10 13:42:19.429,9.32676,9.32924,1.37,1.75
2016.06.10 13:42:20.192,9.32669,9.32884,1.75,1.00
2016.06.10 13:42:21.950,9.32669,9.32885,1.75,1.00
2016.06.10 13:42:23.479,9.32669,9.32894,1.75,1.00
2016.06.10 13:42:23.581,9.32669,9.32884,1.75,1.00
2016.06.10 13:42:24.244,9.32669,9.32894,1.75,1.00
2016.06.10 13:42:24.611,9.32669,9.32884,1.75,1.00
2016.06.10 13:42:24.713,9.32669,9.32894,1.75,1.00
2016.06.10 13:42:24.896,9.32669,9.32884,1.75,1.00
2016.06.10 13:42:25.849,9.32669,9.32895,1.75,1.00
2016.06.10 13:42:26.316,9.32669,9.32874,1.75,1.00
2016.06.10 13:42:26.451,9.32669,9.32894,1.75,1.00
2016.06.10 13:42:26.812,9.32669,9.32884,1.75,1.00
2016.06.10 13:42:27.149,9.32669,9.32874,1.75,1.00
2016.06.10 13:42:27.454,9.32669,9.32894,1.75,1.00
2016.06.10 13:42:27.556,9.32669,9.32874,1.75,1.00
2016.06.10 13:42:28.978,9.32669,9.32884,1.75,1.00
2016.06.10 13:42:29.136,9.32669,9.32894,1.75,1.00
2016.06.10 13:42:29.238,9.32669,9.32914,1.75,1.07
2016.06.10 13:42:29.340,9.32669,9.32904,1.75,1.00
2016.06.10 13:42:29.645,9.32669,9.32884,1.75,1.00
2016.06.10 13:42:29.993,9.32672,9.32874,1.75,1.00
2016.06.10 13:42:30.312,9.32672,9.32864,1.75,1.00
2016.06.10 13:42:30.414,9.32672,9.32875,1.75,1.00
2016.06.10 13:42:30.663,9.32672,9.32884,1.75,1.00
2016.06.10 13:42:30.912,9.32672,9.32874,1.75,1.00
2016.06.10 13:42:31.514,9.32672,9.32884,1.75,1.00
2016.06.10 13:42:31.664,9.32672,9.32874,1.75,1.00
2016.06.10 13:42:32.618,9.32672,9.32875,1.75,1.00
2016.06.10 13:42:33.722,9.32672,9.32874,1.75,1.00
2016.06.10 13:42:34.026,9.32694,9.32884,1.15,1.00
2016.06.10 13:42:34.298,9.32672,9.32894,1.90,1.00
2016.06.10 13:42:34.400,9.32696,9.32914,1.25,1.00
2016.06.10 13:42:34.451,9.32696,9.32914,1.65,1.00
2016.06.10 13:42:34.754,9.32736,9.32934,1.52,1.00
2016.06.10 13:42:34.957,9.32747,9.32964,1.90,1.00
2016.06.10 13:42:35.281,9.32763,9.32984,1.65,1.00
2016.06.10 13:42:35.382,9.32763,9.32994,1.90,1.00
2016.06.10 13:42:35.585,9.32763,9.33004,1.90,1.00
2016.06.10 13:42:35.898,9.3278,9.33004,1.90,1.00
2016.06.10 13:42:36.436,9.32791,9.33004,1.90,1.00
2016.06.10 13:42:36.588,9.32804,9.33014,1.90,1.00
2016.06.10 13:42:36.640,9.32804,9.33014,1.90,1.00
2016.06.10 13:42:36.691,9.32804,9.33034,1.90,1.00
2016.06.10 13:42:37.029,9.32822,9.33034,1.75,1.00
2016.06.10 13:42:37.502,9.32822,9.33064,1.75,1.37
2016.06.10 13:42:37.604,9.32822,9.33064,1.75,1.37
2016.06.10 13:42:37.756,9.32822,9.33064,1.75,1.37
2016.06.10 13:42:38.182,9.32822,9.33064,1.75,1.37
2016.06.10 13:42:42.323,9.32849,9.33054,1.50,1.37
2016.06.10 13:42:42.830,9.32849,9.33055,1.50,1.37
2016.06.10 13:42:43.264,9.32849,9.33055,1.37,1.37
2016.06.10 13:42:43.497,9.32849,9.33064,1.37,1.37
2016.06.10 13:42:43.649,9.32849,9.33064,1.37,1.37
2016.06.10 13:42:43.750,9.32849,9.33064,1.37,1.37
2016.06.10 13:42:45.524,9.32849,9.33044,1.37,1.37
2016.06.10 13:42:45.803,9.32822,9.33044,1.75,1.37
2016.06.10 13:42:45.854,9.32822,9.33034,1.75,1.37
2016.06.10 13:42:46.108,9.32821,9.33024,1.37,1.37
2016.06.10 13:42:46.160,9.32821,9.33015,1.37,1.37
2016.06.10 13:42:46.483,9.32802,9.33004,1.75,1.37
2016.06.10 13:42:47.168,9.32802,9.33014,1.75,1.37
2016.06.10 13:42:49.146,9.32802,9.33014,1.75,1.37
2016.06.10 13:42:49.298,9.32802,9.33014,1.37,1.37
2016.06.10 13:42:49.450,9.32798,9.33005,1.75,1.37
2016.06.10 13:42:49.704,9.32798,9.33004,1.50,1.37
2016.06.10 13:42:49.755,9.32798,9.33004,1.75,1.37
2016.06.10 13:42:50.150,9.32798,9.33024,1.75,1.37
2016.06.10 13:42:50.201,9.32798,9.33024,1.75,1.37
2016.06.10 13:42:50.903,9.32798,9.33014,1.75,1.37
2016.06.10 13:42:51.297,9.32821,9.33004,1.07,1.37
2016.06.10 13:42:51.676,9.32798,9.33024,1.75,1.37
2016.06.10 13:42:51.980,9.32798,9.33014,1.75,1.37
2016.06.10 13:42:52.881,9.32796,9.32984,1.75,1.00
2016.06.10 13:42:52.947,9.32796,9.32984,1.37,1.00
2016.06.10 13:42:52.999,9.32796,9.32974,1.37,1.00
2016.06.10 13:42:53.151,9.32726,9.32954,1.75,1.00
2016.06.10 13:42:53.252,9.32722,9.32954,1.37,1.75
2016.06.10 13:42:53.303,9.327,9.32924,1.75,1.00
2016.06.10 13:42:53.669,9.32688,9.32884,1.07,1.00
2016.06.10 13:42:53.776,9.32688,9.3292,1.00,1.37
2016.06.10 13:42:53.878,9.32688,9.32874,1.00,1.00
2016.06.10 13:42:54.080,9.32688,9.32884,1.00,1.00
2016.06.10 13:42:54.426,9.32687,9.32894,1.00,1.00
2016.06.10 13:42:54.477,9.32687,9.32894,1.75,1.00
2016.06.10 13:42:54.815,9.32687,9.32894,1.37,1.00
2016.06.10 13:42:54.917,9.32687,9.32894,1.37,1.00
2016.06.10 13:42:55.082,9.32685,9.32884,1.37,1.00
2016.06.10 13:42:55.133,9.32685,9.32884,1.07,1.00
2016.06.10 13:42:56.435,9.32685,9.32884,1.00,1.00
2016.06.10 13:42:57.085,9.32685,9.32874,1.00,1.00
2016.06.10 13:42:58.796,9.32685,9.32884,1.00,1.00
2016.06.10 13:42:59.342,9.32685,9.32885,1.00,1.00
2016.06.10 13:43:00.234,9.32685,9.32875,1.00,1.00
2016.06.10 13:43:00.546,9.32685,9.32885,1.00,1.00
2016.06.10 13:43:00.989,9.32685,9.32874,1.00,1.00
2016.06.10 13:43:01.764,9.32685,9.32864,1.00,1.00
2016.06.10 13:43:02.201,9.32672,9.32864,1.07,1.00
2016.06.10 13:43:02.473,9.32672,9.32854,1.00,1.00
2016.06.10 13:43:02.984,9.32695,9.32844,1.00,1.00
2016.06.10 13:43:03.085,9.32707,9.32875,1.00,1.00
2016.06.10 13:43:03.187,9.32707,9.32854,1.00,1.00
2016.06.10 13:43:03.239,9.32685,9.32854,1.50,1.00
2016.06.10 13:43:03.341,9.32687,9.32874,1.37,1.00
2016.06.10 13:43:03.606,9.32716,9.32884,1.00,1.00
2016.06.10 13:43:03.657,9.32716,9.32904,1.00,1.00
2016.06.10 13:43:04.091,9.32716,9.32935,1.07,1.00
2016.06.10 13:43:04.193,9.32731,9.32935,1.00,1.00
2016.06.10 13:43:04.547,9.32731,9.32944,1.00,1.00
2016.06.10 13:43:05.093,9.32747,9.32954,1.00,1.00
2016.06.10 13:43:05.413,9.32737,9.32944,1.07,1.00
2016.06.10 13:43:05.526,9.32737,9.32954,1.07,1.00
2016.06.10 13:43:05.577,9.32746,9.32954,1.00,1.00
2016.06.10 13:43:05.909,9.32756,9.32954,1.00,1.00
2016.06.10 13:43:06.769,9.32767,9.32954,1.00,1.00
2016.06.10 13:43:06.821,9.32767,9.32964,1.00,1.00
2016.06.10 13:43:06.873,9.32775,9.32964,1.00,1.00
2016.06.10 13:43:06.976,9.32775,9.32974,1.00,1.00
2016.06.10 13:43:07.078,9.32791,9.32985,1.00,1.00
2016.06.10 13:43:07.411,9.32819,9.33014,1.00,1.00
2016.06.10 13:43:07.514,9.32828,9.33034,1.00,1.00
2016.06.10 13:43:07.617,9.3284,9.33052,1.00,1.07
2016.06.10 13:43:07.668,9.3284,9.33052,1.00,1.00
2016.06.10 13:43:07.719,9.32857,9.33064,1.00,1.07
2016.06.10 13:43:08.221,9.32857,9.33069,1.00,1.07
2016.06.10 13:43:08.767,9.32888,9.33096,1.00,1.00
2016.06.10 13:43:09.122,9.32891,9.33104,1.00,1.00
2016.06.10 13:43:09.174,9.32891,9.33109,1.00,1.00
2016.06.10 13:43:09.276,9.32904,9.33109,1.00,1.07
2016.06.10 13:43:09.479,9.32927,9.33144,1.00,1.00
2016.06.10 13:43:09.582,9.32966,9.33166,1.00,1.07
2016.06.10 13:43:09.926,9.32966,9.33176,1.00,1.75
2016.06.10 13:43:10.222,9.32966,9.3318,1.00,1.75
2016.06.10 13:43:10.273,9.32976,9.3318,1.00,1.75
2016.06.10 13:43:10.580,9.32986,9.3318,1.00,1.75
2016.06.10 13:43:10.631,9.32986,9.33194,1.00,1.00
2016.06.10 13:43:10.682,9.32996,9.33207,1.00,1.10
2016.06.10 13:43:11.026,9.33046,9.33214,1.00,1.00
2016.06.10 13:43:11.128,9.33046,9.33262,1.00,1.75
2016.06.10 13:43:11.179,9.33046,9.33262,1.00,1.75
2016.06.10 13:43:11.231,9.33056,9.33262,1.00,1.75
2016.06.10 13:43:11.538,9.33076,9.33299,1.00,1.75
2016.06.10 13:43:11.589,9.33096,9.33308,1.00,1.75
2016.06.10 13:43:11.640,9.33096,9.33308,1.00,1.75
2016.06.10 13:43:12.250,9.33096,9.33323,1.00,1.75
2016.06.10 13:43:12.474,9.33106,9.33323,1.00,1.75
2016.06.10 13:43:12.525,9.33106,9.33334,1.00,1.75
2016.06.10 13:43:12.576,9.33116,9.33337,1.00,1.75
2016.06.10 13:43:12.882,9.33126,9.33337,1.00,1.75
2016.06.10 13:43:13.828,9.33126,9.33337,1.00,1.75
2016.06.10 13:43:21.349,9.33136,9.33327,1.00,1.75
2016.06.10 13:43:27.636,9.33146,9.33327,1.00,1.75
2016.06.10 13:43:27.846,9.33136,9.33327,1.00,1.75
2016.06.10 13:43:31.153,9.33135,9.33327,1.00,1.75
2016.06.10 13:43:31.664,9.33136,9.33327,1.00,1.75
2016.06.10 13:43:36.998,9.33135,9.33327,1.00,1.75
2016.06.10 13:43:37.726,9.33136,9.33327,1.00,1.75
2016.06.10 13:43:41.274,9.33136,9.33289,1.00,1.00
2016.06.10 13:43:47.733,9.33096,9.33289,1.00,1.00
2016.06.10 13:43:48.290,9.33096,9.33289,1.00,1.12
2016.06.10 13:43:50.285,9.33095,9.33289,1.00,1.12
2016.06.10 13:43:52.853,9.33106,9.33289,1.00,1.00
2016.06.10 13:43:53.187,9.33115,9.33289,1.00,1.00
2016.06.10 13:43:54.602,9.33116,9.33289,1.00,1.00
2016.06.10 13:43:55.385,9.33106,9.33289,1.00,1.00
2016.06.10 13:43:55.588,9.33096,9.33289,1.00,1.00
2016.06.10 13:43:56.213,9.33116,9.33289,1.00,1.00
2016.06.10 13:43:56.715,9.33116,9.33289,1.00,1.12
2016.06.10 13:43:57.299,9.33116,9.33289,1.00,1.00
2016.06.10 13:43:57.919,9.33116,9.33304,1.00,1.37
2016.06.10 13:44:04.050,9.33096,9.33304,1.00,1.37
2016.06.10 13:44:04.278,9.33116,9.33304,1.00,1.37
2016.06.10 13:44:08.556,9.33106,9.33304,1.00,1.37
2016.06.10 13:44:12.726,9.33086,9.33304,1.00,1.37
2016.06.10 13:44:13.062,9.33106,9.33304,1.00,1.37
2016.06.10 13:44:14.053,9.33096,9.33304,1.00,1.37
2016.06.10 13:44:18.125,9.33106,9.33304,1.00,1.37
2016.06.10 13:44:18.555,9.33096,9.33304,1.00,1.37
2016.06.10 13:44:18.708,9.33106,9.33304,1.00,1.37
2016.06.10 13:44:19.021,9.33106,9.33304,1.00,1.75
2016.06.10 13:44:19.523,9.33105,9.33304,1.00,1.75
2016.06.10 13:44:21.086,9.33106,9.33304,1.00,1.75
2016.06.10 13:44:22.083,9.33096,9.33304,1.00,1.75
2016.06.10 13:44:24.537,9.33106,9.33304,1.00,1.75
2016.06.10 13:44:24.740,9.33096,9.33304,1.00,1.75
2016.06.10 13:44:25.091,9.33106,9.33304,1.00,1.75
2016.06.10 13:44:25.528,9.33096,9.33304,1.00,1.75
2016.06.10 13:44:26.041,9.33106,9.33304,1.00,1.75
2016.06.10 13:44:26.931,9.33096,9.33304,1.00,1.75
2016.06.10 13:44:28.699,9.33086,9.33289,1.00,1.07
2016.06.10 13:44:28.801,9.33076,9.33289,1.00,1.07
2016.06.10 13:44:29.129,9.33086,9.33289,1.00,1.07
2016.06.10 13:44:29.230,9.33066,9.33289,1.00,1.07
2016.06.10 13:44:29.433,9.33066,9.33289,1.00,1.37
2016.06.10 13:44:30.650,9.33046,9.33264,1.00,1.00
2016.06.10 13:44:30.751,9.33046,9.33264,1.00,1.07
2016.06.10 13:44:31.055,9.33046,9.33254,1.00,1.00
2016.06.10 13:44:31.679,9.33046,9.33194,1.00,1.00
2016.06.10 13:44:31.730,9.32966,9.33164,1.00,1.50
2016.06.10 13:44:31.781,9.32946,9.33164,1.07,1.50
2016.06.10 13:44:31.832,9.32946,9.33148,1.00,1.75
2016.06.10 13:44:31.883,9.32936,9.33148,1.00,1.75
2016.06.10 13:44:32.036,9.32936,9.3312,1.00,1.75
2016.06.10 13:44:32.087,9.32916,9.3312,1.00,1.75
2016.06.10 13:44:32.290,9.32916,9.33106,1.00,1.75
2016.06.10 13:44:32.341,9.32896,9.33106,1.00,1.75
2016.06.10 13:44:32.493,9.32896,9.33092,1.00,1.00
2016.06.10 13:44:32.544,9.32896,9.33117,1.00,1.75
2016.06.10 13:44:32.837,9.32896,9.33117,1.07,1.00
2016.06.10 13:44:32.888,9.32936,9.33134,1.00,1.00
2016.06.10 13:44:33.193,9.32926,9.33134,1.00,1.75
2016.06.10 13:44:33.511,9.32916,9.33114,1.00,1.75
2016.06.10 13:44:33.812,9.32925,9.33114,1.00,1.75
2016.06.10 13:44:34.514,9.32936,9.33114,1.00,1.75
2016.06.10 13:44:34.615,9.32926,9.33114,1.00,1.75
2016.06.10 13:44:50.685,9.32906,9.33102,1.00,1.75
2016.06.10 13:44:50.787,9.32916,9.33102,1.00,1.75
2016.06.10 13:44:51.110,9.32926,9.33102,1.00,1.75
2016.06.10 13:44:53.440,9.32936,9.33102,1.00,1.75
2016.06.10 13:44:54.670,9.32926,9.33102,1.00,1.75
2016.06.10 13:44:56.015,9.32926,9.33102,1.00,1.37
2016.06.10 13:44:56.066,9.32936,9.33102,1.00,1.37
2016.06.10 13:44:56.327,9.32926,9.33102,1.00,1.37
2016.06.10 13:44:56.429,9.32936,9.33102,1.00,1.37
2016.06.10 13:44:56.707,9.32926,9.33102,1.00,1.37
2016.06.10 13:44:58.378,9.32916,9.33102,1.00,1.37
2016.06.10 13:44:58.532,9.32906,9.33102,1.00,1.37
2016.06.10 13:44:58.704,9.32916,9.33102,1.00,1.37
2016.06.10 13:44:59.622,9.32906,9.33102,1.00,1.37
2016.06.10 13:44:59.723,9.32916,9.33102,1.00,1.37
2016.06.10 13:44:59.914,9.32906,9.33102,1.00,1.37
2016.06.10 13:45:00.686,9.32906,9.33102,1.00,1.00
2016.06.10 13:45:03.744,9.32906,9.33102,1.00,1.12
2016.06.10 13:45:05.350,9.32896,9.33102,1.00,1.12
2016.06.10 13:45:05.627,9.32906,9.33102,1.00,1.12
2016.06.10 13:45:06.167,9.32905,9.33102,1.00,1.12
2016.06.10 13:45:06.810,9.32926,9.33102,1.00,1.00
2016.06.10 13:45:07.290,9.32936,9.33102,1.00,1.00
2016.06.10 13:45:07.604,9.32936,9.33129,1.00,1.75
2016.06.10 13:45:08.236,9.32936,9.33129,1.00,1.37
2016.06.10 13:45:17.843,9.32935,9.33129,1.00,1.37
2016.06.10 13:45:18.464,9.32936,9.33129,1.00,1.37
2016.06.10 13:45:19.560,9.32926,9.33129,1.00,1.37
2016.06.10 13:45:19.915,9.32936,9.33129,1.00,1.37
2016.06.10 13:45:24.729,9.32926,9.33129,1.00,1.37
2016.06.10 13:45:25.129,9.32936,9.33129,1.00,1.37
2016.06.10 13:45:35.587,9.32946,9.33129,1.00,1.37
2016.06.10 13:45:35.689,9.32936,9.33129,1.00,1.37
2016.06.10 13:45:39.189,9.32946,9.33129,1.00,1.37
2016.06.10 13:45:42.194,9.32936,9.33129,1.00,1.37
2016.06.10 13:45:42.296,9.32946,9.33129,1.00,1.37
2016.06.10 13:45:45.790,9.32936,9.33129,1.00,1.37
2016.06.10 13:45:46.408,9.32936,9.33129,1.00,1.00
2016.06.10 13:45:46.459,9.32946,9.33129,1.00,1.00
2016.06.10 13:45:46.582,9.32946,9.33162,1.00,1.75
2016.06.10 13:45:46.633,9.32946,9.33162,1.00,1.12
2016.06.10 13:45:46.684,9.32956,9.33162,1.00,1.12
2016.06.10 13:45:47.065,9.32966,9.33156,1.00,1.07
2016.06.10 13:45:47.116,9.32966,9.33156,1.00,1.00
2016.06.10 13:45:47.459,9.32976,9.33156,1.00,1.00
2016.06.10 13:45:47.611,9.32976,9.33177,1.00,1.37
2016.06.10 13:45:51.597,9.32977,9.33177,1.00,1.37
2016.06.10 13:45:53.473,9.32976,9.33167,1.00,1.07
2016.06.10 13:45:53.829,9.32966,9.33157,1.00,1.00
2016.06.10 13:45:53.932,9.32976,9.33157,1.00,1.00
2016.06.10 13:45:54.034,9.32966,9.33157,1.00,1.00
2016.06.10 13:45:55.140,9.32976,9.33157,1.00,1.00
2016.06.10 13:45:55.594,9.3295,9.33158,1.00,1.00
2016.06.10 13:45:55.978,9.32946,9.33149,1.00,1.00
2016.06.10 13:45:56.984,9.32949,9.33156,1.00,1.00
2016.06.10 13:45:57.085,9.32946,9.3315,1.00,1.00
2016.06.10 13:45:57.946,9.32945,9.3315,1.00,1.00
2016.06.10 13:45:57.997,9.32949,9.33156,1.00,1.00
2016.06.10 13:45:58.048,9.32956,9.33156,1.00,1.00
2016.06.10 13:45:58.352,9.32956,9.33156,1.00,1.57
2016.06.10 13:45:58.505,9.32948,9.33156,1.00,1.57
2016.06.10 13:45:58.607,9.32956,9.33156,1.00,1.07
2016.06.10 13:45:58.960,9.3295,9.33156,1.00,1.07
2016.06.10 13:45:59.012,9.32941,9.33149,1.00,1.00
2016.06.10 13:45:59.267,9.32946,9.33149,1.00,1.00
2016.06.10 13:45:59.597,9.32921,9.33084,1.00,1.07
2016.06.10 13:45:59.699,9.32866,9.33059,1.07,1.00
2016.06.10 13:45:59.750,9.32866,9.33059,1.00,1.00
2016.06.10 13:45:59.801,9.32846,9.33038,1.00,1.00
2016.06.10 13:46:00.117,9.32846,9.33038,1.00,1.37
2016.06.10 13:46:00.234,9.32816,9.33011,1.00,1.00
2016.06.10 13:46:00.339,9.32836,9.33032,1.00,1.00
2016.06.10 13:46:00.405,9.32839,9.33047,1.00,1.37
2016.06.10 13:46:00.711,9.32856,9.33039,1.00,1.37
2016.06.10 13:46:00.916,9.32846,9.3303,1.00,1.07
2016.06.10 13:46:01.120,9.32836,9.3303,1.00,1.07
2016.06.10 13:46:02.003,9.32846,9.3303,1.00,1.07
2016.06.10 13:46:02.456,9.32836,9.3303,1.00,1.07
2016.06.10 13:46:03.326,9.32836,9.33024,1.00,1.00
2016.06.10 13:46:03.630,9.32826,9.33016,1.00,1.10
2016.06.10 13:46:03.883,9.32836,9.33025,1.00,1.00
2016.06.10 13:46:04.431,9.32835,9.33025,1.00,1.00
2016.06.10 13:46:04.735,9.32846,9.33025,1.00,1.00
2016.06.10 13:46:04.836,9.32846,9.33033,1.00,1.00
2016.06.10 13:46:04.988,9.32856,9.33033,1.00,1.00
2016.06.10 13:46:05.039,9.32856,9.33041,1.00,1.00
2016.06.10 13:46:05.343,9.32856,9.33031,1.00,1.00
2016.06.10 13:46:05.967,9.32866,9.33051,1.00,1.00
2016.06.10 13:46:06.490,9.32876,9.33051,1.00,1.00
2016.06.10 13:46:06.867,9.32856,9.33051,1.00,1.00
2016.06.10 13:46:07.258,9.32856,9.3304,1.00,1.00
2016.06.10 13:46:07.462,9.32856,9.33048,1.00,1.00
2016.06.10 13:46:07.614,9.32865,9.33048,1.00,1.00
2016.06.10 13:46:07.715,9.32856,9.33048,1.00,1.00
2016.06.10 13:46:08.623,9.32856,9.3306,1.00,1.00
2016.06.10 13:46:08.725,9.32876,9.33071,1.00,1.00
2016.06.10 13:46:09.257,9.32876,9.33064,1.00,1.00
2016.06.10 13:46:09.552,9.32876,9.33073,1.00,1.00
2016.06.10 13:46:10.030,9.32876,9.33066,1.00,1.00
2016.06.10 13:46:10.132,9.32856,9.33066,1.50,1.00
2016.06.10 13:46:10.485,9.32866,9.33066,1.00,1.00
2016.06.10 13:46:11.330,9.32876,9.33066,1.00,1.00
2016.06.10 13:46:11.610,9.32845,9.33053,1.00,1.00
2016.06.10 13:46:11.863,9.32845,9.33044,1.00,1.00
2016.06.10 13:46:11.914,9.32836,9.33044,1.50,1.00
2016.06.10 13:46:12.067,9.32828,9.33036,1.00,1.00
2016.06.10 13:46:12.595,9.32805,9.33015,1.50,1.00
2016.06.10 13:46:13.141,9.32806,9.33015,1.00,1.00
2016.06.10 13:46:14.065,9.32816,9.33015,1.00,1.00
2016.06.10 13:46:14.119,9.32806,9.33015,1.00,1.00
2016.06.10 13:46:14.540,9.32816,9.33006,1.00,1.00
2016.06.10 13:46:15.772,9.32798,9.33006,1.00,1.00
2016.06.10 13:46:15.894,9.32816,9.33006,1.00,1.00
2016.06.10 13:46:16.878,9.32826,9.33029,1.00,1.00
2016.06.10 13:46:16.979,9.32836,9.33037,1.00,1.00
2016.06.10 13:46:17.335,9.32846,9.33036,1.00,1.00
2016.06.10 13:46:17.386,9.32846,9.33048,1.00,1.07
2016.06.10 13:46:17.705,9.32856,9.3304,1.00,1.00
2016.06.10 13:46:18.210,9.32866,9.3305,1.00,1.12
2016.06.10 13:46:18.311,9.32866,9.3305,1.00,1.00
2016.06.10 13:46:18.590,9.32866,9.33055,1.00,1.00
2016.06.10 13:46:19.299,9.32866,9.33047,1.00,1.00
2016.06.10 13:46:20.628,9.32856,9.33047,1.00,1.00
2016.06.10 13:46:20.730,9.32846,9.33047,1.00,1.00
2016.06.10 13:46:21.033,9.32839,9.33047,1.00,1.00
2016.06.10 13:46:21.084,9.32836,9.33039,1.00,1.00
2016.06.10 13:46:21.186,9.32831,9.33039,1.00,1.00
2016.06.10 13:46:21.758,9.32825,9.33033,1.50,1.00
2016.06.10 13:46:22.085,9.32836,9.33033,1.00,1.00
2016.06.10 13:46:22.680,9.32836,9.33023,1.00,1.00
2016.06.10 13:46:23.383,9.32836,9.33031,1.00,1.00
2016.06.10 13:46:23.484,9.32846,9.33039,1.00,1.07
2016.06.10 13:46:24.033,9.32856,9.33037,1.00,1.10
2016.06.10 13:46:25.979,9.32846,9.33044,1.00,1.07
2016.06.10 13:46:26.334,9.32836,9.33044,1.50,1.07
2016.06.10 13:46:26.660,9.32846,9.33044,1.00,1.07
2016.06.10 13:46:30.508,9.32856,9.33044,1.00,1.07
2016.06.10 13:46:30.610,9.32846,9.33044,1.00,1.07
2016.06.10 13:46:31.848,9.32846,9.33044,1.00,1.00
2016.06.10 13:46:32.291,9.32836,9.33044,1.50,1.00
2016.06.10 13:46:32.392,9.32836,9.33034,1.00,1.00
2016.06.10 13:46:32.950,9.32826,9.33034,1.50,1.00
2016.06.10 13:46:33.102,9.32826,9.33024,1.00,1.00
2016.06.10 13:46:33.933,9.32836,9.33032,1.00,1.00
2016.06.10 13:46:34.356,9.32846,9.33032,1.00,1.00
2016.06.10 13:46:34.484,9.32846,9.33044,1.00,1.07
2016.06.10 13:46:34.586,9.32846,9.33034,1.00,1.00
2016.06.10 13:46:35.775,9.32836,9.33034,1.00,1.00
2016.06.10 13:46:36.809,9.32826,9.33034,1.50,1.00
2016.06.10 13:46:37.027,9.32826,9.33025,1.00,1.00
2016.06.10 13:46:37.788,9.32817,9.33025,1.00,1.00
2016.06.10 13:46:37.839,9.32816,9.33018,1.00,1.00
2016.06.10 13:46:37.992,9.32806,9.3301,1.00,1.00
2016.06.10 13:46:38.631,9.32808,9.33016,1.00,1.00
2016.06.10 13:46:39.238,9.32806,9.33014,1.50,1.00
2016.06.10 13:46:39.542,9.32806,9.33005,1.00,1.00
2016.06.10 13:46:39.918,9.32806,9.33014,1.50,1.00
2016.06.10 13:46:39.968,9.32816,9.33014,1.00,1.00
2016.06.10 13:46:40.439,9.32816,9.33006,1.00,1.00
2016.06.10 13:46:41.228,9.32816,9.33015,1.00,1.00
2016.06.10 13:46:41.515,9.32807,9.33015,1.00,1.00
2016.06.10 13:46:41.832,9.32806,9.33005,1.00,1.00
2016.06.10 13:46:42.136,9.32808,9.33016,1.00,1.00
2016.06.10 13:46:42.238,9.32806,9.33004,1.00,1.00
2016.06.10 13:46:42.865,9.32806,9.33013,1.00,1.00
2016.06.10 13:46:43.253,9.32806,9.33004,1.00,1.00
2016.06.10 13:46:43.913,9.32806,9.33012,1.00,1.00
2016.06.10 13:46:44.296,9.32816,9.33012,1.00,1.00
2016.06.10 13:46:44.602,9.32799,9.32982,1.00,1.00
2016.06.10 13:46:44.754,9.32799,9.33002,1.00,1.07
2016.06.10 13:46:44.805,9.32836,9.33006,1.00,1.00
2016.06.10 13:46:44.856,9.32836,9.33015,1.00,1.00
2016.06.10 13:46:44.907,9.32826,9.33015,1.00,1.00
2016.06.10 13:46:44.958,9.32826,9.33008,1.00,1.00
2016.06.10 13:46:45.339,9.32826,9.33,1.00,1.00
2016.06.10 13:46:45.449,9.32826,9.3302,1.00,1.50
2016.06.10 13:46:45.601,9.32836,9.3302,1.00,1.00
2016.06.10 13:46:45.652,9.32836,9.33028,1.00,1.00
2016.06.10 13:46:45.955,9.32836,9.33018,1.00,1.00
2016.06.10 13:46:46.681,9.32846,9.33018,1.00,1.00
2016.06.10 13:46:46.733,9.32865,9.33049,1.00,1.00
2016.06.10 13:46:47.252,9.32866,9.33049,1.00,1.00
2016.06.10 13:46:47.629,9.32866,9.3306,1.00,1.07
2016.06.10 13:46:47.900,9.32876,9.3306,1.00,1.00
2016.06.10 13:46:48.356,9.32876,9.33067,1.00,1.00
2016.06.10 13:46:48.559,9.32886,9.33067,1.00,1.00
2016.06.10 13:46:49.530,9.32886,9.33079,1.00,1.00
2016.06.10 13:46:49.632,9.32895,9.33079,1.00,1.00
2016.06.10 13:46:50.154,9.32896,9.33079,1.00,1.00
2016.06.10 13:46:50.941,9.32896,9.33088,1.00,1.00
2016.06.10 13:46:51.145,9.32896,9.33079,1.00,1.00
2016.06.10 13:46:51.638,9.32896,9.3309,1.00,1.00
2016.06.10 13:46:51.739,9.32906,9.3309,1.00,1.00
2016.06.10 13:46:52.238,9.32906,9.33081,1.00,1.00
2016.06.10 13:46:52.651,9.32906,9.33091,1.00,1.00
2016.06.10 13:46:52.954,9.32906,9.33081,1.00,1.00
2016.06.10 13:46:53.671,9.32906,9.33094,1.00,1.00
2016.06.10 13:46:53.924,9.32896,9.33094,1.00,1.00
2016.06.10 13:46:53.975,9.32896,9.33086,1.00,1.00
2016.06.10 13:46:56.994,9.32896,9.33092,1.00,1.00
2016.06.10 13:46:57.602,9.32895,9.33092,1.00,1.00
2016.06.10 13:46:57.779,9.32906,9.33099,1.00,1.00
2016.06.10 13:46:58.242,9.32896,9.33099,1.00,1.00
2016.06.10 13:46:58.528,9.32906,9.33087,1.00,1.00
2016.06.10 13:46:58.579,9.32896,9.33087,1.00,1.00
2016.06.10 13:46:58.782,9.32896,9.33095,1.00,1.00
2016.06.10 13:46:59.843,9.32896,9.33103,1.00,1.00
2016.06.10 13:46:59.895,9.32906,9.33099,1.00,1.00
2016.06.10 13:47:00.002,9.32896,9.33091,1.00,1.00
2016.06.10 13:47:00.053,9.32896,9.33083,1.00,1.00
2016.06.10 13:47:02.067,9.32896,9.33092,1.00,1.00
2016.06.10 13:47:02.855,9.32896,9.33081,1.00,1.00
2016.06.10 13:47:03.193,9.32896,9.33088,1.00,1.00
2016.06.10 13:47:03.394,9.32896,9.33078,1.00,1.00
2016.06.10 13:47:04.496,9.32896,9.33092,1.00,1.00
2016.06.10 13:47:04.699,9.32906,9.33092,1.00,1.00
2016.06.10 13:47:04.952,9.32896,9.33084,1.00,1.00
2016.06.10 13:47:05.375,9.32905,9.33084,1.00,1.00
2016.06.10 13:47:05.476,9.32905,9.33096,1.00,1.00
2016.06.10 13:47:05.632,9.32915,9.33096,1.00,1.00
2016.06.10 13:47:06.417,9.32916,9.33096,1.00,1.00
2016.06.10 13:47:06.570,9.32916,9.33104,1.00,1.00
2016.06.10 13:47:06.671,9.32916,9.33112,1.00,1.00
2016.06.10 13:47:06.958,9.32926,9.33112,1.00,1.00
2016.06.10 13:47:07.596,9.32936,9.3312,1.00,1.00
2016.06.10 13:47:08.125,9.32945,9.3312,1.00,1.00
2016.06.10 13:47:08.176,9.32945,9.33128,1.00,1.00
2016.06.10 13:47:08.452,9.32945,9.33148,1.00,1.00
2016.06.10 13:47:08.503,9.32966,9.33156,1.00,1.00
2016.06.10 13:47:08.908,9.32966,9.33142,1.00,1.00
2016.06.10 13:47:09.211,9.32966,9.33155,1.00,1.00
2016.06.10 13:47:09.363,9.32976,9.33155,1.00,1.00
2016.06.10 13:47:09.464,9.32966,9.33155,1.00,1.00
2016.06.10 13:47:09.616,9.32966,9.33147,1.00,1.00
2016.06.10 13:47:10.495,9.32966,9.33083,1.00,1.00
2016.06.10 13:47:10.546,9.32946,9.33083,1.00,1.00
2016.06.10 13:47:10.647,9.32936,9.33083,1.07,1.00
2016.06.10 13:47:10.699,9.32936,9.33074,1.00,1.00
2016.06.10 13:47:11.282,9.32936,9.3309,1.00,1.00
2016.06.10 13:47:11.334,9.32926,9.3309,1.00,1.00
2016.06.10 13:47:11.517,9.32926,9.33083,1.00,1.00
2016.06.10 13:47:11.821,9.32926,9.33076,1.00,1.00
2016.06.10 13:47:12.922,9.32926,9.33084,1.00,1.00
2016.06.10 13:47:16.910,9.32916,9.33084,1.07,1.00
2016.06.10 13:47:17.061,9.32926,9.33084,1.00,1.00
2016.06.10 13:47:17.163,9.32916,9.33084,1.00,1.00
2016.06.10 13:47:17.214,9.32916,9.33075,1.00,1.00
2016.06.10 13:47:18.338,9.32896,9.33066,1.87,1.00
2016.06.10 13:47:18.389,9.32896,9.33066,1.00,1.00
2016.06.10 13:47:18.542,9.32896,9.33047,1.00,1.00
2016.06.10 13:47:18.858,9.32866,9.33007,1.00,1.00
2016.06.10 13:47:18.909,9.32846,9.32996,1.37,1.00
2016.06.10 13:47:18.960,9.32846,9.32996,1.00,1.00
2016.06.10 13:47:19.112,9.32836,9.32989,1.07,1.00
2016.06.10 13:47:19.163,9.32836,9.32989,1.00,1.00
2016.06.10 13:47:19.214,9.32836,9.33003,1.00,1.00
2016.06.10 13:47:19.417,9.32836,9.33011,1.00,1.00
2016.06.10 13:47:19.468,9.32846,9.33011,1.00,1.00
2016.06.10 13:47:19.672,9.32826,9.33003,1.07,1.00
2016.06.10 13:47:19.723,9.32826,9.32995,1.00,1.00
2016.06.10 13:47:20.359,9.32796,9.32964,1.00,1.00
2016.06.10 13:47:20.664,9.32796,9.32945,1.07,1.00
2016.06.10 13:47:20.716,9.32796,9.32945,1.00,1.00
2016.06.10 13:47:20.767,9.32786,9.32945,1.07,1.00
2016.06.10 13:47:20.920,9.32786,9.32936,1.07,1.00
2016.06.10 13:47:21.476,9.32776,9.32927,1.00,1.00
2016.06.10 13:47:21.683,9.32766,9.32927,1.00,1.00
2016.06.10 13:47:21.734,9.32766,9.32918,1.00,1.00
2016.06.10 13:47:21.785,9.32756,9.32918,1.07,1.00
2016.06.10 13:47:21.896,9.32756,9.32918,1.00,1.00
2016.06.10 13:47:21.947,9.32756,9.3291,1.00,1.00
2016.06.10 13:47:22.669,9.32756,9.32902,1.00,1.00
2016.06.10 13:47:22.720,9.32746,9.32902,1.07,1.00
2016.06.10 13:47:23.024,9.32746,9.32902,1.07,1.00
2016.06.10 13:47:23.654,9.32746,9.32894,1.07,1.00
2016.06.10 13:47:24.642,9.32746,9.32885,1.07,1.00
2016.06.10 13:47:25.604,9.32746,9.32893,1.07,1.00
2016.06.10 13:47:25.961,9.32746,9.32912,1.07,1.00
2016.06.10 13:47:26.062,9.32756,9.3292,1.00,1.00
2016.06.10 13:47:26.265,9.32756,9.32928,1.00,1.00
2016.06.10 13:47:26.897,9.32756,9.32936,1.00,1.00
2016.06.10 13:47:26.948,9.32745,9.32936,1.07,1.00
2016.06.10 13:47:27.049,9.32756,9.32936,1.00,1.00
2016.06.10 13:47:27.151,9.32746,9.32936,1.07,1.00
2016.06.10 13:47:27.253,9.32756,9.32929,1.00,1.00
2016.06.10 13:47:27.354,9.32756,9.32937,1.00,1.00
2016.06.10 13:47:27.456,9.32756,9.32928,1.00,1.00
2016.06.10 13:47:27.557,9.32756,9.32938,1.00,1.00
2016.06.10 13:47:28.371,9.32756,9.32939,1.00,1.00
2016.06.10 13:47:28.474,9.32745,9.32939,1.07,1.00
2016.06.10 13:47:28.577,9.32745,9.32922,1.07,1.00
2016.06.10 13:47:28.882,9.32745,9.32916,1.07,1.00
2016.06.10 13:47:29.248,9.32745,9.32908,1.07,1.00
2016.06.10 13:47:29.299,9.32745,9.32916,1.07,1.00
2016.06.10 13:47:29.671,9.32745,9.32908,1.07,1.00
2016.06.10 13:47:30.461,9.32745,9.32906,1.07,1.00
2016.06.10 13:47:30.673,9.32745,9.32914,1.07,1.00
2016.06.10 13:47:31.571,9.32745,9.32922,1.07,1.00
2016.06.10 13:47:31.965,9.32745,9.32914,1.07,1.00
2016.06.10 13:47:33.014,9.32746,9.32925,1.07,1.00
2016.06.10 13:47:33.174,9.32746,9.32915,1.07,1.00
2016.06.10 13:47:33.380,9.32746,9.32924,1.07,1.00
2016.06.10 13:47:33.739,9.32746,9.32916,1.37,1.00
2016.06.10 13:47:33.791,9.32746,9.32925,1.37,1.00
2016.06.10 13:47:34.094,9.32746,9.32915,1.37,1.00
2016.06.10 13:47:35.100,9.32745,9.32915,1.07,1.00
2016.06.10 13:47:35.480,9.32746,9.32923,1.07,1.00
2016.06.10 13:47:35.786,9.32745,9.32915,1.07,1.00
2016.06.10 13:47:37.769,9.32745,9.32922,1.07,1.00
2016.06.10 13:47:38.192,9.32745,9.32914,1.07,1.00
2016.06.10 13:47:38.797,9.32745,9.32922,1.07,1.00
2016.06.10 13:47:39.310,9.32745,9.32921,1.57,1.00
2016.06.10 13:47:41.121,9.32746,9.32929,1.07,1.00
2016.06.10 13:47:41.223,9.32746,9.32921,1.07,1.00
2016.06.10 13:47:41.550,9.32746,9.32911,1.07,1.00
2016.06.10 13:47:41.792,9.32746,9.32918,1.07,1.00
2016.06.10 13:47:42.734,9.32745,9.32931,1.57,1.00
2016.06.10 13:47:43.138,9.32746,9.32931,1.37,1.00
2016.06.10 13:47:44.913,9.32746,9.32939,1.37,1.00
2016.06.10 13:47:45.220,9.32745,9.32931,1.87,1.00
2016.06.10 13:47:45.915,9.32745,9.32923,1.37,1.00
2016.06.10 13:47:46.418,9.32745,9.32923,1.10,1.00
2016.06.10 13:47:46.722,9.32745,9.32931,1.10,1.00
2016.06.10 13:47:46.977,9.32745,9.32923,1.10,1.00
2016.06.10 13:47:47.129,9.32745,9.3293,1.10,1.00
2016.06.10 13:47:47.534,9.32746,9.3293,1.37,1.00
2016.06.10 13:47:48.135,9.32746,9.32951,1.37,1.00
2016.06.10 13:47:48.459,9.32751,9.32959,1.50,1.00
2016.06.10 13:47:48.510,9.32746,9.3295,1.75,1.00
2016.06.10 13:47:49.229,9.3275,9.32958,1.75,1.00
2016.06.10 13:47:49.280,9.3275,9.32958,1.87,1.00
2016.06.10 13:47:49.432,9.32745,9.3295,1.75,1.00
2016.06.10 13:47:50.119,9.32756,9.32958,1.37,1.00
2016.06.10 13:47:50.431,9.32756,9.32949,1.00,1.00
2016.06.10 13:47:50.953,9.32746,9.32949,1.37,1.00
2016.06.10 13:47:52.577,9.32749,9.32957,1.07,1.00
2016.06.10 13:47:52.730,9.32746,9.32949,1.37,1.00
2016.06.10 13:47:54.925,9.32776,9.32949,1.00,1.00
2016.06.10 13:47:54.976,9.32776,9.32982,1.00,1.00
2016.06.10 13:47:55.027,9.32782,9.32992,1.00,1.00
2016.06.10 13:47:55.128,9.32806,9.32992,1.00,1.00
2016.06.10 13:47:55.331,9.32816,9.33003,1.00,1.00
2016.06.10 13:47:55.535,9.32826,9.33013,1.00,1.37
2016.06.10 13:47:55.788,9.32835,9.33021,1.00,1.07
2016.06.10 13:47:55.890,9.32826,9.33021,1.00,1.00
2016.06.10 13:47:56.426,9.32836,9.33021,1.00,1.00
2016.06.10 13:47:56.942,9.32836,9.33043,1.00,1.75
2016.06.10 13:47:57.094,9.32846,9.33043,1.00,1.00
2016.06.10 13:47:57.246,9.32846,9.33051,1.00,1.00
2016.06.10 13:47:57.775,9.32852,9.3306,1.00,1.00
2016.06.10 13:47:57.877,9.32876,9.3306,1.00,1.00
2016.06.10 13:47:57.978,9.32876,9.33069,1.00,1.00
2016.06.10 13:47:59.717,9.32866,9.33069,1.00,1.00
2016.06.10 13:48:00.355,9.32865,9.33059,1.00,1.00
2016.06.10 13:48:01.542,9.32851,9.33051,1.00,1.00
2016.06.10 13:48:01.594,9.32843,9.33031,1.00,1.00
2016.06.10 13:48:01.696,9.32836,9.33031,1.00,1.00
2016.06.10 13:48:02.080,9.32836,9.33023,1.00,1.00
2016.06.10 13:48:02.131,9.32815,9.33023,1.07,1.00
2016.06.10 13:48:02.232,9.32826,9.33023,1.00,1.00
2016.06.10 13:48:02.486,9.32826,9.33034,1.50,1.00
2016.06.10 13:48:02.559,9.32836,9.33034,1.00,1.00
2016.06.10 13:48:03.148,9.32836,9.33043,1.00,1.00
2016.06.10 13:48:03.250,9.32846,9.3305,1.00,1.00
2016.06.10 13:48:03.820,9.32846,9.33042,1.00,1.00
2016.06.10 13:48:04.303,9.32845,9.33049,1.00,1.00
2016.06.10 13:48:04.354,9.32851,9.33059,1.00,1.00
2016.06.10 13:48:04.455,9.32856,9.33059,1.00,1.00
2016.06.10 13:48:04.760,9.32866,9.33072,1.00,1.37
2016.06.10 13:48:05.304,9.32896,9.33092,1.00,1.75
2016.06.10 13:48:05.355,9.32886,9.33092,1.00,1.75
2016.06.10 13:48:05.532,9.32884,9.33092,1.00,1.75
2016.06.10 13:48:05.633,9.32876,9.33084,1.50,1.37
2016.06.10 13:48:05.984,9.32886,9.33093,1.00,1.75
2016.06.10 13:48:06.136,9.32896,9.33101,1.00,1.75
2016.06.10 13:48:06.465,9.32877,9.33085,1.00,1.00
2016.06.10 13:48:06.987,9.32886,9.33085,1.00,1.00
2016.06.10 13:48:07.291,9.32886,9.33076,1.00,1.00
2016.06.10 13:48:08.655,9.32876,9.33076,1.00,1.00
2016.06.10 13:48:09.382,9.32868,9.33076,1.00,1.00
2016.06.10 13:48:09.584,9.32865,9.33066,1.00,1.00
2016.06.10 13:48:09.737,9.32858,9.33066,1.00,1.00
2016.06.10 13:48:09.788,9.32856,9.33056,1.00,1.00
2016.06.10 13:48:09.944,9.32848,9.33056,1.07,1.00
2016.06.10 13:48:11.481,9.32846,9.33048,1.07,1.00
2016.06.10 13:48:12.010,9.32856,9.33048,1.00,1.00
2016.06.10 13:48:13.602,9.32846,9.33048,1.07,1.00
2016.06.10 13:48:15.104,9.32846,9.33035,1.07,1.00
2016.06.10 13:48:15.155,9.32846,9.33035,1.00,1.00
2016.06.10 13:48:15.510,9.32862,9.33035,1.00,1.00
2016.06.10 13:48:16.115,9.32846,9.33035,1.00,1.00
2016.06.10 13:48:16.668,9.32846,9.33027,1.00,1.00
2016.06.10 13:48:17.212,9.32861,9.33027,1.00,1.00
2016.06.10 13:48:17.474,9.3284,9.33027,1.00,1.00
2016.06.10 13:48:17.525,9.3284,9.33019,1.00,1.00
2016.06.10 13:48:17.677,9.3284,9.3303,1.00,1.00
2016.06.10 13:48:17.779,9.32846,9.33046,1.00,1.00
2016.06.10 13:48:17.830,9.32862,9.33046,1.00,1.00
2016.06.10 13:48:18.135,9.32862,9.33037,1.00,1.00
2016.06.10 13:48:18.597,9.32862,9.33027,1.00,1.00
2016.06.10 13:48:18.648,9.3284,9.33027,1.00,1.00
2016.06.10 13:48:20.278,9.32862,9.33027,1.00,1.00
2016.06.10 13:48:20.715,9.32862,9.33036,1.00,1.00
2016.06.10 13:48:24.788,9.32862,9.33014,1.00,1.00
2016.06.10 13:48:24.890,9.32862,9.33036,1.00,1.00
2016.06.10 13:48:25.190,9.3284,9.33026,1.00,1.00
2016.06.10 13:48:26.028,9.3284,9.33034,1.00,1.00
2016.06.10 13:48:26.079,9.32862,9.33034,1.00,1.00
2016.06.10 13:48:26.612,9.3284,9.33034,1.00,1.00
2016.06.10 13:48:27.466,9.3284,9.32999,1.00,1.00
2016.06.10 13:48:27.517,9.3284,9.33018,1.00,1.00
2016.06.10 13:48:27.806,9.32846,9.33046,1.00,1.00
2016.06.10 13:48:27.875,9.32856,9.33046,1.00,1.00
2016.06.10 13:48:28.033,9.32856,9.33059,1.00,1.00
2016.06.10 13:48:28.084,9.32866,9.33059,1.00,1.00
2016.06.10 13:48:28.135,9.32866,9.33067,1.00,1.00
2016.06.10 13:48:28.237,9.32876,9.33067,1.00,1.00
2016.06.10 13:48:28.930,9.32885,9.33075,1.00,1.07
2016.06.10 13:48:28.981,9.32867,9.33075,1.00,1.07
2016.06.10 13:48:29.185,9.32876,9.33075,1.00,1.07
2016.06.10 13:48:29.489,9.32885,9.33075,1.00,1.07
2016.06.10 13:48:29.963,9.32885,9.33067,1.00,1.00
2016.06.10 13:48:30.014,9.32885,9.33075,1.00,1.07
2016.06.10 13:48:34.473,9.32876,9.33075,1.00,1.07
2016.06.10 13:48:34.625,9.32876,9.33067,1.00,1.00
2016.06.10 13:48:35.427,9.32876,9.33075,1.00,1.07
2016.06.10 13:48:36.452,9.32885,9.33075,1.00,1.07
2016.06.10 13:48:40.429,9.32885,9.33082,1.00,1.12
2016.06.10 13:48:40.842,9.32896,9.33089,1.00,1.37
2016.06.10 13:48:40.994,9.32896,9.33089,1.00,1.07
2016.06.10 13:48:41.096,9.32906,9.33097,1.00,1.00
2016.06.10 13:48:41.197,9.32916,9.33097,1.00,1.00
2016.06.10 13:48:41.634,9.32916,9.33106,1.00,1.00
2016.06.10 13:48:41.906,9.32916,9.33114,1.00,1.00
2016.06.10 13:48:41.957,9.32936,9.33114,1.00,1.00
2016.06.10 13:48:42.261,9.32946,9.33133,1.00,1.00
2016.06.10 13:48:42.312,9.32956,9.33133,1.00,1.00
2016.06.10 13:48:42.464,9.32956,9.3314,1.10,1.00
2016.06.10 13:48:42.515,9.32966,9.3314,1.00,1.00
2016.06.10 13:48:42.567,9.32966,9.33149,1.00,1.00
2016.06.10 13:48:42.669,9.32966,9.33157,1.00,1.00
2016.06.10 13:48:42.771,9.32966,9.33148,1.00,1.00
2016.06.10 13:48:42.872,9.32966,9.33159,1.12,1.00
2016.06.10 13:48:43.208,9.32986,9.33166,1.00,1.00
2016.06.10 13:48:43.526,9.32996,9.33175,1.00,1.00
2016.06.10 13:48:43.779,9.32996,9.33184,1.00,1.00
2016.06.10 13:48:44.038,9.33005,9.33184,1.00,1.00
2016.06.10 13:48:44.140,9.32996,9.33195,1.00,1.07
2016.06.10 13:48:44.458,9.32996,9.33203,1.10,1.00
2016.06.10 13:48:44.852,9.33006,9.3321,1.00,1.00
2016.06.10 13:48:45.380,9.33016,9.3321,1.00,1.00
2016.06.10 13:48:45.482,9.33016,9.33214,1.00,1.07
2016.06.10 13:48:46.370,9.33016,9.33219,1.00,1.00
2016.06.10 13:48:46.471,9.33019,9.33227,1.00,1.07
2016.06.10 13:48:46.573,9.33035,9.33227,1.00,1.07
2016.06.10 13:48:46.826,9.33046,9.33239,1.00,1.00
2016.06.10 13:48:46.927,9.33046,9.33251,1.00,1.37
2016.06.10 13:48:47.702,9.33056,9.3325,1.00,1.37
2016.06.10 13:48:47.878,9.33046,9.3325,1.00,1.37
2016.06.10 13:48:47.929,9.33046,9.3325,1.00,1.00
2016.06.10 13:48:48.098,9.33056,9.3325,1.00,1.00
2016.06.10 13:48:50.302,9.33056,9.33242,1.00,1.00
2016.06.10 13:48:50.956,9.33056,9.33249,1.00,1.00
2016.06.10 13:48:54.716,9.33046,9.33249,1.00,1.00
2016.06.10 13:48:58.600,9.33046,9.33245,1.00,1.00
2016.06.10 13:48:59.207,9.33046,9.33252,1.00,1.07
2016.06.10 13:48:59.728,9.33052,9.33255,1.00,1.00
2016.06.10 13:49:00.029,9.33056,9.33255,1.00,1.00
2016.06.10 13:49:01.210,9.33056,9.33251,1.00,1.00
2016.06.10 13:49:01.544,9.33046,9.33251,1.00,1.00
2016.06.10 13:49:01.659,9.33046,9.33251,1.00,1.37
2016.06.10 13:49:01.761,9.33043,9.33251,1.00,1.37
2016.06.10 13:49:02.094,9.33036,9.33242,1.00,1.07
2016.06.10 13:49:02.317,9.33036,9.33242,1.00,1.37
2016.06.10 13:49:02.664,9.33041,9.33249,1.00,1.75
2016.06.10 13:49:09.539,9.33033,9.33241,1.00,1.37
2016.06.10 13:49:09.590,9.33036,9.33241,1.00,1.37
2016.06.10 13:49:09.907,9.33033,9.33241,1.00,1.37
2016.06.10 13:49:10.320,9.33036,9.33241,1.00,1.37
2016.06.10 13:49:11.857,9.33035,9.33241,1.00,1.37
2016.06.10 13:49:12.392,9.33036,9.33241,1.00,1.37
2016.06.10 13:49:13.861,9.33033,9.33241,1.00,1.37
2016.06.10 13:49:20.846,9.33033,9.33241,1.00,1.07
2016.06.10 13:49:20.999,9.33036,9.33241,1.00,1.07
2016.06.10 13:49:22.548,9.33036,9.33229,1.00,1.00
2016.06.10 13:49:23.028,9.33025,9.3322,1.07,1.00
2016.06.10 13:49:24.184,9.33025,9.33231,1.07,1.00
2016.06.10 13:49:24.872,9.33026,9.33221,1.07,1.00
2016.06.10 13:49:27.025,9.33016,9.33221,1.00,1.07
2016.06.10 13:49:27.081,9.33026,9.33221,1.00,1.07
2016.06.10 13:49:30.877,9.33025,9.33221,1.00,1.07
2016.06.10 13:49:31.535,9.33026,9.33221,1.00,1.07
2016.06.10 13:49:32.156,9.33026,9.33221,1.00,1.00
2016.06.10 13:49:32.679,9.33025,9.33221,1.00,1.00
2016.06.10 13:49:32.781,9.33015,9.33221,1.10,1.00
2016.06.10 13:49:35.128,9.33013,9.33204,1.07,1.00
2016.06.10 13:49:37.006,9.32989,9.33197,1.00,1.00
2016.06.10 13:49:37.057,9.32989,9.33175,1.00,1.00
2016.06.10 13:49:37.111,9.32982,9.33175,1.07,1.00
2016.06.10 13:49:37.213,9.32982,9.33154,1.00,1.00
2016.06.10 13:49:37.315,9.32974,9.33154,1.00,1.00
2016.06.10 13:49:37.634,9.32979,9.33154,1.00,1.00
2016.06.10 13:49:37.685,9.3297,9.33154,1.10,1.00
2016.06.10 13:49:40.810,9.32973,9.33154,1.00,1.00
2016.06.10 13:49:41.013,9.32966,9.33164,1.07,1.00
2016.06.10 13:49:41.114,9.32949,9.33148,1.75,1.00
2016.06.10 13:49:41.418,9.32946,9.33113,1.37,1.00
2016.06.10 13:49:41.519,9.32946,9.33122,1.37,1.00
2016.06.10 13:49:41.775,9.32946,9.33123,1.07,1.00
2016.06.10 13:49:41.826,9.32946,9.33104,1.00,1.00
2016.06.10 13:49:41.877,9.32926,9.33104,1.37,1.00
2016.06.10 13:49:41.928,9.32926,9.33094,1.00,1.00
2016.06.10 13:49:42.231,9.32916,9.33084,1.00,1.00
2016.06.10 13:49:42.383,9.32884,9.33074,1.37,1.00
2016.06.10 13:49:42.485,9.32866,9.33064,2.25,1.00
2016.06.10 13:49:42.637,9.32866,9.33038,1.75,1.00
2016.06.10 13:49:43.264,9.32866,9.32988,1.75,1.00
2016.06.10 13:49:43.316,9.3282,9.32988,1.37,1.00
2016.06.10 13:49:43.367,9.3282,9.32988,1.37,1.00
2016.06.10 13:49:43.418,9.3282,9.32996,1.37,1.00
2016.06.10 13:49:43.622,9.32816,9.32988,1.37,1.00
2016.06.10 13:49:45.152,9.3278,9.32988,1.75,1.00
2016.06.10 13:49:45.253,9.3278,9.32988,1.75,1.00
2016.06.10 13:49:45.576,9.32783,9.3298,1.75,1.00
2016.06.10 13:49:45.901,9.32778,9.3298,1.75,1.00
2016.06.10 13:49:46.306,9.32782,9.3299,1.75,1.00
2016.06.10 13:49:47.688,9.32782,9.3299,1.75,1.00
2016.06.10 13:49:49.189,9.32782,9.32964,1.75,1.00
2016.06.10 13:49:49.514,9.32778,9.32982,1.75,1.00
2016.06.10 13:49:49.582,9.32778,9.32982,1.75,1.00
2016.06.10 13:49:50.244,9.32783,9.32991,1.75,1.00
2016.06.10 13:49:50.797,9.32783,9.32984,1.75,1.00
2016.06.10 13:49:51.143,9.32783,9.32991,1.75,1.00
2016.06.10 13:49:52.035,9.32792,9.32994,1.37,1.00
2016.06.10 13:49:52.517,9.32784,9.32992,1.50,1.00
2016.06.10 13:49:53.852,9.32778,9.32984,1.75,1.00
2016.06.10 13:49:54.055,9.32787,9.32994,1.37,1.00
2016.06.10 13:49:55.127,9.32779,9.32987,1.75,1.00
2016.06.10 13:49:56.557,9.32787,9.32994,1.37,1.00
2016.06.10 13:49:56.658,9.32794,9.33004,1.37,1.50
2016.06.10 13:49:57.107,9.32794,9.33004,1.75,1.50
2016.06.10 13:49:57.563,9.32784,9.32992,1.75,1.00
2016.06.10 13:49:57.955,9.32779,9.32984,1.75,1.00
2016.06.10 13:49:58.663,9.32781,9.32989,1.75,1.00
2016.06.10 13:49:59.456,9.32787,9.32995,1.75,1.50
2016.06.10 13:50:00.183,9.32787,9.32994,1.75,1.00
2016.06.10 13:50:00.670,9.32779,9.32986,1.75,1.00
2016.06.10 13:50:00.969,9.32786,9.32994,1.75,1.00
2016.06.10 13:50:03.880,9.32779,9.32985,1.75,1.00
2016.06.10 13:50:04.415,9.32779,9.32984,1.75,1.00
2016.06.10 13:50:05.484,9.32779,9.32985,1.75,1.50
2016.06.10 13:50:06.236,9.32779,9.32984,1.75,1.00
2016.06.10 13:50:07.489,9.32779,9.32978,1.75,1.00
2016.06.10 13:50:07.540,9.32779,9.32978,1.75,1.00
2016.06.10 13:50:07.591,9.32779,9.3297,1.75,1.00
2016.06.10 13:50:08.283,9.32766,9.32895,1.00,1.00
2016.06.10 13:50:08.824,9.32766,9.32894,1.00,1.00
2016.06.10 13:50:09.093,9.32685,9.32895,1.75,1.00
2016.06.10 13:50:09.195,9.32676,9.32886,1.75,1.00
2016.06.10 13:50:09.246,9.32676,9.32884,1.75,1.00
2016.06.10 13:50:09.596,9.32656,9.32844,1.75,1.00
2016.06.10 13:50:09.901,9.32693,9.32844,1.00,1.00
2016.06.10 13:50:09.961,9.32693,9.32863,1.37,1.00
2016.06.10 13:50:10.012,9.32693,9.32874,1.37,1.00
2016.06.10 13:50:10.063,9.32708,9.32874,1.12,1.00
2016.06.10 13:50:10.216,9.32728,9.32894,1.00,1.00
2016.06.10 13:50:10.318,9.32728,9.32901,1.00,1.00
2016.06.10 13:50:10.420,9.32728,9.32874,1.00,1.00
2016.06.10 13:50:10.739,9.32728,9.32914,1.75,1.00
2016.06.10 13:50:10.841,9.32737,9.32924,1.75,1.00
2016.06.10 13:50:10.943,9.32737,9.32924,1.75,1.00
2016.06.10 13:50:11.179,9.32747,9.32934,1.75,1.00
2016.06.10 13:50:11.382,9.32775,9.32964,1.37,1.00
2016.06.10 13:50:11.687,9.32782,9.32983,1.37,1.00
2016.06.10 13:50:11.738,9.32802,9.32984,1.37,1.00
2016.06.10 13:50:12.278,9.32821,9.32984,1.00,1.00
2016.06.10 13:50:12.703,9.32821,9.32974,1.00,1.00
2016.06.10 13:50:13.032,9.32821,9.32984,1.37,1.00
2016.06.10 13:50:13.363,9.32821,9.32995,1.37,1.00
2016.06.10 13:50:16.793,9.32824,9.32994,1.12,1.00
2016.06.10 13:50:17.481,9.32824,9.32995,1.12,1.00
2016.06.10 13:50:18.535,9.32824,9.32994,1.12,1.00
2016.06.10 13:50:21.059,9.32824,9.32984,1.12,1.00
2016.06.10 13:50:22.692,9.32837,9.33014,1.07,1.00
2016.06.10 13:50:22.744,9.32846,9.33024,1.50,1.00
2016.06.10 13:50:22.845,9.32846,9.33034,1.87,1.00
2016.06.10 13:50:23.346,9.32854,9.33035,1.00,1.00
2016.06.10 13:50:23.499,9.32854,9.33044,1.00,1.00
2016.06.10 13:50:23.948,9.32854,9.33044,1.37,1.00
2016.06.10 13:50:24.151,9.32862,9.33055,1.07,1.00
2016.06.10 13:50:24.253,9.32875,9.33064,1.07,1.00
2016.06.10 13:50:25.428,9.32875,9.33064,1.07,1.00
2016.06.10 13:50:26.556,9.32875,9.33064,1.07,1.00
2016.06.10 13:50:26.609,9.32875,9.33054,1.07,1.00
2016.06.10 13:50:26.913,9.32887,9.33064,1.75,1.00
2016.06.10 13:50:27.219,9.32907,9.33084,1.00,1.00
2016.06.10 13:50:27.371,9.32907,9.33054,1.00,1.00
2016.06.10 13:50:27.604,9.32907,9.33104,1.00,1.00
2016.06.10 13:50:27.655,9.32917,9.33104,1.00,1.00
2016.06.10 13:50:29.149,9.32909,9.33104,1.00,1.00
2016.06.10 13:50:31.855,9.32917,9.33104,1.00,1.00
2016.06.10 13:50:32.229,9.32917,9.33114,1.00,1.07
2016.06.10 13:50:32.280,9.32917,9.33104,1.00,1.00
2016.06.10 13:50:33.357,9.32944,9.33144,1.07,1.00
2016.06.10 13:50:33.408,9.32944,9.33154,1.75,1.00
2016.06.10 13:50:33.510,9.32946,9.33174,1.75,1.00
2016.06.10 13:50:33.612,9.32966,9.33194,1.37,1.10
2016.06.10 13:50:33.713,9.32976,9.33204,1.75,1.00
2016.06.10 13:50:33.967,9.32986,9.33214,1.75,1.12
2016.06.10 13:50:34.412,9.32986,9.33214,1.75,1.00
2016.06.10 13:50:34.719,9.32996,9.33224,1.75,1.00
2016.06.10 13:50:36.618,9.33021,9.33234,1.07,1.00
2016.06.10 13:50:36.670,9.33021,9.33234,1.75,1.00
2016.06.10 13:50:36.721,9.33021,9.33244,1.75,1.00
2016.06.10 13:50:36.823,9.33026,9.33254,1.75,1.00
2016.06.10 13:50:37.244,9.33036,9.33264,1.75,1.75
2016.06.10 13:50:39.540,9.33036,9.33264,1.75,1.00
2016.06.10 13:50:39.844,9.33039,9.33264,1.75,1.00
2016.06.10 13:50:40.183,9.33066,9.33294,1.75,1.12
2016.06.10 13:50:41.979,9.33094,9.33294,1.37,1.00
2016.06.10 13:50:42.760,9.33094,9.33294,1.07,1.12
2016.06.10 13:50:46.696,9.33096,9.33314,1.75,1.00
2016.06.10 13:50:46.797,9.33126,9.33344,1.37,1.07
2016.06.10 13:50:46.899,9.33142,9.33354,1.37,1.00
2016.06.10 13:50:46.950,9.33146,9.33359,1.37,1.00
2016.06.10 13:50:47.001,9.33146,9.33374,1.37,1.00
2016.06.10 13:50:47.053,9.33166,9.33379,1.07,1.00
2016.06.10 13:50:47.103,9.33166,9.33394,1.07,1.00
2016.06.10 13:50:47.154,9.33185,9.33401,1.50,1.00
2016.06.10 13:50:47.205,9.33188,9.33415,1.37,1.00
2016.06.10 13:50:47.256,9.33216,9.33422,1.00,1.00
2016.06.10 13:50:47.307,9.33216,9.33442,1.00,1.00
2016.06.10 13:50:47.358,9.33225,9.33455,1.10,1.37
2016.06.10 13:50:47.460,9.33236,9.33464,1.00,1.50
2016.06.10 13:50:47.587,9.33236,9.33464,1.37,1.50
2016.06.10 13:50:53.089,9.33236,9.33463,1.37,1.00
2016.06.10 13:50:53.430,9.33226,9.33454,1.75,1.50
2016.06.10 13:50:54.157,9.33226,9.33454,1.07,1.50
2016.06.10 13:50:55.094,9.33236,9.33463,1.00,1.00
2016.06.10 13:50:55.195,9.33246,9.33463,1.00,1.00
2016.06.10 13:50:56.556,9.33246,9.33474,1.00,1.37
2016.06.10 13:50:56.859,9.33223,9.33444,1.12,1.00
2016.06.10 13:50:57.572,9.33223,9.33444,1.75,1.00
2016.06.10 13:51:02.632,9.33246,9.33444,1.00,1.00
2016.06.10 13:51:02.961,9.33242,9.33464,1.75,1.00
2016.06.10 13:51:03.864,9.33242,9.33454,1.75,1.00
2016.06.10 13:51:04.315,9.33271,9.33454,1.00,1.00
2016.06.10 13:51:04.366,9.33248,9.33454,1.75,1.00
2016.06.10 13:51:05.922,9.33227,9.33445,1.75,1.00
2016.06.10 13:51:06.487,9.33227,9.33444,1.75,1.00
2016.06.10 13:51:09.714,9.33227,9.33454,1.75,1.00
2016.06.10 13:51:09.815,9.33227,9.33444,1.75,1.00
2016.06.10 13:51:09.917,9.33227,9.33454,1.75,1.00
2016.06.10 13:51:10.018,9.33227,9.33444,1.75,1.00
2016.06.10 13:51:11.663,9.33249,9.33454,1.75,1.00
2016.06.10 13:51:11.815,9.33249,9.33444,1.75,1.00
2016.06.10 13:51:12.555,9.33227,9.33454,1.75,1.00
2016.06.10 13:51:12.656,9.33227,9.33444,1.75,1.00
2016.06.10 13:51:13.304,9.33227,9.33454,1.75,1.00
2016.06.10 13:51:13.464,9.33227,9.33444,1.75,1.00
2016.06.10 13:51:13.865,9.33227,9.33454,1.75,1.00
2016.06.10 13:51:14.634,9.33227,9.33444,1.75,1.00
2016.06.10 13:51:14.887,9.33227,9.33454,1.75,1.00
2016.06.10 13:51:14.988,9.33236,9.33464,1.75,1.00
2016.06.10 13:51:15.191,9.33236,9.33464,1.75,1.00
2016.06.10 13:51:17.633,9.33227,9.33454,1.75,1.00
2016.06.10 13:51:17.948,9.33236,9.33464,1.75,1.00
2016.06.10 13:51:18.387,9.33236,9.33464,1.75,1.00
2016.06.10 13:51:19.108,9.33196,9.33383,1.00,1.00
2016.06.10 13:51:19.260,9.33116,9.33324,1.37,1.00
2016.06.10 13:51:19.362,9.33116,9.33344,1.87,1.00
2016.06.10 13:51:19.464,9.33134,9.33344,1.50,1.00
2016.06.10 13:51:19.514,9.33136,9.33364,1.37,1.00
2016.06.10 13:51:19.565,9.33161,9.33364,1.00,1.00
2016.06.10 13:51:19.616,9.33161,9.33384,1.00,1.00
2016.06.10 13:51:19.667,9.33182,9.33384,1.00,1.00
2016.06.10 13:51:19.718,9.33182,9.33404,1.00,1.00
2016.06.10 13:51:19.819,9.33186,9.33414,1.37,1.00
2016.06.10 13:51:19.971,9.33206,9.33434,1.00,1.57
2016.06.10 13:51:20.256,9.33236,9.33437,1.00,1.00
2016.06.10 13:51:20.510,9.33216,9.33437,1.00,1.50
2016.06.10 13:51:20.611,9.33225,9.33437,1.00,1.50
2016.06.10 13:51:20.915,9.33225,9.33437,1.00,1.57
2016.06.10 13:51:21.666,9.33172,9.33306,1.00,1.00
2016.06.10 13:51:21.719,9.33116,9.33315,1.00,1.00
2016.06.10 13:51:21.770,9.33107,9.33315,1.00,1.00
2016.06.10 13:51:21.923,9.33096,9.33301,1.50,1.00
2016.06.10 13:51:22.075,9.33086,9.33293,1.00,1.00
2016.06.10 13:51:22.177,9.33077,9.33285,1.07,1.00
2016.06.10 13:51:22.228,9.33077,9.33285,1.00,1.00
2016.06.10 13:51:22.279,9.33057,9.33261,1.07,1.00
2016.06.10 13:51:22.330,9.33056,9.33261,1.00,1.00
2016.06.10 13:51:22.381,9.33043,9.33251,1.07,1.00
2016.06.10 13:51:22.483,9.33036,9.33228,1.00,1.00
2016.06.10 13:51:22.642,9.3302,9.3322,1.07,1.00
2016.06.10 13:51:22.914,9.3302,9.33228,1.50,1.00
2016.06.10 13:51:23.220,9.3302,9.33218,1.00,1.00
2016.06.10 13:51:23.372,9.33006,9.33208,1.00,1.00
2016.06.10 13:51:23.474,9.33,9.33208,1.00,1.00
2016.06.10 13:51:23.627,9.32996,9.332,1.00,1.00
2016.06.10 13:51:23.951,9.32984,9.33183,1.00,1.00
2016.06.10 13:51:24.259,9.32984,9.3316,1.00,1.00
2016.06.10 13:51:24.310,9.32952,9.3316,1.07,1.00
2016.06.10 13:51:24.594,9.32956,9.3316,1.00,1.00
2016.06.10 13:51:25.039,9.32946,9.33148,1.00,1.00
2016.06.10 13:51:25.516,9.32946,9.3314,1.00,1.00
2016.06.10 13:51:25.617,9.32932,9.3314,1.00,1.00
2016.06.10 13:51:25.719,9.32924,9.33132,1.00,1.00
2016.06.10 13:51:26.022,9.32926,9.33098,1.00,1.00
2016.06.10 13:51:26.124,9.32926,9.33108,1.00,1.00
2016.06.10 13:51:26.602,9.32926,9.33118,1.00,1.00
2016.06.10 13:51:26.703,9.32946,9.33118,1.00,1.00
2016.06.10 13:51:26.805,9.32936,9.33126,1.00,1.00
2016.06.10 13:51:26.906,9.32926,9.33123,1.00,1.00
2016.06.10 13:51:27.115,9.32935,9.33123,1.00,1.00
2016.06.10 13:51:27.617,9.32956,9.33134,1.00,1.00
2016.06.10 13:51:27.952,9.32946,9.33124,1.00,1.00
2016.06.10 13:51:32.157,9.32935,9.33124,1.00,1.00
2016.06.10 13:51:32.412,9.32935,9.3312,1.00,1.00
2016.06.10 13:51:33.153,9.32936,9.3312,1.00,1.00
2016.06.10 13:51:33.743,9.32935,9.3312,1.00,1.00
2016.06.10 13:51:34.936,9.32936,9.3312,1.00,1.00
2016.06.10 13:51:38.642,9.32936,9.33118,1.00,1.00
2016.06.10 13:51:40.637,9.32926,9.33118,1.00,1.00
2016.06.10 13:51:40.890,9.32935,9.33118,1.00,1.00
2016.06.10 13:51:41.455,9.32936,9.33118,1.00,1.00
2016.06.10 13:51:43.599,9.32935,9.33118,1.00,1.00
2016.06.10 13:51:45.383,9.32926,9.33118,1.00,1.00
2016.06.10 13:51:46.462,9.32916,9.33118,1.00,1.00
2016.06.10 13:51:46.567,9.32926,9.33118,1.00,1.00
2016.06.10 13:51:46.872,9.32935,9.33118,1.00,1.00
2016.06.10 13:51:47.623,9.32935,9.33109,1.00,1.00
2016.06.10 13:51:48.079,9.32935,9.33118,1.00,1.00
2016.06.10 13:51:48.360,9.32926,9.33118,1.00,1.00
2016.06.10 13:51:49.015,9.32935,9.33118,1.00,1.00
2016.06.10 13:51:49.363,9.32926,9.33118,1.00,1.00
2016.06.10 13:51:49.566,9.32936,9.33118,1.00,1.00
2016.06.10 13:51:50.313,9.32916,9.33118,1.00,1.07
2016.06.10 13:51:50.415,9.32916,9.33106,1.00,1.00
2016.06.10 13:51:50.566,9.32896,9.33087,1.00,1.00
2016.06.10 13:51:50.668,9.32896,9.33075,1.00,1.00
2016.06.10 13:51:50.973,9.32896,9.33085,1.00,1.00
2016.06.10 13:51:51.559,9.32876,9.33072,1.00,1.00
2016.06.10 13:51:51.660,9.32866,9.33062,1.00,1.00
2016.06.10 13:51:51.762,9.32856,9.33056,1.00,1.00
2016.06.10 13:51:51.863,9.32846,9.33046,1.00,1.00
2016.06.10 13:51:52.168,9.32836,9.33006,1.00,1.00
2016.06.10 13:51:52.320,9.32816,9.33006,1.00,1.00
2016.06.10 13:51:53.095,9.32816,9.32992,1.00,1.00
2016.06.10 13:51:53.196,9.32806,9.32989,1.00,1.00
2016.06.10 13:51:53.399,9.32796,9.32989,1.00,1.00
2016.06.10 13:51:53.500,9.32786,9.32989,1.00,1.00
2016.06.10 13:51:54.098,9.32786,9.32971,1.00,1.00
2016.06.10 13:51:54.200,9.32776,9.32971,1.00,1.00
2016.06.10 13:51:54.302,9.32766,9.3296,1.00,1.00
2016.06.10 13:51:55.409,9.32775,9.3296,1.00,1.00
2016.06.10 13:51:55.935,9.32776,9.3296,1.00,1.00
2016.06.10 13:51:56.268,9.32766,9.32955,1.00,1.00
2016.06.10 13:51:56.472,9.32776,9.32955,1.00,1.00
2016.06.10 13:51:56.796,9.32766,9.32955,1.00,1.00
2016.06.10 13:51:57.334,9.32765,9.32955,1.00,1.00
2016.06.10 13:51:57.914,9.32766,9.32955,1.00,1.00
2016.06.10 13:51:58.588,9.32766,9.32953,1.00,1.00
2016.06.10 13:52:01.918,9.32766,9.32949,1.00,1.00
2016.06.10 13:52:03.200,9.32766,9.32961,1.00,1.00
2016.06.10 13:52:03.739,9.32766,9.32949,1.00,1.00
2016.06.10 13:52:04.506,9.32755,9.32949,1.00,1.00
2016.06.10 13:52:04.709,9.32756,9.32937,1.00,1.00
2016.06.10 13:52:04.861,9.32746,9.32937,1.00,1.00
2016.06.10 13:52:04.963,9.32736,9.32937,1.00,1.07
2016.06.10 13:52:05.224,9.32726,9.32913,1.00,1.00
2016.06.10 13:52:05.275,9.32716,9.32913,1.00,1.00
2016.06.10 13:52:05.427,9.32716,9.32901,1.00,1.00
2016.06.10 13:52:05.691,9.32706,9.32901,1.00,1.00
2016.06.10 13:52:05.792,9.32706,9.32914,1.00,1.00
2016.06.10 13:52:05.944,9.32716,9.32914,1.00,1.00
2016.06.10 13:52:06.456,9.32716,9.32902,1.00,1.00
2016.06.10 13:52:06.507,9.32706,9.32902,1.00,1.00
2016.06.10 13:52:06.609,9.32696,9.32902,1.00,1.00
2016.06.10 13:52:06.710,9.32696,9.3289,1.00,1.00
2016.06.10 13:52:06.812,9.32686,9.3289,1.00,1.00
2016.06.10 13:52:07.217,9.32686,9.32873,1.00,1.00
2016.06.10 13:52:07.806,9.32676,9.32873,1.00,1.00
2016.06.10 13:52:08.060,9.32666,9.32873,1.00,1.00
2016.06.10 13:52:08.467,9.32676,9.32873,1.00,1.00
2016.06.10 13:52:08.797,9.32676,9.32862,1.00,1.00
2016.06.10 13:52:08.898,9.32676,9.32873,1.00,1.00
2016.06.10 13:52:09.483,9.32666,9.32873,1.00,1.00
2016.06.10 13:52:09.534,9.32666,9.32862,1.00,1.00
2016.06.10 13:52:10.687,9.32665,9.32862,1.00,1.00
2016.06.10 13:52:12.116,9.32656,9.32862,1.00,1.00
2016.06.10 13:52:12.225,9.32656,9.32853,1.00,1.00
2016.06.10 13:52:13.283,9.32656,9.3284,1.00,1.00
2016.06.10 13:52:13.336,9.32646,9.3284,1.45,1.00
2016.06.10 13:52:13.541,9.32611,9.32826,1.12,1.00
2016.06.10 13:52:13.899,9.32606,9.3281,1.37,1.00
2016.06.10 13:52:14.442,9.32553,9.32754,1.12,1.00
2016.06.10 13:52:14.507,9.32566,9.3277,1.50,1.00
2016.06.10 13:52:14.823,9.32576,9.3277,1.37,1.00
2016.06.10 13:52:15.025,9.32576,9.32766,1.37,1.00
2016.06.10 13:52:16.037,9.32566,9.32766,1.00,1.00
2016.06.10 13:52:16.088,9.32556,9.32766,1.00,1.00
2016.06.10 13:52:16.304,9.32566,9.32766,1.00,1.00
2016.06.10 13:52:16.964,9.32555,9.32766,1.00,1.00
2016.06.10 13:52:17.015,9.32555,9.32752,1.00,1.00
2016.06.10 13:52:17.321,9.32566,9.32752,1.00,1.00
2016.06.10 13:52:17.878,9.32556,9.32752,1.00,1.00
2016.06.10 13:52:18.722,9.32555,9.32752,1.00,1.00
2016.06.10 13:52:18.773,9.32555,9.32761,1.00,1.00
2016.06.10 13:52:19.293,9.32556,9.32761,1.00,1.00
2016.06.10 13:52:20.248,9.32556,9.32747,1.00,1.00
2016.06.10 13:52:21.957,9.32556,9.3276,1.00,1.00
2016.06.10 13:52:22.339,9.32556,9.32747,1.00,1.00
2016.06.10 13:52:22.905,9.32555,9.32747,1.00,1.00
2016.06.10 13:52:23.481,9.32556,9.32747,1.00,1.00
2016.06.10 13:52:23.734,9.32555,9.32765,1.00,1.00
2016.06.10 13:52:23.886,9.32566,9.32765,1.00,1.00
2016.06.10 13:52:24.207,9.32555,9.32753,1.00,1.00
2016.06.10 13:52:24.735,9.32556,9.32753,1.00,1.00
2016.06.10 13:52:25.059,9.32556,9.32751,1.00,1.00
2016.06.10 13:52:25.562,9.32555,9.32751,1.00,1.00
2016.06.10 13:52:25.664,9.32555,9.32763,1.00,1.00
2016.06.10 13:52:26.136,9.32555,9.32748,1.00,1.00
2016.06.10 13:52:26.657,9.32556,9.32748,1.00,1.00
2016.06.10 13:52:28.203,9.32556,9.32761,1.00,1.00
2016.06.10 13:52:29.866,9.32556,9.32755,1.00,1.00
2016.06.10 13:52:30.750,9.32556,9.32766,1.00,1.00
2016.06.10 13:52:30.952,9.32556,9.32753,1.00,1.00
2016.06.10 13:52:31.053,9.32556,9.32763,1.00,1.00
2016.06.10 13:52:31.785,9.32555,9.3275,1.00,1.00
2016.06.10 13:52:32.078,9.32555,9.32762,1.00,1.00
2016.06.10 13:52:32.811,9.32556,9.32762,1.00,1.00
2016.06.10 13:52:33.014,9.32566,9.32762,1.00,1.00
2016.06.10 13:52:33.332,9.32576,9.32762,1.00,1.00
2016.06.10 13:52:34.104,9.32576,9.32773,1.00,1.00
2016.06.10 13:52:34.206,9.32566,9.32773,1.00,1.00
2016.06.10 13:52:34.694,9.32566,9.32761,1.00,1.00
2016.06.10 13:52:35.224,9.32556,9.32757,1.00,1.00
2016.06.10 13:52:35.888,9.32556,9.32746,1.00,1.00
2016.06.10 13:52:35.989,9.32546,9.32746,1.50,1.00
2016.06.10 13:52:36.463,9.32546,9.32759,1.00,1.00
2016.06.10 13:52:36.778,9.32546,9.32749,1.50,1.00
2016.06.10 13:52:37.968,9.32546,9.32737,1.50,1.00
2016.06.10 13:52:38.070,9.32536,9.32732,1.00,1.00
2016.06.10 13:52:38.305,9.32526,9.32732,1.00,1.00
2016.06.10 13:52:38.407,9.32516,9.32724,1.00,1.00
2016.06.10 13:52:38.458,9.32516,9.32724,1.00,1.37
2016.06.10 13:52:38.509,9.32506,9.32713,1.00,1.07
2016.06.10 13:52:38.610,9.32486,9.32692,1.00,1.00
2016.06.10 13:52:38.960,9.32466,9.32677,1.00,1.00
2016.06.10 13:52:39.113,9.32466,9.32668,1.00,1.00
2016.06.10 13:52:39.164,9.32456,9.32668,1.00,1.00
2016.06.10 13:52:39.484,9.32456,9.3266,1.00,1.00
2016.06.10 13:52:39.592,9.32446,9.32651,1.00,1.00
2016.06.10 13:52:39.925,9.32446,9.32642,1.00,1.00
2016.06.10 13:52:39.989,9.32446,9.3265,1.00,1.00
2016.06.10 13:52:40.091,9.32446,9.32642,1.50,1.00
2016.06.10 13:52:40.297,9.32446,9.3265,1.00,1.00
2016.06.10 13:52:41.364,9.32446,9.32634,1.00,1.00
2016.06.10 13:52:42.717,9.32446,9.32644,1.00,1.00
2016.06.10 13:52:43.542,9.32446,9.32648,1.50,1.00
2016.06.10 13:52:43.796,9.32446,9.32632,1.50,1.00
2016.06.10 13:52:43.898,9.32436,9.32632,1.00,1.00
2016.06.10 13:52:44.102,9.32436,9.3264,1.00,1.00
2016.06.10 13:52:44.529,9.32436,9.32632,1.00,1.07
2016.06.10 13:52:44.943,9.32415,9.32609,1.00,1.00
2016.06.10 13:52:44.998,9.32396,9.32593,1.00,1.00
2016.06.10 13:52:45.225,9.32386,9.32593,1.00,1.00
2016.06.10 13:52:45.326,9.32396,9.32593,1.00,1.00
2016.06.10 13:52:45.737,9.32396,9.32582,1.00,1.00
2016.06.10 13:52:45.788,9.32386,9.32582,1.00,1.00
2016.06.10 13:52:46.107,9.32375,9.32582,1.00,1.00
2016.06.10 13:52:46.729,9.32375,9.32573,1.00,1.00
2016.06.10 13:52:47.844,9.32376,9.32573,1.00,1.00
2016.06.10 13:52:50.070,9.32375,9.32573,1.00,1.00
2016.06.10 13:52:50.274,9.32366,9.32573,1.00,1.00
2016.06.10 13:52:51.039,9.32376,9.32573,1.00,1.00
2016.06.10 13:52:51.847,9.32376,9.32564,1.00,1.00
2016.06.10 13:52:52.234,9.32376,9.32573,1.00,1.00
2016.06.10 13:52:53.533,9.32376,9.32566,1.00,1.00
2016.06.10 13:52:53.584,9.32366,9.32566,1.00,1.00
2016.06.10 13:52:53.907,9.32366,9.32574,1.50,1.00
2016.06.10 13:52:54.114,9.32376,9.32574,1.00,1.00
2016.06.10 13:52:54.809,9.32377,9.32585,1.00,1.00
2016.06.10 13:52:55.012,9.32386,9.32585,1.00,1.00
2016.06.10 13:52:55.469,9.32376,9.32576,1.00,1.00
2016.06.10 13:52:56.011,9.32375,9.32576,1.00,1.00
2016.06.10 13:52:56.932,9.32376,9.32576,1.00,1.00
2016.06.10 13:52:57.135,9.32376,9.32564,1.00,1.00
2016.06.10 13:52:57.316,9.32366,9.32573,1.00,1.00
2016.06.10 13:52:57.546,9.32376,9.32573,1.00,1.00
2016.06.10 13:52:57.648,9.32376,9.32583,1.00,1.10
2016.06.10 13:52:57.965,9.32376,9.32573,1.00,1.00
2016.06.10 13:52:58.016,9.32376,9.32584,1.50,1.07
2016.06.10 13:52:58.176,9.32385,9.32584,1.00,1.07
2016.06.10 13:52:58.654,9.32385,9.32581,1.00,1.00
2016.06.10 13:52:58.757,9.32375,9.32581,1.00,1.00
2016.06.10 13:52:59.072,9.32386,9.32574,1.00,1.00
2016.06.10 13:52:59.124,9.32386,9.32584,1.00,1.00
2016.06.10 13:52:59.175,9.32376,9.32584,1.50,1.00
2016.06.10 13:52:59.226,9.32376,9.32575,1.00,1.00
2016.06.10 13:52:59.532,9.32386,9.32584,1.00,1.00
2016.06.10 13:52:59.837,9.32376,9.32575,1.00,1.00
2016.06.10 13:52:59.938,9.32386,9.32583,1.00,1.00
2016.06.10 13:53:00.279,9.32386,9.32592,1.00,1.07
2016.06.10 13:53:00.330,9.32386,9.32582,1.00,1.00
2016.06.10 13:53:00.681,9.32426,9.32582,1.00,1.00
2016.06.10 13:53:00.733,9.32416,9.32582,1.00,1.00
2016.06.10 13:53:00.835,9.32416,9.32595,1.00,1.07
2016.06.10 13:53:00.886,9.32416,9.32595,1.00,1.00
2016.06.10 13:53:00.938,9.32426,9.32615,1.00,1.37
2016.06.10 13:53:01.039,9.32416,9.32615,1.00,1.37
2016.06.10 13:53:01.344,9.32411,9.32619,1.00,1.37
2016.06.10 13:53:01.395,9.32406,9.3261,1.00,1.07
2016.06.10 13:53:01.533,9.32418,9.32628,1.00,1.75
2016.06.10 13:53:01.836,9.32415,9.32623,1.00,1.37
2016.06.10 13:53:01.938,9.32406,9.32615,1.00,1.37
2016.06.10 13:53:02.486,9.32416,9.32623,1.00,1.37
2016.06.10 13:53:05.336,9.32426,9.32631,1.00,1.75
2016.06.10 13:53:07.488,9.32423,9.32631,1.00,1.75
2016.06.10 13:53:09.175,9.32423,9.32631,1.00,1.37
2016.06.10 13:53:13.612,9.32425,9.32631,1.00,1.37
2016.06.10 13:53:15.004,9.32431,9.32639,1.00,1.37
2016.06.10 13:53:15.315,9.32425,9.32631,1.00,1.37
2016.06.10 13:53:15.758,9.32431,9.32639,1.00,1.37
2016.06.10 13:53:15.961,9.32426,9.3263,1.00,1.37
2016.06.10 13:53:16.656,9.32431,9.32639,1.00,1.37
2016.06.10 13:53:16.708,9.32426,9.32631,1.00,1.37
2016.06.10 13:53:16.910,9.32431,9.32639,1.00,1.37
2016.06.10 13:53:17.163,9.32426,9.32631,1.00,1.37
2016.06.10 13:53:17.316,9.32426,9.32631,1.00,1.07
2016.06.10 13:53:17.468,9.32431,9.32639,1.00,1.12
2016.06.10 13:53:18.376,9.32431,9.32639,1.00,1.37
2016.06.10 13:53:18.578,9.32426,9.32631,1.00,1.37
2016.06.10 13:53:18.636,9.32423,9.32631,1.00,1.37
2016.06.10 13:53:21.084,9.32416,9.32623,1.00,1.07
2016.06.10 13:53:21.388,9.32426,9.32636,1.00,1.37
2016.06.10 13:53:23.235,9.32419,9.32627,1.00,1.07
2016.06.10 13:53:23.405,9.32427,9.32635,1.00,1.37
2016.06.10 13:53:24.576,9.32436,9.32635,1.00,1.37
2016.06.10 13:53:24.729,9.32416,9.32623,1.00,1.07
2016.06.10 13:53:24.832,9.32425,9.32633,1.00,1.37
2016.06.10 13:53:25.036,9.32422,9.3263,1.00,1.37
2016.06.10 13:53:25.422,9.32426,9.3263,1.00,1.37
2016.06.10 13:53:25.835,9.3243,9.32636,1.00,1.37
2016.06.10 13:53:25.888,9.32422,9.3263,1.00,1.37
2016.06.10 13:53:27.916,9.3243,9.32634,1.00,1.37
2016.06.10 13:53:28.617,9.32438,9.32635,1.00,1.37
2016.06.10 13:53:30.642,9.32438,9.32644,1.00,1.37
2016.06.10 13:53:31.322,9.32446,9.32644,1.00,1.37
2016.06.10 13:53:31.424,9.32436,9.32644,1.00,1.87
2016.06.10 13:53:32.242,9.32428,9.32636,1.00,1.07
2016.06.10 13:53:34.197,9.32428,9.32636,1.00,1.37
2016.06.10 13:53:34.518,9.32434,9.32644,1.00,2.25
2016.06.10 13:53:35.230,9.32421,9.32631,1.00,1.12
2016.06.10 13:53:35.639,9.3243,9.32634,1.00,1.37
2016.06.10 13:53:42.854,9.32451,9.32654,1.06,1.75
2016.06.10 13:53:42.955,9.32443,9.32651,1.00,1.00
2016.06.10 13:53:43.149,9.32453,9.32661,1.00,1.10
2016.06.10 13:53:43.487,9.32438,9.32646,1.00,1.00
2016.06.10 13:53:44.109,9.32446,9.32654,1.00,1.00
2016.06.10 13:53:44.439,9.32456,9.32664,1.00,1.07
2016.06.10 13:53:44.591,9.32448,9.32656,1.00,1.00
2016.06.10 13:53:45.894,9.32456,9.32664,1.00,1.57
2016.06.10 13:53:50.479,9.32461,9.32664,1.00,1.07
2016.06.10 13:53:52.011,9.32461,9.32656,1.00,1.00
2016.06.10 13:53:52.519,9.32461,9.32648,1.00,1.00
2016.06.10 13:53:52.834,9.32461,9.3264,1.00,1.07
2016.06.10 13:53:53.113,9.32424,9.32632,1.00,1.00
2016.06.10 13:53:53.215,9.32435,9.32634,1.00,1.07
2016.06.10 13:53:53.519,9.32427,9.32634,1.00,1.37
2016.06.10 13:53:53.721,9.32411,9.32617,1.00,1.00
2016.06.10 13:53:53.823,9.32411,9.32609,1.00,1.00
2016.06.10 13:53:53.975,9.32414,9.32622,1.00,1.00
2016.06.10 13:53:56.225,9.32411,9.32614,1.00,1.00
2016.06.10 13:53:56.383,9.32414,9.32622,1.00,1.00
2016.06.10 13:53:56.598,9.32411,9.32614,1.00,1.00
2016.06.10 13:53:57.009,9.32414,9.32622,1.00,1.00
2016.06.10 13:53:57.629,9.32411,9.32605,1.00,1.00
2016.06.10 13:53:58.631,9.32411,9.32603,1.00,1.00
2016.06.10 13:53:58.847,9.32398,9.32603,1.00,1.00
2016.06.10 13:54:00.235,9.32403,9.32611,1.00,1.00
2016.06.10 13:54:01.241,9.32398,9.32602,1.00,1.00
2016.06.10 13:54:01.908,9.32404,9.32612,1.00,1.00
2016.06.10 13:54:03.202,9.32398,9.32605,1.00,1.00
2016.06.10 13:54:03.506,9.32472,9.32667,1.00,1.07
2016.06.10 13:54:03.607,9.32481,9.32689,1.00,1.00
2016.06.10 13:54:03.709,9.32493,9.32703,1.00,1.00
2016.06.10 13:54:03.861,9.32496,9.32703,1.00,1.00
2016.06.10 13:54:06.850,9.32502,9.3271,1.00,1.07
2016.06.10 13:54:07.053,9.32496,9.32702,1.00,1.00
2016.06.10 13:54:07.527,9.32504,9.32712,1.00,1.50
2016.06.10 13:54:08.078,9.32506,9.32712,1.00,1.50
2016.06.10 13:54:08.602,9.32504,9.32712,1.00,1.50
2016.06.10 13:54:08.653,9.32495,9.32703,1.00,1.37
2016.06.10 13:54:08.910,9.32468,9.32676,1.00,1.00
2016.06.10 13:54:08.962,9.32477,9.32684,1.00,1.00
2016.06.10 13:54:09.468,9.32469,9.32677,1.00,1.00
2016.06.10 13:54:09.671,9.32457,9.32667,1.07,1.00
2016.06.10 13:54:10.217,9.32457,9.32667,1.03,1.00
2016.06.10 13:54:11.375,9.32495,9.32693,1.03,1.37
2016.06.10 13:54:11.426,9.32485,9.32693,1.03,1.00
2016.06.10 13:54:11.629,9.32493,9.32701,1.03,1.00
2016.06.10 13:54:11.681,9.32493,9.32694,1.03,1.00
2016.06.10 13:54:11.783,9.32493,9.32701,1.03,1.00
2016.06.10 13:54:12.040,9.32501,9.32704,1.03,1.00
2016.06.10 13:54:12.756,9.32501,9.32709,1.03,1.10
2016.06.10 13:54:13.071,9.32509,9.32714,1.00,1.07
2016.06.10 13:54:13.393,9.32509,9.32717,1.00,1.00
2016.06.10 13:54:17.579,9.32519,9.32724,1.00,1.07
2016.06.10 13:54:18.038,9.32526,9.32734,1.00,1.37
2016.06.10 13:54:18.582,9.32521,9.32729,1.00,1.07
2016.06.10 13:54:18.784,9.3253,9.32738,1.00,1.37
2016.06.10 13:54:19.158,9.3252,9.3273,1.00,1.07
2016.06.10 13:54:19.686,9.32511,9.32719,1.00,1.00
2016.06.10 13:54:20.770,9.32503,9.32711,1.00,1.00
2016.06.10 13:54:21.781,9.32511,9.32719,1.00,1.00
2016.06.10 13:54:22.085,9.32503,9.32711,1.00,1.00
2016.06.10 13:54:24.999,9.32511,9.32714,1.00,1.00
2016.06.10 13:54:25.101,9.32511,9.32719,1.00,1.00
2016.06.10 13:54:27.787,9.32496,9.32696,1.00,1.00
2016.06.10 13:54:27.939,9.32479,9.32687,1.00,1.00
2016.06.10 13:54:27.990,9.32466,9.32648,1.00,1.00
2016.06.10 13:54:28.662,9.32416,9.32605,1.00,1.00
2016.06.10 13:54:28.713,9.32396,9.32593,1.00,1.00
2016.06.10 13:54:28.814,9.32396,9.32584,1.00,1.00
2016.06.10 13:54:28.865,9.32376,9.32584,1.50,1.00
2016.06.10 13:54:29.119,9.32368,9.32576,1.00,1.00
2016.06.10 13:54:29.423,9.32336,9.32542,1.07,1.00
2016.06.10 13:54:29.728,9.32316,9.32505,1.37,1.00
2016.06.10 13:54:29.780,9.32316,9.32496,1.00,1.00
2016.06.10 13:54:29.831,9.32296,9.32496,1.87,1.00
2016.06.10 13:54:30.100,9.32288,9.32496,1.07,1.00
2016.06.10 13:54:30.320,9.32288,9.32496,1.00,1.00
2016.06.10 13:54:30.523,9.32279,9.32487,1.07,1.00
2016.06.10 13:54:30.574,9.32279,9.32487,1.00,1.00
2016.06.10 13:54:30.625,9.32267,9.32477,1.07,1.00
2016.06.10 13:54:30.930,9.32246,9.32448,1.37,1.00
2016.06.10 13:54:30.981,9.32248,9.32456,1.07,1.00
2016.06.10 13:54:31.346,9.32248,9.32456,1.00,1.00
2016.06.10 13:54:31.397,9.32236,9.32442,1.07,1.00
2016.06.10 13:54:31.701,9.32226,9.32426,1.37,1.00
2016.06.10 13:54:31.752,9.32226,9.32426,1.00,1.00
2016.06.10 13:54:31.803,9.32216,9.32418,1.12,1.00
2016.06.10 13:54:32.889,9.32255,9.32418,1.00,1.00
2016.06.10 13:54:33.043,9.32196,9.32402,2.25,1.00
2016.06.10 13:54:33.094,9.32196,9.32402,1.12,1.00
2016.06.10 13:54:33.867,9.32187,9.32395,1.07,1.00
2016.06.10 13:54:34.021,9.32179,9.32387,1.37,1.00
2016.06.10 13:54:34.173,9.32179,9.32387,1.07,1.00
2016.06.10 13:54:34.613,9.32179,9.32385,1.07,1.00
2016.06.10 13:54:35.130,9.32169,9.32357,1.37,1.00
2016.06.10 13:54:35.677,9.32169,9.32365,1.37,1.00
2016.06.10 13:54:36.144,9.32169,9.32365,1.00,1.00
2016.06.10 13:54:36.331,9.32169,9.32335,1.00,1.00
2016.06.10 13:54:36.829,9.32181,9.32335,1.75,1.00
2016.06.10 13:54:36.881,9.32216,9.32377,1.00,1.00
2016.06.10 13:54:36.932,9.32216,9.32369,1.00,1.00
2016.06.10 13:54:37.135,9.32286,9.32455,1.00,1.00
2016.06.10 13:54:37.186,9.32283,9.32453,1.00,1.00
2016.06.10 13:54:37.237,9.32286,9.32453,1.00,1.00
2016.06.10 13:54:37.339,9.32266,9.32453,1.00,1.07
2016.06.10 13:54:37.390,9.32256,9.32453,1.00,1.07
2016.06.10 13:54:37.441,9.32233,9.32389,1.00,1.00
2016.06.10 13:54:37.492,9.32223,9.32431,1.00,1.00
2016.06.10 13:54:37.644,9.32215,9.32419,1.00,1.00
2016.06.10 13:54:37.948,9.32209,9.32389,1.07,1.00
2016.06.10 13:54:38.475,9.32206,9.32389,1.00,1.00
2016.06.10 13:54:38.636,9.32198,9.32389,1.07,1.00
2016.06.10 13:54:39.039,9.32198,9.32389,1.00,1.00
2016.06.10 13:54:40.374,9.32196,9.32389,1.00,1.00
2016.06.10 13:54:41.464,9.3219,9.32389,1.07,1.00
2016.06.10 13:54:42.339,9.32175,9.32383,1.37,1.00
2016.06.10 13:54:42.651,9.32166,9.32364,1.37,1.00
2016.06.10 13:54:48.952,9.32171,9.32372,1.07,1.00
2016.06.10 13:54:50.143,9.32173,9.32381,1.07,1.00
2016.06.10 13:54:51.373,9.32181,9.32389,1.00,1.00
2016.06.10 13:54:51.854,9.32176,9.32381,1.07,1.00
2016.06.10 13:54:53.117,9.32176,9.32381,1.37,1.00
2016.06.10 13:55:02.092,9.32181,9.32389,1.37,1.00
2016.06.10 13:55:03.959,9.32181,9.32389,1.75,1.00
2016.06.10 13:55:10.724,9.32176,9.32378,1.75,1.00
2016.06.10 13:55:10.775,9.32176,9.32378,1.37,1.00
2016.06.10 13:55:12.751,9.32171,9.3237,1.75,1.00
2016.06.10 13:55:13.081,9.32171,9.3237,1.37,1.00
2016.06.10 13:55:13.732,9.32171,9.3237,1.00,1.00
2016.06.10 13:55:14.094,9.32171,9.3237,1.37,1.00
2016.06.10 13:55:14.146,9.32171,9.32378,1.37,1.00
2016.06.10 13:55:14.937,9.32171,9.32371,1.37,1.00
2016.06.10 13:55:15.448,9.32172,9.3238,1.12,1.00
2016.06.10 13:55:16.143,9.32171,9.32372,1.37,1.00
2016.06.10 13:55:16.297,9.32175,9.32383,1.07,1.00
2016.06.10 13:55:16.623,9.32171,9.32357,1.37,1.00
2016.06.10 13:55:16.725,9.32171,9.32357,1.07,1.00
2016.06.10 13:55:16.826,9.32171,9.32347,1.07,1.00
2016.06.10 13:55:16.928,9.32156,9.32356,1.37,1.00
2016.06.10 13:55:17.248,9.32156,9.32356,1.50,1.00
2016.06.10 13:55:18.146,9.32148,9.32347,1.75,1.00
2016.06.10 13:55:18.453,9.32148,9.32329,1.37,1.00
2016.06.10 13:55:18.803,9.32148,9.3232,1.37,1.00
2016.06.10 13:55:18.905,9.32126,9.3232,1.75,1.00
2016.06.10 13:55:19.267,9.32116,9.3232,2.25,1.00
2016.06.10 13:55:19.506,9.32121,9.32312,1.75,1.00
2016.06.10 13:55:19.810,9.32121,9.323,1.75,1.00
2016.06.10 13:55:19.912,9.32116,9.3231,1.75,1.00
2016.06.10 13:55:20.732,9.32121,9.32302,1.75,1.00
2016.06.10 13:55:22.091,9.32126,9.32318,1.07,1.00
2016.06.10 13:55:22.193,9.32142,9.32318,1.00,1.00
2016.06.10 13:55:22.244,9.32162,9.32354,1.00,1.75
2016.06.10 13:55:22.345,9.32172,9.32364,1.00,1.75
2016.06.10 13:55:22.648,9.32172,9.32374,1.00,1.75
2016.06.10 13:55:22.968,9.32172,9.3238,1.00,1.12
2016.06.10 13:55:23.458,9.3218,9.32384,1.00,1.75
2016.06.10 13:55:23.509,9.3218,9.32388,1.00,1.50
2016.06.10 13:55:23.611,9.32172,9.3238,1.00,1.00
2016.06.10 13:55:24.119,9.32166,9.32362,1.00,1.00
2016.06.10 13:55:24.273,9.32156,9.32362,1.75,1.00
2016.06.10 13:55:30.938,9.32146,9.32351,1.75,1.00
2016.06.10 13:55:30.989,9.32146,9.32351,1.75,1.00
2016.06.10 13:55:31.667,9.32144,9.32351,1.75,1.00
2016.06.10 13:55:32.556,9.32135,9.32343,1.75,1.00
2016.06.10 13:55:32.889,9.32135,9.32335,1.75,1.00
2016.06.10 13:55:33.143,9.3211,9.32304,1.00,1.00
2016.06.10 13:55:33.194,9.3211,9.32304,1.00,1.07
2016.06.10 13:55:33.244,9.32101,9.32304,1.00,1.07
2016.06.10 13:55:33.295,9.32101,9.32309,1.00,1.75
2016.06.10 13:55:33.346,9.32094,9.32302,1.00,1.37
2016.06.10 13:55:33.397,9.32094,9.32302,1.00,1.37
2016.06.10 13:55:33.879,9.32094,9.32274,1.00,1.37
2016.06.10 13:55:33.932,9.32052,9.3226,1.00,1.00
2016.06.10 13:55:33.983,9.32046,9.3225,1.07,1.00
2016.06.10 13:55:34.396,9.32042,9.3225,1.00,1.00
2016.06.10 13:55:34.447,9.32036,9.3224,1.07,1.00
2016.06.10 13:55:34.875,9.32016,9.32217,1.37,1.00
2016.06.10 13:55:35.375,9.32009,9.32217,1.00,1.00
2016.06.10 13:55:35.756,9.32018,9.32226,1.00,1.00
2016.06.10 13:55:36.069,9.32036,9.32218,1.00,1.00
2016.06.10 13:55:36.170,9.32038,9.32246,1.10,1.00
2016.06.10 13:55:36.221,9.32048,9.32246,1.00,1.00
2016.06.10 13:55:36.374,9.32086,9.32286,1.00,1.07
2016.06.10 13:55:36.475,9.32091,9.32299,1.00,1.75
2016.06.10 13:55:36.601,9.32096,9.32299,1.00,1.75
2016.06.10 13:55:37.391,9.32102,9.3231,1.00,1.75
2016.06.10 13:55:37.720,9.32096,9.32303,1.00,1.75
2016.06.10 13:55:39.260,9.32095,9.32303,1.00,1.75
2016.06.10 13:55:39.811,9.32096,9.32303,1.00,1.75
2016.06.10 13:55:40.813,9.32095,9.32303,1.50,1.75
2016.06.10 13:55:41.463,9.32096,9.32303,1.00,1.75
2016.06.10 13:55:42.545,9.32096,9.32303,1.00,1.75
2016.06.10 13:55:42.647,9.32096,9.32303,1.00,1.75
2016.06.10 13:55:42.850,9.32086,9.32293,1.00,1.00
2016.06.10 13:55:43.735,9.32096,9.32293,1.00,1.00
2016.06.10 13:55:43.838,9.32086,9.32293,1.00,1.00
2016.06.10 13:55:43.992,9.32096,9.32293,1.00,1.00
2016.06.10 13:55:44.102,9.32086,9.32293,1.00,1.00
2016.06.10 13:55:47.804,9.32094,9.32302,1.00,1.75
2016.06.10 13:55:48.236,9.32096,9.32302,1.00,1.75
2016.06.10 13:55:49.048,9.32094,9.32302,1.00,1.75
2016.06.10 13:55:49.324,9.32087,9.32295,1.00,1.07
2016.06.10 13:55:49.600,9.32087,9.32295,1.00,1.75
2016.06.10 13:55:49.932,9.32095,9.32303,1.00,1.75
2016.06.10 13:55:50.879,9.32096,9.32303,1.00,1.75
2016.06.10 13:55:51.231,9.32096,9.32303,1.00,1.75
2016.06.10 13:55:51.713,9.32095,9.32303,1.00,1.75
2016.06.10 13:55:51.764,9.32091,9.32299,1.00,1.12
2016.06.10 13:55:52.309,9.32086,9.3229,1.00,1.00
2016.06.10 13:55:52.634,9.32088,9.32296,1.00,1.10
2016.06.10 13:55:53.234,9.32098,9.32306,1.00,1.75
2016.06.10 13:55:53.411,9.32089,9.32297,1.00,1.07
2016.06.10 13:55:57.061,9.32089,9.32297,1.00,1.75
2016.06.10 13:55:57.162,9.32089,9.32297,1.00,1.75
2016.06.10 13:55:58.643,9.32091,9.32299,1.00,1.75
2016.06.10 13:55:59.620,9.3209,9.32298,1.00,1.75
2016.06.10 13:55:59.925,9.32086,9.32287,1.00,1.00
2016.06.10 13:56:00.032,9.32088,9.32296,1.00,1.50
2016.06.10 13:56:01.672,9.32096,9.32294,1.00,1.07
2016.06.10 13:56:02.009,9.32088,9.32294,1.00,1.07
2016.06.10 13:56:03.550,9.32085,9.32286,1.00,1.00
2016.06.10 13:56:03.933,9.32087,9.32294,1.00,1.07
2016.06.10 13:56:05.627,9.32077,9.32285,1.00,1.37
2016.06.10 13:56:05.728,9.32071,9.32272,1.00,1.07
2016.06.10 13:56:05.779,9.32064,9.32272,1.00,1.07
2016.06.10 13:56:05.830,9.32055,9.32253,1.00,1.00
2016.06.10 13:56:06.171,9.32044,9.32231,1.00,1.00
2016.06.10 13:56:06.293,9.32026,9.32231,1.37,1.00
2016.06.10 13:56:06.837,9.32026,9.32231,1.00,1.00
2016.06.10 13:56:06.939,9.32036,9.32223,1.00,1.00
2016.06.10 13:56:07.091,9.32015,9.32223,1.00,1.00
2016.06.10 13:56:07.342,9.32026,9.32232,1.00,1.00
2016.06.10 13:56:07.965,9.32016,9.3222,1.37,1.00
2016.06.10 13:56:08.186,9.32016,9.3222,1.00,1.00
2016.06.10 13:56:08.253,9.32012,9.3222,1.50,1.00
2016.06.10 13:56:09.029,9.32012,9.32212,1.37,1.00
2016.06.10 13:56:09.362,9.32012,9.32203,1.07,1.00
2016.06.10 13:56:09.413,9.32012,9.32203,1.00,1.00
2016.06.10 13:56:09.520,9.32012,9.32195,1.00,1.00
2016.06.10 13:56:09.824,9.32012,9.32195,1.00,1.07
2016.06.10 13:56:09.977,9.31986,9.32182,1.00,1.00
2016.06.10 13:56:10.572,9.31996,9.32182,1.00,1.00
2016.06.10 13:56:11.068,9.31976,9.32182,1.37,1.00
2016.06.10 13:56:11.170,9.31976,9.32182,1.07,1.00
2016.06.10 13:56:11.694,9.31976,9.32182,1.07,1.00
2016.06.10 13:56:12.020,9.31986,9.32182,1.00,1.00
2016.06.10 13:56:14.967,9.31976,9.32172,1.37,1.00
2016.06.10 13:56:16.559,9.3198,9.3219,1.07,1.00
2016.06.10 13:56:16.660,9.31992,9.322,1.00,1.07
2016.06.10 13:56:19.140,9.31986,9.32179,1.10,1.00
2016.06.10 13:56:19.510,9.31946,9.3214,1.07,1.00
2016.06.10 13:56:19.561,9.31946,9.3215,1.07,1.00
2016.06.10 13:56:19.841,9.31956,9.3215,1.00,1.00
2016.06.10 13:56:19.892,9.31956,9.32158,1.00,1.00
2016.06.10 13:56:20.291,9.31958,9.32166,1.00,1.07
2016.06.10 13:56:20.607,9.31966,9.32166,1.00,1.07
2016.06.10 13:56:20.661,9.31956,9.32154,1.00,1.00
2016.06.10 13:56:20.813,9.31946,9.32154,1.57,1.00
2016.06.10 13:56:21.275,9.31957,9.32165,1.00,1.07
2016.06.10 13:56:21.376,9.31957,9.32165,1.07,1.00
2016.06.10 13:56:22.066,9.31966,9.32165,1.00,1.00
2016.06.10 13:56:23.895,9.31966,9.32165,1.12,1.00
2016.06.10 13:56:24.199,9.31971,9.32175,1.07,1.00
2016.06.10 13:56:24.682,9.31976,9.32167,1.00,1.00
2016.06.10 13:56:24.784,9.31976,9.32178,1.00,1.00
2016.06.10 13:56:25.354,9.31976,9.32178,1.07,1.00
2016.06.10 13:56:26.048,9.31971,9.3217,1.37,1.00
2016.06.10 13:56:28.113,9.31971,9.3217,1.07,1.00
2016.06.10 13:56:32.011,9.31971,9.3218,1.07,1.00
2016.06.10 13:56:32.062,9.31976,9.3218,1.07,1.00
2016.06.10 13:56:32.113,9.31978,9.32186,1.07,1.00
2016.06.10 13:56:32.527,9.31976,9.32178,1.07,1.00
2016.06.10 13:56:33.387,9.31978,9.32186,1.07,1.00
2016.06.10 13:56:35.654,9.31978,9.32186,1.00,1.07
2016.06.10 13:56:38.625,9.31976,9.32184,1.50,1.10
2016.06.10 13:56:41.906,9.31984,9.32192,1.00,1.37
2016.06.10 13:56:41.957,9.31976,9.32183,1.00,1.00
2016.06.10 13:56:42.058,9.31983,9.32191,1.00,1.12
2016.06.10 13:56:42.343,9.31976,9.32183,1.00,1.00
2016.06.10 13:56:47.125,9.31983,9.32191,1.00,1.12
2016.06.10 13:56:47.876,9.31976,9.32183,1.00,1.00
2016.06.10 13:56:47.927,9.31983,9.32191,1.00,1.12
2016.06.10 13:56:48.166,9.31976,9.32183,1.00,1.00
2016.06.10 13:56:55.346,9.31975,9.32183,1.50,1.00
2016.06.10 13:56:55.931,9.31976,9.32183,1.00,1.00
2016.06.10 13:56:56.352,9.31992,9.322,1.00,1.10
2016.06.10 13:56:56.453,9.32002,9.32204,1.00,1.00
2016.06.10 13:56:56.757,9.32058,9.32224,1.00,1.00
2016.06.10 13:56:56.808,9.32058,9.32254,1.00,1.75
2016.06.10 13:56:56.859,9.32068,9.32254,1.00,1.75
2016.06.10 13:56:56.910,9.32068,9.32276,1.00,1.00
2016.06.10 13:56:57.183,9.32104,9.32304,1.00,1.37
2016.06.10 13:56:57.234,9.32104,9.32312,1.00,1.07
2016.06.10 13:56:57.285,9.32096,9.32302,1.00,1.00
2016.06.10 13:56:57.336,9.32094,9.32302,1.00,1.00
2016.06.10 13:56:57.387,9.32086,9.32294,1.50,1.00
2016.06.10 13:56:57.690,9.32106,9.32314,1.00,1.07
2016.06.10 13:56:57.899,9.32097,9.32305,1.00,1.00
2016.06.10 13:56:58.001,9.32087,9.32295,1.00,1.00
2016.06.10 13:56:58.512,9.3212,9.32328,1.00,1.07
2016.06.10 13:56:58.564,9.32116,9.32324,1.00,1.07
2016.06.10 13:56:59.102,9.32124,9.32332,1.00,1.37
2016.06.10 13:57:00.386,9.32132,9.32335,1.00,1.37
2016.06.10 13:57:00.437,9.32132,9.3234,1.00,1.07
2016.06.10 13:57:00.489,9.3214,9.32344,1.00,1.07
2016.06.10 13:57:00.692,9.32132,9.3234,1.00,1.07
2016.06.10 13:57:01.063,9.32119,9.32274,1.00,1.00
2016.06.10 13:57:01.115,9.32064,9.32272,1.00,1.00
2016.06.10 13:57:01.166,9.32066,9.32272,1.00,1.00
2016.06.10 13:57:01.217,9.32074,9.32282,1.00,1.00
2016.06.10 13:57:01.268,9.3212,9.32294,1.00,1.00
2016.06.10 13:57:01.319,9.3212,9.3233,1.00,1.00
2016.06.10 13:57:01.370,9.32136,9.32334,1.00,1.07
2016.06.10 13:57:01.421,9.32136,9.32334,1.00,1.00
2016.06.10 13:57:01.472,9.32144,9.32334,1.00,1.00
2016.06.10 13:57:01.523,9.32144,9.32344,1.00,1.07
2016.06.10 13:57:01.574,9.3215,9.32344,1.00,1.07
2016.06.10 13:57:01.625,9.3215,9.32354,1.00,1.12
2016.06.10 13:57:02.211,9.32158,9.32364,1.00,1.37
2016.06.10 13:57:02.616,9.3215,9.32358,1.00,1.37
2016.06.10 13:57:02.915,9.32161,9.32354,1.00,1.12
2016.06.10 13:57:03.784,9.3217,9.32347,1.00,1.07
2016.06.10 13:57:03.836,9.3211,9.32294,1.00,1.00
2016.06.10 13:57:03.937,9.3211,9.32304,1.00,1.07
2016.06.10 13:57:04.522,9.32103,9.32304,1.00,1.07
2016.06.10 13:57:04.674,9.32094,9.32302,1.00,1.07
2016.06.10 13:57:04.979,9.32086,9.32294,1.00,1.50
2016.06.10 13:57:05.712,9.32078,9.32286,1.00,1.00
2016.06.10 13:57:06.026,9.32082,9.3229,1.00,1.00
2016.06.10 13:57:06.351,9.32082,9.32284,1.00,1.00
2016.06.10 13:57:06.503,9.32073,9.32281,1.00,1.00
2016.06.10 13:57:06.778,9.32093,9.32284,1.00,1.00
2016.06.10 13:57:06.930,9.32101,9.32294,1.00,1.00
2016.06.10 13:57:06.982,9.3211,9.32294,1.00,1.00
2016.06.10 13:57:07.033,9.3211,9.32304,1.00,1.07
2016.06.10 13:57:07.185,9.32102,9.32304,1.00,1.07
2016.06.10 13:57:08.916,9.32114,9.32304,1.00,1.07
2016.06.10 13:57:09.221,9.32122,9.32314,1.00,1.75
2016.06.10 13:57:11.616,9.32112,9.32314,1.00,1.75
2016.06.10 13:57:12.294,9.32119,9.32314,1.00,1.75
2016.06.10 13:57:13.406,9.32111,9.32304,1.00,1.07
2016.06.10 13:57:15.531,9.3212,9.32304,1.00,1.07
2016.06.10 13:57:17.062,9.32112,9.32314,1.00,1.00
2016.06.10 13:57:18.658,9.32119,9.32314,1.00,1.00
2016.06.10 13:57:19.653,9.32109,9.32314,1.00,1.00
2016.06.10 13:57:19.923,9.32117,9.32314,1.00,1.00
2016.06.10 13:57:20.025,9.32109,9.32314,1.00,1.00
2016.06.10 13:57:20.151,9.32117,9.32314,1.00,1.00
2016.06.10 13:57:20.586,9.3214,9.32348,1.00,1.00
2016.06.10 13:57:20.637,9.3216,9.32368,1.00,1.00
2016.06.10 13:57:21.143,9.32169,9.32374,1.00,1.00
2016.06.10 13:57:21.553,9.32179,9.32374,1.00,1.00
2016.06.10 13:57:21.806,9.32194,9.32394,1.00,1.00
2016.06.10 13:57:22.656,9.32204,9.32394,1.00,1.00
2016.06.10 13:57:22.757,9.32204,9.32404,1.00,1.12
2016.06.10 13:57:23.850,9.32197,9.32404,1.00,1.87
2016.06.10 13:57:24.837,9.32211,9.32404,1.00,1.12
2016.06.10 13:57:25.367,9.32184,9.32354,1.00,1.00
2016.06.10 13:57:25.830,9.32176,9.32355,1.00,1.00
2016.06.10 13:57:26.033,9.32164,9.32344,1.00,1.00
2016.06.10 13:57:26.339,9.32173,9.32345,1.00,1.00
2016.06.10 13:57:26.881,9.32172,9.32345,1.00,1.00
2016.06.10 13:57:26.932,9.32162,9.32345,1.00,1.00
2016.06.10 13:57:27.439,9.32162,9.32344,1.00,1.00
2016.06.10 13:57:29.055,9.32152,9.32344,1.00,1.00
2016.06.10 13:57:29.473,9.32163,9.32349,1.00,1.00
2016.06.10 13:57:29.524,9.32163,9.32364,1.00,1.00
2016.06.10 13:57:29.575,9.32188,9.32383,1.00,1.00
2016.06.10 13:57:29.779,9.32204,9.32404,1.00,1.50
2016.06.10 13:57:35.963,9.3219,9.32398,1.00,1.00
2016.06.10 13:57:36.166,9.3219,9.32394,1.00,1.00
2016.06.10 13:57:38.671,9.32186,9.32394,1.00,1.50
2016.06.10 13:57:38.991,9.32186,9.32352,1.00,1.00
2016.06.10 13:57:39.093,9.3217,9.32378,1.00,1.00
2016.06.10 13:57:39.194,9.32166,9.32362,1.00,1.00
2016.06.10 13:57:39.246,9.32154,9.32362,1.00,1.00
2016.06.10 13:57:39.582,9.32145,9.32353,1.50,1.00
2016.06.10 13:57:40.296,9.32153,9.32361,1.00,1.00
2016.06.10 13:57:41.980,9.32153,9.32354,1.00,1.00
2016.06.10 13:57:42.284,9.32034,9.32242,1.12,1.00
2016.06.10 13:57:42.820,9.31976,9.32184,1.75,1.00
2016.06.10 13:57:43.642,9.31976,9.32184,1.75,1.00
2016.06.10 13:57:43.693,9.31985,9.32193,1.37,1.00
2016.06.10 13:57:45.818,9.31977,9.32185,1.75,1.00
2016.06.10 13:57:46.373,9.31997,9.32205,1.37,1.00
2016.06.10 13:57:48.253,9.31988,9.32196,1.37,1.00
2016.06.10 13:57:48.529,9.31997,9.32205,1.37,1.00
2016.06.10 13:57:51.128,9.31993,9.32194,1.37,1.00
2016.06.10 13:57:52.840,9.31977,9.32187,1.37,1.00
2016.06.10 13:57:54.826,9.31977,9.32187,1.00,1.00
2016.06.10 13:57:56.155,9.31971,9.32178,1.12,1.00
2016.06.10 13:57:56.869,9.31976,9.32178,1.00,1.00
2016.06.10 13:57:58.937,9.31971,9.32165,1.12,1.00
2016.06.10 13:58:00.138,9.31987,9.32165,1.00,1.00
2016.06.10 13:58:00.239,9.31987,9.32174,1.00,1.00
2016.06.10 13:58:00.443,9.31995,9.32174,1.00,1.00
2016.06.10 13:58:01.627,9.32003,9.32174,1.00,1.00
2016.06.10 13:58:05.293,9.32003,9.32185,1.00,1.00
2016.06.10 13:58:09.193,9.32003,9.32174,1.00,1.00
2016.06.10 13:58:09.504,9.32003,9.32184,1.00,1.00
2016.06.10 13:58:10.355,9.32012,9.32184,1.00,1.00
2016.06.10 13:58:10.557,9.32005,9.32184,1.00,1.00
2016.06.10 13:58:11.070,9.32005,9.32185,1.00,1.00
2016.06.10 13:58:11.607,9.32005,9.32184,1.00,1.00
2016.06.10 13:58:14.204,9.32005,9.32164,1.00,1.00
2016.06.10 13:58:14.255,9.31994,9.32164,1.00,1.00
2016.06.10 13:58:14.312,9.31994,9.32154,1.00,1.00
2016.06.10 13:58:15.113,9.31976,9.32154,1.37,1.00
2016.06.10 13:58:17.995,9.31991,9.32154,1.00,1.00
2016.06.10 13:58:18.300,9.32,9.32164,1.00,1.00
2016.06.10 13:58:19.399,9.32019,9.32184,1.00,1.00
2016.06.10 13:58:19.502,9.32034,9.32194,1.00,1.00
2016.06.10 13:58:19.604,9.32034,9.32205,1.00,1.00
2016.06.10 13:58:19.857,9.32034,9.32214,1.00,1.00
2016.06.10 13:58:20.180,9.32043,9.32214,1.00,1.00
2016.06.10 13:58:20.632,9.32043,9.32224,1.00,1.00
2016.06.10 13:58:21.151,9.32043,9.32234,1.00,1.00
2016.06.10 13:58:21.415,9.32053,9.32225,1.00,1.00
2016.06.10 13:58:21.719,9.32053,9.32234,1.00,1.00
2016.06.10 13:58:21.821,9.32053,9.32224,1.00,1.00
2016.06.10 13:58:21.922,9.32045,9.32224,1.00,1.00
2016.06.10 13:58:22.134,9.32045,9.32204,1.00,1.00
2016.06.10 13:58:22.185,9.32029,9.32204,1.00,1.00
2016.06.10 13:58:22.236,9.32029,9.32194,1.00,1.00
2016.06.10 13:58:27.839,9.32037,9.32194,1.00,1.00
2016.06.10 13:58:31.609,9.32029,9.32194,1.00,1.00
2016.06.10 13:58:32.152,9.32029,9.32185,1.00,1.00
2016.06.10 13:58:33.061,9.32029,9.32184,1.00,1.00
2016.06.10 13:58:33.163,9.32029,9.32224,1.00,1.00
2016.06.10 13:58:33.214,9.32038,9.32224,1.00,1.00
2016.06.10 13:58:33.518,9.32046,9.32184,1.00,1.00
2016.06.10 13:58:33.620,9.32037,9.32184,1.00,1.00
2016.06.10 13:58:34.928,9.32037,9.32185,1.00,1.00
2016.06.10 13:58:35.449,9.32037,9.32184,1.00,1.00
2016.06.10 13:58:36.668,9.32037,9.32214,1.00,1.00
2016.06.10 13:58:36.719,9.32045,9.32214,1.00,1.00
2016.06.10 13:58:37.030,9.32045,9.32204,1.00,1.00
2016.06.10 13:58:37.324,9.32036,9.32204,1.00,1.00
2016.06.10 13:58:37.933,9.32044,9.32204,1.00,1.00
2016.06.10 13:58:38.136,9.32036,9.32204,1.00,1.00
2016.06.10 13:58:38.483,9.32044,9.32204,1.00,1.00
2016.06.10 13:58:38.641,9.32042,9.32204,1.00,1.00
2016.06.10 13:58:38.928,9.32025,9.32204,1.00,1.00
2016.06.10 13:58:38.979,9.32025,9.32184,1.00,1.00
2016.06.10 13:58:39.232,9.31981,9.32174,1.00,1.00
2016.06.10 13:58:39.334,9.31973,9.32155,1.00,1.00
2016.06.10 13:58:39.435,9.31971,9.32155,1.00,1.00
2016.06.10 13:58:39.865,9.31971,9.32144,1.00,1.00
2016.06.10 13:58:41.341,9.31951,9.32144,1.00,1.00
2016.06.10 13:58:47.552,9.31951,9.32145,1.00,1.00
2016.06.10 13:58:48.152,9.31951,9.32114,1.00,1.00
2016.06.10 13:58:48.254,9.31946,9.32134,1.00,1.00
2016.06.10 13:58:48.526,9.31951,9.32134,1.00,1.00
2016.06.10 13:58:48.578,9.31946,9.32134,1.00,1.00
2016.06.10 13:58:48.882,9.31944,9.32134,1.00,1.00
2016.06.10 13:58:48.933,9.31946,9.32134,1.00,1.00
2016.06.10 13:58:50.357,9.31944,9.32134,1.00,1.00
2016.06.10 13:58:54.716,9.31946,9.32134,1.00,1.00
2016.06.10 13:58:55.721,9.31952,9.32144,1.00,1.00
2016.06.10 13:58:57.383,9.31932,9.32137,1.00,1.00
2016.06.10 13:58:57.434,9.31929,9.32137,1.00,1.00
2016.06.10 13:58:57.485,9.31937,9.32144,1.00,1.00
2016.06.10 13:58:58.035,9.31926,9.32114,1.00,1.00
2016.06.10 13:58:58.086,9.31921,9.32114,1.00,1.00
2016.06.10 13:58:58.593,9.31913,9.32114,1.00,1.00
2016.06.10 13:58:58.797,9.31905,9.32104,1.00,1.00
2016.06.10 13:58:59.210,9.31913,9.32104,1.00,1.00
2016.06.10 13:58:59.261,9.31904,9.32104,1.00,1.00
2016.06.10 13:58:59.632,9.31898,9.32103,1.00,1.00
2016.06.10 13:58:59.683,9.31898,9.32094,1.00,1.00
2016.06.10 13:59:00.466,9.31898,9.32103,1.00,1.00
2016.06.10 13:59:00.683,9.31898,9.32095,1.00,1.00
2016.06.10 13:59:00.785,9.31906,9.32104,1.00,1.00
2016.06.10 13:59:01.038,9.31898,9.32104,1.00,1.50
2016.06.10 13:59:01.139,9.31904,9.32104,1.00,1.00
2016.06.10 13:59:02.338,9.31914,9.32104,1.00,1.00
2016.06.10 13:59:02.439,9.31914,9.32114,1.00,1.00
2016.06.10 13:59:04.651,9.31914,9.32115,1.00,1.00
2016.06.10 13:59:04.753,9.31926,9.32115,1.00,1.00
2016.06.10 13:59:04.854,9.31918,9.32114,1.00,1.00
2016.06.10 13:59:04.956,9.31918,9.32104,1.00,1.00
2016.06.10 13:59:05.158,9.31891,9.32084,1.00,1.00
2016.06.10 13:59:05.260,9.31882,9.32084,1.00,1.00
2016.06.10 13:59:05.501,9.31882,9.32074,1.00,1.00
2016.06.10 13:59:05.570,9.31873,9.32074,1.00,1.00
2016.06.10 13:59:05.621,9.31873,9.32054,1.00,1.00
2016.06.10 13:59:05.723,9.31858,9.32054,1.00,1.00
2016.06.10 13:59:05.824,9.31842,9.32044,1.00,1.00
2016.06.10 13:59:05.926,9.31842,9.32024,1.00,1.00
2016.06.10 13:59:06.028,9.31826,9.32024,1.00,1.00
2016.06.10 13:59:06.079,9.31826,9.32004,1.00,1.00
2016.06.10 13:59:06.130,9.31814,9.32004,1.00,1.00
2016.06.10 13:59:06.181,9.31814,9.32022,1.00,1.00
2016.06.10 13:59:06.231,9.31827,9.32,1.00,1.00
2016.06.10 13:59:06.333,9.31857,9.32064,1.00,1.00
2016.06.10 13:59:06.384,9.31857,9.32044,1.00,1.00
2016.06.10 13:59:06.985,9.31771,9.31979,1.00,1.00
2016.06.10 13:59:07.037,9.31771,9.31974,1.00,1.00
2016.06.10 13:59:07.341,9.31782,9.31964,1.00,1.00
2016.06.10 13:59:07.392,9.31782,9.31974,1.00,1.00
2016.06.10 13:59:07.443,9.31774,9.31974,1.00,1.00
2016.06.10 13:59:07.494,9.31774,9.31944,1.00,1.00
2016.06.10 13:59:07.545,9.31754,9.31944,1.00,1.00
2016.06.10 13:59:07.646,9.31741,9.31945,1.00,1.00
2016.06.10 13:59:07.697,9.31741,9.31934,1.00,1.00
2016.06.10 13:59:07.850,9.31729,9.31934,1.00,1.00
2016.06.10 13:59:07.953,9.31721,9.31914,1.00,1.00
2016.06.10 13:59:08.277,9.31712,9.31904,1.00,1.00
2016.06.10 13:59:08.604,9.31722,9.31904,1.00,1.00
2016.06.10 13:59:08.857,9.31715,9.31904,1.00,1.00
2016.06.10 13:59:08.908,9.31715,9.31895,1.00,1.00
2016.06.10 13:59:09.061,9.31705,9.31895,1.00,1.00
2016.06.10 13:59:09.264,9.31705,9.31884,1.00,1.00
2016.06.10 13:59:09.830,9.31695,9.31884,1.00,1.00
2016.06.10 13:59:11.274,9.31682,9.31884,1.00,1.00
2016.06.10 13:59:11.325,9.31682,9.31874,1.00,1.00
2016.06.10 13:59:11.629,9.31682,9.31864,1.00,1.00
2016.06.10 13:59:11.680,9.31673,9.31864,1.00,1.00
2016.06.10 13:59:11.841,9.31662,9.31864,1.00,1.00
2016.06.10 13:59:11.943,9.31677,9.31864,1.00,1.00
2016.06.10 13:59:12.044,9.31665,9.31854,1.00,1.00
2016.06.10 13:59:12.314,9.31665,9.31844,1.00,1.00
2016.06.10 13:59:12.837,9.31658,9.31844,1.00,1.00
2016.06.10 13:59:13.050,9.31641,9.31844,1.00,1.00
2016.06.10 13:59:13.101,9.31641,9.31835,1.00,1.00
2016.06.10 13:59:13.151,9.31633,9.31835,1.00,1.00
2016.06.10 13:59:13.202,9.31633,9.31825,1.00,1.00
2016.06.10 13:59:13.529,9.31645,9.31824,1.00,1.00
2016.06.10 13:59:13.631,9.31651,9.31853,1.00,1.00
2016.06.10 13:59:13.871,9.31692,9.31884,1.00,1.00
2016.06.10 13:59:14.175,9.31649,9.31844,1.00,1.00
2016.06.10 13:59:14.276,9.31642,9.31844,1.00,1.00
2016.06.10 13:59:14.327,9.31642,9.31834,1.00,1.00
2016.06.10 13:59:14.630,9.31642,9.31824,1.00,1.00
2016.06.10 13:59:14.681,9.31634,9.31824,1.00,1.00
2016.06.10 13:59:14.769,9.31634,9.31842,1.00,1.00
2016.06.10 13:59:14.871,9.31634,9.31814,1.00,1.00
2016.06.10 13:59:15.975,9.31657,9.31854,1.00,1.00
2016.06.10 13:59:16.077,9.3168,9.31874,1.00,1.00
2016.06.10 13:59:16.178,9.31686,9.31884,1.00,1.00
2016.06.10 13:59:16.462,9.31703,9.31904,1.00,1.00
2016.06.10 13:59:16.564,9.31713,9.31904,1.00,1.00
2016.06.10 13:59:16.615,9.31713,9.31914,1.00,1.00
2016.06.10 13:59:16.666,9.31726,9.31914,1.00,1.00
2016.06.10 13:59:17.590,9.31726,9.31924,1.00,1.00
2016.06.10 13:59:17.692,9.31744,9.31934,1.00,1.00
2016.06.10 13:59:18.811,9.31748,9.31934,1.00,1.00
2016.06.10 13:59:19.198,9.3174,9.31934,1.00,1.00
2016.06.10 13:59:19.249,9.3174,9.31924,1.00,1.00
2016.06.10 13:59:21.064,9.31744,9.31924,1.00,1.00
2016.06.10 13:59:21.165,9.3174,9.31924,1.00,1.00
2016.06.10 13:59:22.088,9.31743,9.31924,1.00,1.00
2016.06.10 13:59:22.242,9.31743,9.31934,1.00,1.00
2016.06.10 13:59:22.717,9.3174,9.31924,1.00,1.00
2016.06.10 13:59:23.041,9.31744,9.31924,1.00,1.00
2016.06.10 13:59:23.092,9.31744,9.31934,1.00,1.00
2016.06.10 13:59:25.838,9.31744,9.31944,1.00,1.00
2016.06.10 13:59:25.890,9.31754,9.31944,1.00,1.00
2016.06.10 13:59:27.207,9.31744,9.31944,1.00,1.00
2016.06.10 13:59:27.309,9.31744,9.31934,1.00,1.00
2016.06.10 13:59:27.762,9.3174,9.31934,1.00,1.00
2016.06.10 13:59:27.813,9.3174,9.31924,1.00,1.00
2016.06.10 13:59:28.208,9.31744,9.31924,1.00,1.00
2016.06.10 13:59:28.411,9.31744,9.31934,1.00,1.00
2016.06.10 13:59:29.216,9.31752,9.31944,1.00,1.00
2016.06.10 13:59:29.508,9.3174,9.31941,1.00,1.00
2016.06.10 13:59:29.609,9.3174,9.31924,1.00,1.00
2016.06.10 13:59:29.916,9.31742,9.31934,1.00,1.00
2016.06.10 13:59:30.137,9.31763,9.31934,1.00,1.00
2016.06.10 13:59:30.391,9.31763,9.3195,1.00,1.00
2016.06.10 13:59:30.454,9.31763,9.31954,1.00,1.00
2016.06.10 13:59:30.505,9.31763,9.31964,1.00,1.00
2016.06.10 13:59:42.838,9.31763,9.31974,1.00,1.00
2016.06.10 13:59:44.625,9.31785,9.31974,1.00,1.00
2016.06.10 13:59:46.522,9.31763,9.31975,1.00,1.00
2016.06.10 13:59:46.691,9.31785,9.31975,1.00,1.00
2016.06.10 13:59:47.804,9.31785,9.31944,1.00,1.00
2016.06.10 13:59:47.906,9.31785,9.31964,1.00,1.00
2016.06.10 13:59:48.008,9.31785,9.31944,1.00,1.00
2016.06.10 13:59:48.059,9.31763,9.31944,1.00,1.00
2016.06.10 13:59:48.110,9.31763,9.31955,1.00,1.00
2016.06.10 13:59:48.212,9.31763,9.31965,1.00,1.00
2016.06.10 13:59:48.852,9.31763,9.31964,1.00,1.00
2016.06.10 13:59:49.378,9.31763,9.31965,1.00,1.00
2016.06.10 13:59:50.326,9.31763,9.31954,1.00,1.00
2016.06.10 13:59:50.832,9.31763,9.31964,1.00,1.00
2016.06.10 13:59:50.985,9.31763,9.31954,1.00,1.00
2016.06.10 13:59:52.371,9.31763,9.31955,1.00,1.00
2016.06.10 13:59:53.263,9.31763,9.31954,1.00,1.00
2016.06.10 13:59:53.465,9.31708,9.31944,1.00,1.00
2016.06.10 13:59:53.843,9.31744,9.31944,1.00,1.00
2016.06.10 13:59:54.942,9.31744,9.31934,1.00,1.00
2016.06.10 13:59:55.541,9.31744,9.31935,1.00,1.00
2016.06.10 13:59:56.448,9.31744,9.32002,1.00,1.00
2016.06.10 13:59:56.599,9.31786,9.32002,1.00,1.00
2016.06.10 13:59:56.662,9.31744,9.31984,1.00,3.75
2016.06.10 13:59:57.047,9.31744,9.31934,1.00,1.00
2016.06.10 13:59:59.269,9.31744,9.31954,1.00,1.00
2016.06.10 13:59:59.320,9.31736,9.31954,1.00,1.00
2016.06.10 13:59:59.422,9.31736,9.31964,1.00,1.00
2016.06.10 13:59:59.473,9.31756,9.31964,1.00,1.00
2016.06.10 13:59:59.756,9.31806,9.32144,1.00,1.45
2016.06.10 13:59:59.858,9.31817,9.32124,1.00,1.45
2016.06.10 13:59:59.959,9.31807,9.32124,1.00,1.45
