2011.11.22 07:00:00.848,9.19655,9.19801,2.25,1.73
2011.11.22 07:00:07.455,9.19673,9.19799,2.25,1.73
2011.11.22 07:00:07.798,9.19764,9.19888,1.50,1.65
2011.11.22 07:00:07.919,9.19818,9.19944,1.50,1.58
2011.11.22 07:00:08.040,9.19725,9.19981,2.25,1.58
2011.11.22 07:00:08.268,9.19725,9.19981,2.25,1.58
2011.11.22 07:00:08.822,9.19697,9.20073,1.13,1.18
2011.11.22 07:00:08.937,9.19742,9.19938,1.50,1.58
2011.11.22 07:00:09.279,9.19767,9.19913,1.50,1.58
2011.11.22 07:00:09.618,9.19715,9.19861,2.25,1.58
2011.11.22 07:00:09.957,9.19753,9.19877,1.50,1.58
2011.11.22 07:00:10.929,9.19765,9.19889,2.25,1.50
2011.11.22 07:00:11.157,9.19755,9.19881,2.25,1.58
2011.11.22 07:00:11.573,9.19755,9.19881,1.50,1.58
2011.11.22 07:00:11.690,9.19808,9.19932,1.50,1.58
2011.11.22 07:00:11.919,9.19777,9.19871,2.25,1.50
2011.11.22 07:00:12.038,9.1972,9.19846,2.25,1.50
2011.11.22 07:00:12.158,9.1972,9.19846,2.25,1.58
2011.11.22 07:00:12.278,9.19757,9.19881,1.50,1.58
2011.11.22 07:00:13.113,9.19757,9.19881,2.25,1.58
2011.11.22 07:00:13.429,9.19737,9.19881,2.25,1.58
2011.11.22 07:00:13.550,9.19757,9.19881,2.25,1.50
2011.11.22 07:00:14.917,9.19709,9.19835,2.25,1.58
2011.11.22 07:00:15.147,9.19693,9.19819,2.25,1.58
2011.11.22 07:00:15.487,9.19656,9.1978,2.25,1.58
2011.11.22 07:00:16.176,9.19674,9.19798,2.25,1.58
2011.11.22 07:00:17.292,9.19681,9.19807,2.25,1.50
2011.11.22 07:00:19.177,9.19681,9.19807,2.25,1.50
2011.11.22 07:00:19.302,9.19681,9.19807,2.25,1.50
2011.11.22 07:00:19.417,9.19681,9.19807,2.25,1.50
2011.11.22 07:00:19.647,9.19634,9.19758,2.25,1.50
2011.11.22 07:00:19.878,9.19637,9.1974,1.50,1.50
2011.11.22 07:00:19.999,9.1963,9.19754,1.50,1.50
2011.11.22 07:00:20.449,9.1963,9.19754,2.25,1.50
2011.11.22 07:00:21.269,9.19645,9.19754,2.25,1.50
2011.11.22 07:00:21.396,9.19612,9.19736,2.25,1.58
2011.11.22 07:00:21.521,9.19617,9.19736,1.50,1.58
2011.11.22 07:00:21.862,9.19625,9.19751,2.25,1.50
2011.11.22 07:00:23.178,9.19625,9.19751,2.25,1.50
2011.11.22 07:00:24.227,9.19709,9.19833,1.50,2.33
2011.11.22 07:00:24.459,9.19709,9.19833,1.50,1.58
2011.11.22 07:00:24.853,9.19717,9.19841,1.50,1.58
2011.11.22 07:00:27.266,9.19717,9.19841,2.25,1.50
2011.11.22 07:00:27.536,9.19717,9.19841,2.25,1.50
2011.11.22 07:00:27.937,9.19717,9.19841,2.25,1.50
2011.11.22 07:00:28.244,9.19717,9.19841,2.25,1.50
2011.11.22 07:00:29.194,9.19717,9.19841,2.25,1.50
2011.11.22 07:00:40.399,9.19717,9.19841,2.25,1.50
2011.11.22 07:00:47.105,9.19725,9.19851,2.25,1.50
2011.11.22 07:00:47.225,9.19725,9.19851,2.25,1.50
2011.11.22 07:00:49.456,9.19725,9.19851,1.50,1.50
2011.11.22 07:00:49.579,9.19725,9.19851,1.50,1.58
2011.11.22 07:00:49.917,9.19752,9.19878,1.50,1.58
2011.11.22 07:00:51.179,9.19752,9.19878,2.25,1.58
2011.11.22 07:00:53.101,9.19752,9.19878,2.25,1.58
2011.11.22 07:01:02.692,9.19735,9.19859,2.25,1.58
2011.11.22 07:01:06.390,9.19732,9.19856,1.50,1.58
2011.11.22 07:01:08.099,9.1974,9.19864,1.50,1.58
2011.11.22 07:01:08.546,9.1974,9.19864,2.25,1.58
2011.11.22 07:01:08.672,9.1974,9.19864,1.50,1.58
2011.11.22 07:01:08.793,9.1974,9.19864,2.25,1.58
2011.11.22 07:01:08.924,9.1974,9.19864,1.50,1.58
2011.11.22 07:01:14.396,9.1974,9.19864,2.25,1.58
2011.11.22 07:01:16.826,9.19757,9.19883,1.50,1.58
2011.11.22 07:01:16.947,9.19749,9.19873,1.50,1.58
2011.11.22 07:01:22.482,9.19749,9.19873,1.50,1.58
2011.11.22 07:01:33.257,9.19741,9.19865,1.50,1.58
2011.11.22 07:01:33.378,9.19733,9.19857,1.50,1.58
2011.11.22 07:01:33.611,9.19724,9.1985,2.25,1.58
2011.11.22 07:01:34.025,9.19735,9.19861,1.50,1.58
2011.11.22 07:01:34.696,9.19726,9.19852,2.25,1.58
2011.11.22 07:01:34.820,9.19731,9.19855,1.50,1.58
2011.11.22 07:01:35.870,9.1974,9.19866,1.50,1.58
2011.11.22 07:01:40.512,9.19749,9.19873,1.50,1.58
2011.11.22 07:01:43.129,9.19764,9.19888,1.50,1.58
2011.11.22 07:01:43.619,9.19755,9.19881,1.50,1.58
2011.11.22 07:01:43.741,9.19741,9.19865,1.50,1.58
2011.11.22 07:01:47.558,9.19748,9.19874,1.50,1.58
2011.11.22 07:01:50.680,9.1976,9.19884,1.50,1.58
2011.11.22 07:01:51.173,9.1975,9.19876,1.50,1.58
2011.11.22 07:01:52.818,9.19766,9.19892,1.50,1.69
2011.11.22 07:01:53.084,9.19757,9.19883,1.50,1.58
2011.11.22 07:01:53.959,9.19738,9.19864,1.50,1.58
2011.11.22 07:01:54.307,9.19728,9.19854,1.50,1.58
2011.11.22 07:01:55.051,9.19737,9.19861,1.50,1.58
2011.11.22 07:01:56.328,9.19747,9.19871,1.50,1.58
2011.11.22 07:02:00.968,9.19737,9.19863,1.50,1.58
2011.11.22 07:02:01.416,9.19729,9.19855,1.50,1.58
2011.11.22 07:02:01.541,9.19738,9.19862,1.50,1.58
2011.11.22 07:02:01.661,9.19728,9.19852,1.50,1.58
2011.11.22 07:02:03.792,9.19719,9.19845,1.50,1.58
2011.11.22 07:02:03.913,9.1971,9.19836,1.50,1.58
2011.11.22 07:02:05.736,9.19704,9.19828,1.50,1.58
2011.11.22 07:02:07.335,9.1972,9.19844,1.50,1.58
2011.11.22 07:02:07.727,9.19711,9.19837,1.50,1.58
2011.11.22 07:02:08.537,9.19719,9.19845,1.50,1.58
2011.11.22 07:02:08.986,9.19728,9.19852,1.50,1.58
2011.11.22 07:02:09.778,9.19736,9.19862,1.50,1.58
2011.11.22 07:02:13.400,9.19746,9.1987,1.50,1.58
2011.11.22 07:02:13.518,9.19737,9.19861,1.50,1.58
2011.11.22 07:02:13.638,9.19746,9.1987,1.50,1.58
2011.11.22 07:02:13.757,9.19738,9.19862,1.50,1.58
2011.11.22 07:02:14.717,9.1973,9.19854,1.50,1.58
2011.11.22 07:02:16.807,9.19719,9.19843,1.50,1.58
2011.11.22 07:02:17.129,9.19733,9.19857,1.50,1.58
2011.11.22 07:02:17.253,9.19724,9.1985,1.50,1.58
2011.11.22 07:02:18.075,9.19678,9.19833,1.50,1.58
2011.11.22 07:02:18.200,9.19694,9.1982,1.50,1.50
2011.11.22 07:02:18.670,9.19704,9.19828,1.50,1.50
2011.11.22 07:02:19.359,9.19682,9.19808,1.50,1.50
2011.11.22 07:02:19.821,9.19693,9.19817,1.50,1.50
2011.11.22 07:02:20.439,9.19703,9.19827,1.50,1.50
2011.11.22 07:02:21.809,9.19694,9.19818,1.50,1.50
2011.11.22 07:02:29.586,9.19694,9.19818,1.50,1.50
2011.11.22 07:02:31.288,9.19704,9.19828,1.50,1.50
2011.11.22 07:02:32.849,9.19717,9.19841,1.50,1.50
2011.11.22 07:02:33.717,9.19709,9.19833,1.50,1.50
2011.11.22 07:02:35.919,9.19717,9.19843,1.50,1.50
2011.11.22 07:02:36.375,9.19709,9.19835,1.50,1.50
2011.11.22 07:02:53.877,9.19725,9.19851,1.50,1.50
2011.11.22 07:02:54.221,9.19739,9.19863,1.50,1.50
2011.11.22 07:02:58.614,9.19731,9.19855,1.50,1.50
2011.11.22 07:03:13.776,9.19741,9.19867,1.50,1.50
2011.11.22 07:03:16.896,9.19728,9.19854,1.50,1.50
2011.11.22 07:03:17.681,9.19747,9.19871,1.50,1.50
2011.11.22 07:03:18.018,9.19733,9.19857,1.50,1.50
2011.11.22 07:03:22.607,9.19723,9.19849,1.50,1.50
2011.11.22 07:03:23.071,9.19715,9.19841,1.50,1.50
2011.11.22 07:03:24.206,9.19724,9.19848,1.50,1.50
2011.11.22 07:03:26.807,9.19732,9.19856,1.50,1.50
2011.11.22 07:03:27.184,9.19724,9.19848,1.50,1.50
2011.11.22 07:03:38.008,9.19801,9.19902,1.50,1.01
2011.11.22 07:03:38.252,9.19746,9.19872,2.18,1.50
2011.11.22 07:03:38.370,9.19746,9.19872,1.50,1.50
2011.11.22 07:03:38.487,9.19729,9.19855,1.50,1.50
2011.11.22 07:03:38.828,9.19748,9.19872,1.50,1.50
2011.11.22 07:03:39.522,9.19736,9.19862,1.50,1.50
2011.11.22 07:03:39.939,9.19736,9.19862,2.25,1.50
2011.11.22 07:03:41.208,9.19736,9.19862,2.25,1.50
2011.11.22 07:03:44.478,9.19736,9.19862,2.25,1.50
2011.11.22 07:03:45.673,9.19736,9.19862,2.25,1.50
2011.11.22 07:03:49.838,9.19748,9.19872,2.25,1.50
2011.11.22 07:03:58.619,9.19732,9.19858,2.25,1.50
2011.11.22 07:03:59.448,9.19732,9.19858,2.25,1.50
2011.11.22 07:03:59.902,9.19713,9.19839,2.25,1.50
2011.11.22 07:04:00.740,9.19722,9.19846,2.25,1.50
2011.11.22 07:04:02.078,9.19731,9.19855,2.25,1.50
2011.11.22 07:04:02.308,9.19739,9.19863,1.50,1.50
2011.11.22 07:04:03.172,9.19739,9.19863,2.25,1.50
2011.11.22 07:04:03.442,9.19739,9.19863,1.50,1.50
2011.11.22 07:04:06.868,9.19729,9.19855,2.25,1.50
2011.11.22 07:04:08.039,9.19741,9.19865,1.50,1.50
2011.11.22 07:04:14.743,9.1975,9.19874,1.50,1.50
2011.11.22 07:04:15.335,9.1975,9.19874,2.25,1.50
2011.11.22 07:04:16.858,9.19738,9.19864,2.25,1.50
2011.11.22 07:04:16.976,9.19738,9.19864,2.25,1.50
2011.11.22 07:04:17.096,9.1973,9.19854,2.25,1.50
2011.11.22 07:04:17.217,9.1973,9.19854,1.50,1.50
2011.11.22 07:04:17.557,9.19722,9.19846,1.50,1.50
2011.11.22 07:04:19.046,9.19722,9.19846,2.25,1.50
2011.11.22 07:04:19.173,9.19735,9.19861,1.50,1.50
2011.11.22 07:04:26.691,9.19725,9.19849,2.25,1.50
2011.11.22 07:04:28.667,9.19725,9.19849,1.50,1.50
2011.11.22 07:04:28.930,9.19725,9.19849,2.25,1.50
2011.11.22 07:04:29.700,9.19735,9.19859,1.50,1.50
2011.11.22 07:04:38.418,9.19735,9.19859,2.18,1.50
2011.11.22 07:04:38.756,9.19735,9.19859,2.18,1.50
2011.11.22 07:04:39.097,9.19807,9.19933,1.50,2.36
2011.11.22 07:04:44.207,9.19816,9.1994,1.50,2.36
2011.11.22 07:04:47.138,9.19807,9.19931,1.50,2.13
2011.11.22 07:04:54.699,9.19841,9.19967,1.50,2.36
2011.11.22 07:04:54.818,9.19841,9.19967,1.50,1.50
2011.11.22 07:04:55.049,9.19841,9.19965,1.50,1.50
2011.11.22 07:04:55.170,9.19814,9.1994,1.50,1.50
2011.11.22 07:04:57.873,9.19814,9.1994,2.25,1.50
2011.11.22 07:05:13.627,9.19814,9.1994,2.25,1.50
2011.11.22 07:05:28.319,9.19828,9.19954,2.25,1.50
2011.11.22 07:05:31.134,9.19821,9.19945,2.25,1.50
2011.11.22 07:05:31.630,9.19828,9.19954,2.25,1.50
2011.11.22 07:05:32.129,9.19821,9.19945,2.25,1.50
2011.11.22 07:05:33.823,9.19811,9.19937,2.25,1.50
2011.11.22 07:05:42.440,9.19853,9.19977,2.25,1.50
2011.11.22 07:05:42.563,9.19867,9.19991,1.50,1.50
2011.11.22 07:05:44.178,9.19867,9.19991,2.25,1.50
2011.11.22 07:05:45.139,9.19867,9.19991,2.25,1.50
2011.11.22 07:05:46.866,9.1988,9.20006,2.25,1.58
2011.11.22 07:05:55.011,9.19872,9.19996,2.25,1.50
2011.11.22 07:06:11.468,9.19872,9.19996,2.25,1.50
2011.11.22 07:06:11.589,9.19882,9.20006,2.25,1.50
2011.11.22 07:06:11.938,9.19882,9.20006,2.25,1.50
2011.11.22 07:06:12.060,9.19873,9.19999,2.25,1.50
2011.11.22 07:06:13.343,9.19861,9.19985,2.25,1.50
2011.11.22 07:06:13.792,9.19889,9.20015,2.25,1.50
2011.11.22 07:06:14.425,9.1988,9.20006,2.25,1.50
2011.11.22 07:06:16.669,9.1988,9.20006,2.25,1.50
2011.11.22 07:06:17.089,9.1988,9.20006,2.25,1.50
2011.11.22 07:06:17.389,9.1988,9.20006,2.25,1.50
2011.11.22 07:06:19.167,9.1988,9.20006,2.25,1.50
2011.11.22 07:06:20.422,9.1988,9.20006,2.25,1.50
2011.11.22 07:06:20.757,9.19869,9.19993,2.25,1.50
2011.11.22 07:06:22.336,9.19869,9.19993,2.25,1.50
2011.11.22 07:06:22.567,9.19883,9.20007,2.25,1.50
2011.11.22 07:06:22.687,9.19883,9.20007,2.25,1.50
2011.11.22 07:06:22.809,9.19896,9.20022,2.25,1.50
2011.11.22 07:06:23.148,9.19896,9.20022,2.25,1.50
2011.11.22 07:06:23.268,9.19915,9.20039,2.25,1.50
2011.11.22 07:06:23.803,9.19915,9.20039,2.25,1.50
2011.11.22 07:06:23.926,9.19923,9.20049,2.25,1.50
2011.11.22 07:06:25.203,9.19923,9.20049,2.25,1.50
2011.11.22 07:06:26.296,9.19923,9.20049,2.25,1.50
2011.11.22 07:06:31.759,9.19909,9.20033,2.25,1.50
2011.11.22 07:06:38.557,9.19912,9.20036,2.25,1.50
2011.11.22 07:06:39.222,9.19922,9.20046,2.25,1.50
2011.11.22 07:06:40.379,9.1991,9.20034,2.25,1.50
2011.11.22 07:06:42.626,9.1991,9.20034,2.25,1.50
2011.11.22 07:06:42.747,9.19918,9.20044,2.25,1.50
2011.11.22 07:06:44.167,9.19918,9.20044,2.25,1.50
2011.11.22 07:06:45.049,9.19918,9.20044,2.25,1.50
2011.11.22 07:06:47.356,9.19918,9.20044,2.25,1.50
2011.11.22 07:06:51.936,9.1991,9.20036,2.25,1.50
2011.11.22 07:06:54.661,9.1993,9.20054,2.25,1.50
2011.11.22 07:06:54.782,9.19921,9.20047,2.25,1.50
2011.11.22 07:06:55.010,9.19921,9.20047,2.25,1.50
2011.11.22 07:06:58.288,9.19909,9.20033,2.25,1.50
2011.11.22 07:06:58.522,9.19909,9.20033,2.25,1.50
2011.11.22 07:07:00.176,9.19909,9.20033,2.25,1.50
2011.11.22 07:07:01.889,9.19909,9.20033,2.25,1.50
2011.11.22 07:07:02.006,9.19909,9.20033,2.25,1.50
2011.11.22 07:07:02.237,9.19897,9.20023,2.25,1.50
2011.11.22 07:07:04.637,9.19887,9.20011,2.25,1.50
2011.11.22 07:07:07.176,9.19887,9.20011,2.25,1.50
2011.11.22 07:07:11.577,9.19887,9.20011,2.25,1.50
2011.11.22 07:07:11.698,9.19896,9.20022,2.25,1.50
2011.11.22 07:07:12.040,9.19905,9.20029,2.25,1.50
2011.11.22 07:07:13.122,9.19905,9.20029,2.25,1.50
2011.11.22 07:07:13.541,9.19896,9.20022,2.25,1.50
2011.11.22 07:07:14.020,9.19896,9.20022,2.25,1.50
2011.11.22 07:07:15.119,9.19896,9.20022,2.25,1.50
2011.11.22 07:07:15.768,9.19889,9.20013,2.25,1.50
2011.11.22 07:07:18.056,9.19889,9.20039,2.25,1.50
2011.11.22 07:07:18.179,9.19896,9.20022,2.25,1.50
2011.11.22 07:07:23.079,9.19904,9.2003,2.25,1.50
2011.11.22 07:07:23.196,9.19896,9.20022,2.25,1.50
2011.11.22 07:07:25.708,9.19885,9.20011,2.25,1.50
2011.11.22 07:07:34.757,9.19893,9.20019,2.25,1.50
2011.11.22 07:07:43.845,9.19878,9.20004,2.25,1.50
2011.11.22 07:07:44.521,9.1987,9.20029,2.25,1.50
2011.11.22 07:07:44.636,9.1987,9.2002,2.25,1.50
2011.11.22 07:07:46.906,9.19879,9.20005,2.25,1.50
2011.11.22 07:07:47.467,9.19903,9.20029,2.25,1.50
2011.11.22 07:07:47.807,9.19903,9.20029,2.25,1.50
2011.11.22 07:07:48.041,9.19918,9.20037,1.50,1.50
2011.11.22 07:07:48.269,9.19911,9.20037,2.25,1.50
2011.11.22 07:07:50.158,9.19911,9.20037,2.25,1.50
2011.11.22 07:07:52.768,9.19921,9.20047,2.25,1.50
2011.11.22 07:07:52.906,9.19927,9.20047,1.50,1.50
2011.11.22 07:07:53.154,9.19927,9.20042,1.50,1.50
2011.11.22 07:07:53.712,9.19988,9.20112,1.50,2.25
2011.11.22 07:07:53.830,9.19988,9.20112,1.50,1.50
2011.11.22 07:07:53.948,9.19948,9.20061,1.43,1.50
2011.11.22 07:07:54.299,9.19928,9.20051,1.50,1.50
2011.11.22 07:07:54.418,9.19928,9.20051,1.50,1.50
2011.11.22 07:07:54.956,9.19925,9.20051,2.25,1.50
2011.11.22 07:07:55.531,9.19925,9.20051,2.25,1.50
2011.11.22 07:07:55.650,9.19933,9.20059,2.25,1.50
2011.11.22 07:07:55.889,9.19933,9.20059,2.25,1.50
2011.11.22 07:07:57.002,9.19947,9.20073,2.25,1.50
2011.11.22 07:07:57.242,9.19947,9.20073,2.25,1.50
2011.11.22 07:07:58.146,9.19947,9.20073,2.25,1.50
2011.11.22 07:07:58.488,9.19947,9.20073,2.25,1.50
2011.11.22 07:07:59.187,9.19947,9.20098,2.25,1.50
2011.11.22 07:08:01.399,9.19947,9.20098,2.25,1.50
2011.11.22 07:08:03.008,9.19958,9.20081,1.50,1.50
2011.11.22 07:08:03.433,9.19958,9.20162,1.50,1.20
2011.11.22 07:08:07.182,9.19958,9.20162,1.50,1.20
2011.11.22 07:08:08.970,9.19948,9.20162,2.25,1.20
2011.11.22 07:08:10.740,9.19977,9.20162,1.50,1.20
2011.11.22 07:08:10.969,9.19977,9.20162,1.50,1.20
2011.11.22 07:08:11.981,9.19965,9.20162,2.25,1.20
2011.11.22 07:08:13.329,9.19978,9.20106,1.50,1.50
2011.11.22 07:08:13.749,9.19977,9.20081,1.50,1.50
2011.11.22 07:08:14.831,9.19978,9.20162,1.50,1.20
2011.11.22 07:08:15.198,9.19977,9.20072,1.50,1.50
2011.11.22 07:08:15.893,9.19977,9.20062,1.50,1.50
2011.11.22 07:08:16.253,9.19958,9.20182,1.50,1.20
2011.11.22 07:08:17.888,9.19958,9.20162,1.50,1.20
2011.11.22 07:08:19.260,9.19976,9.20071,1.50,1.50
2011.11.22 07:08:20.980,9.19977,9.2008,1.50,1.50
2011.11.22 07:08:21.318,9.19977,9.2009,1.50,1.50
2011.11.22 07:08:22.287,9.19998,9.20162,1.50,1.20
2011.11.22 07:08:30.180,9.19978,9.20162,1.50,1.20
2011.11.22 07:08:33.311,9.19973,9.20073,1.50,1.50
2011.11.22 07:08:35.729,9.19962,9.20073,1.50,1.50
2011.11.22 07:08:35.852,9.19967,9.20099,1.50,1.50
2011.11.22 07:08:36.187,9.19966,9.20062,1.50,1.50
2011.11.22 07:08:36.439,9.19967,9.20087,1.50,1.50
2011.11.22 07:08:36.901,9.19968,9.20062,1.50,1.50
2011.11.22 07:08:37.254,9.19946,9.20043,1.50,1.50
2011.11.22 07:08:37.480,9.19947,9.20068,1.50,1.50
2011.11.22 07:08:38.125,9.19927,9.2004,1.50,1.50
2011.11.22 07:08:39.172,9.19928,9.20051,1.50,1.50
2011.11.22 07:08:39.428,9.19928,9.20075,1.50,1.50
2011.11.22 07:08:39.555,9.19934,9.20058,1.50,1.50
2011.11.22 07:08:42.014,9.19948,9.20154,1.50,1.20
2011.11.22 07:08:42.660,9.19948,9.20154,1.50,1.20
2011.11.22 07:08:45.302,9.19937,9.20063,2.25,1.50
2011.11.22 07:08:56.021,9.19927,9.20052,1.50,1.50
2011.11.22 07:08:59.062,9.19926,9.20041,1.50,1.50
2011.11.22 07:08:59.936,9.19917,9.20041,2.25,1.50
2011.11.22 07:09:00.722,9.19917,9.20041,2.25,1.50
2011.11.22 07:09:01.799,9.19927,9.2005,1.50,1.50
2011.11.22 07:09:02.487,9.19936,9.2006,2.25,1.50
2011.11.22 07:09:03.700,9.19936,9.2006,2.25,1.50
2011.11.22 07:09:03.927,9.19936,9.2006,2.25,1.50
2011.11.22 07:09:04.334,9.19936,9.2006,2.25,1.50
2011.11.22 07:09:05.720,9.19936,9.2006,2.25,1.50
2011.11.22 07:09:05.951,9.19951,9.20077,2.25,1.50
2011.11.22 07:09:06.074,9.19916,9.20042,3.75,1.50
2011.11.22 07:09:06.972,9.19927,9.20051,2.25,1.50
2011.11.22 07:09:10.350,9.19935,9.20059,2.25,1.50
2011.11.22 07:09:10.469,9.19935,9.20059,2.25,1.50
2011.11.22 07:09:10.930,9.19943,9.20067,2.25,1.50
2011.11.22 07:09:12.511,9.19943,9.20067,2.25,1.50
2011.11.22 07:09:13.949,9.19943,9.20067,2.25,1.50
2011.11.22 07:09:14.240,9.19935,9.20061,2.25,1.50
2011.11.22 07:09:17.861,9.19961,9.20085,2.25,1.50
2011.11.22 07:09:17.978,9.19961,9.20087,2.25,1.50
2011.11.22 07:09:18.459,9.19961,9.20087,2.25,1.50
2011.11.22 07:09:18.797,9.19973,9.20097,2.25,1.50
2011.11.22 07:09:20.179,9.19973,9.20097,2.25,1.50
2011.11.22 07:09:21.123,9.19973,9.20123,2.25,1.50
2011.11.22 07:09:21.238,9.19986,9.2011,2.25,1.50
2011.11.22 07:09:22.276,9.19986,9.20135,2.25,1.50
2011.11.22 07:09:23.951,9.19995,9.20119,1.50,1.50
2011.11.22 07:09:24.068,9.19995,9.20119,2.25,1.50
2011.11.22 07:09:24.188,9.19995,9.20201,2.25,1.20
2011.11.22 07:09:34.202,9.19972,9.20116,1.50,1.50
2011.11.22 07:09:35.508,9.1998,9.20104,1.50,1.50
2011.11.22 07:09:39.888,9.1998,9.20104,2.25,1.50
2011.11.22 07:09:40.295,9.1998,9.20129,2.25,1.50
2011.11.22 07:09:40.526,9.1998,9.20201,2.25,1.20
2011.11.22 07:09:41.228,9.1998,9.20137,2.25,1.50
2011.11.22 07:09:41.980,9.19988,9.20112,2.25,1.50
2011.11.22 07:09:42.878,9.1998,9.20104,2.25,1.50
2011.11.22 07:09:43.980,9.1998,9.20104,2.25,1.50
2011.11.22 07:09:44.451,9.19993,9.20143,2.25,1.50
2011.11.22 07:09:45.196,9.19997,9.20143,1.50,1.50
2011.11.22 07:09:46.148,9.19997,9.20143,1.50,1.50
2011.11.22 07:09:46.267,9.20001,9.20127,1.50,1.50
2011.11.22 07:09:48.730,9.20009,9.20135,1.50,1.50
2011.11.22 07:09:49.142,9.19997,9.20123,2.25,1.50
2011.11.22 07:09:51.531,9.19997,9.20148,2.25,1.50
2011.11.22 07:09:51.778,9.2,9.20124,2.25,1.50
2011.11.22 07:09:52.013,9.20187,9.20278,1.50,1.58
2011.11.22 07:09:52.133,9.20187,9.20458,1.50,2.25
2011.11.22 07:09:52.251,9.20118,9.20334,1.50,2.25
2011.11.22 07:09:52.374,9.20089,9.20313,1.50,2.25
2011.11.22 07:09:52.598,9.2008,9.203,1.50,2.33
2011.11.22 07:09:53.062,9.2012,9.203,2.25,2.33
2011.11.22 07:09:53.290,9.20213,9.20357,1.50,2.25
2011.11.22 07:09:53.410,9.20213,9.20357,1.50,1.50
2011.11.22 07:09:53.764,9.20205,9.20349,1.50,1.50
2011.11.22 07:09:54.218,9.20229,9.20373,1.50,1.50
2011.11.22 07:09:54.731,9.20259,9.20385,1.50,1.50
2011.11.22 07:09:55.109,9.20259,9.20385,2.25,1.50
2011.11.22 07:09:55.229,9.20267,9.20393,2.25,1.50
2011.11.22 07:09:55.692,9.20275,9.20401,2.25,1.50
2011.11.22 07:09:56.155,9.20275,9.20401,2.25,1.50
2011.11.22 07:09:56.608,9.20284,9.20408,2.25,1.50
2011.11.22 07:09:57.216,9.20284,9.20408,2.25,1.50
2011.11.22 07:09:58.329,9.20284,9.20408,2.25,1.50
2011.11.22 07:09:58.644,9.20291,9.20417,2.25,1.58
2011.11.22 07:09:58.869,9.20291,9.20417,2.25,1.58
2011.11.22 07:09:59.268,9.20291,9.20417,2.25,1.58
2011.11.22 07:10:00.474,9.20405,9.20493,1.50,1.58
2011.11.22 07:10:00.589,9.20429,9.20583,1.50,2.33
2011.11.22 07:10:00.713,9.2044,9.2057,1.50,2.33
2011.11.22 07:10:00.833,9.20356,9.20545,1.50,2.33
2011.11.22 07:10:01.301,9.20319,9.20523,1.50,1.65
2011.11.22 07:10:01.639,9.2036,9.20523,1.50,1.65
2011.11.22 07:10:02.159,9.20352,9.20514,1.50,1.65
2011.11.22 07:10:02.771,9.2035,9.20514,1.50,1.65
2011.11.22 07:10:03.529,9.20338,9.20518,1.50,1.65
2011.11.22 07:10:03.871,9.20351,9.20518,1.50,1.65
2011.11.22 07:10:03.992,9.20341,9.20517,1.50,1.65
2011.11.22 07:10:04.219,9.20341,9.20477,2.25,1.58
2011.11.22 07:10:04.671,9.2026,9.20386,2.25,1.50
2011.11.22 07:10:05.222,9.20243,9.20367,1.50,1.50
2011.11.22 07:10:05.716,9.20243,9.20393,2.25,1.50
2011.11.22 07:10:06.219,9.20243,9.20393,2.25,1.50
2011.11.22 07:10:06.559,9.20253,9.20377,1.50,1.50
2011.11.22 07:10:06.787,9.20253,9.20377,2.25,1.50
2011.11.22 07:10:06.909,9.20237,9.20361,3.00,1.50
2011.11.22 07:10:07.030,9.20237,9.20361,2.25,1.50
2011.11.22 07:10:09.308,9.20237,9.20361,2.25,1.50
2011.11.22 07:10:09.589,9.20228,9.20354,2.25,1.50
2011.11.22 07:10:11.266,9.20228,9.20354,2.25,1.50
2011.11.22 07:10:12.108,9.20228,9.20354,2.25,1.50
2011.11.22 07:10:12.652,9.20228,9.20354,2.25,1.50
2011.11.22 07:10:14.209,9.20228,9.20354,2.25,1.50
2011.11.22 07:10:15.079,9.20228,9.20354,2.25,1.50
2011.11.22 07:10:15.417,9.20245,9.20371,2.25,1.50
2011.11.22 07:10:16.309,9.20238,9.20362,2.25,1.50
2011.11.22 07:10:20.057,9.2023,9.20354,2.25,1.50
2011.11.22 07:10:21.795,9.20239,9.20363,2.25,1.50
2011.11.22 07:10:22.033,9.20252,9.20376,2.25,1.50
2011.11.22 07:10:22.368,9.20244,9.20368,2.25,1.50
2011.11.22 07:10:24.457,9.20236,9.2036,2.25,1.50
2011.11.22 07:10:26.002,9.20227,9.20353,2.25,1.50
2011.11.22 07:10:28.430,9.20245,9.20371,2.25,1.50
2011.11.22 07:10:30.327,9.20237,9.20363,2.25,1.50
2011.11.22 07:10:31.797,9.20223,9.20349,2.25,1.50
2011.11.22 07:10:42.440,9.20231,9.20357,2.25,1.50
2011.11.22 07:10:42.865,9.20231,9.20357,1.50,1.50
2011.11.22 07:10:43.113,9.2036,9.20512,1.50,1.58
2011.11.22 07:10:43.341,9.2036,9.20532,1.50,1.58
2011.11.22 07:10:43.702,9.20385,9.20532,1.50,1.58
2011.11.22 07:10:44.427,9.20405,9.20512,1.50,1.50
2011.11.22 07:10:46.761,9.20414,9.20523,1.50,1.50
2011.11.22 07:10:46.989,9.20414,9.20547,1.50,1.50
2011.11.22 07:10:48.518,9.20431,9.20547,1.50,1.50
2011.11.22 07:10:48.748,9.20421,9.20547,1.50,1.50
2011.11.22 07:10:48.978,9.20432,9.20547,1.50,1.50
2011.11.22 07:10:49.208,9.20421,9.20547,1.50,1.50
2011.11.22 07:10:50.503,9.20427,9.20547,1.50,1.50
2011.11.22 07:10:51.060,9.20417,9.20547,1.50,1.50
2011.11.22 07:10:51.511,9.20414,9.20547,1.50,1.50
2011.11.22 07:10:52.668,9.20423,9.20547,1.50,1.50
2011.11.22 07:10:52.787,9.20415,9.20547,1.50,1.50
2011.11.22 07:10:53.269,9.20404,9.20547,1.50,1.50
2011.11.22 07:10:54.163,9.20395,9.20547,1.50,1.50
2011.11.22 07:10:56.131,9.20387,9.20547,1.50,1.50
2011.11.22 07:10:57.358,9.20395,9.20547,1.50,1.50
2011.11.22 07:10:57.998,9.20404,9.20547,1.50,1.50
2011.11.22 07:11:12.414,9.20417,9.20547,1.50,1.50
2011.11.22 07:11:13.073,9.20408,9.20547,1.50,1.50
2011.11.22 07:11:15.266,9.20408,9.20547,1.50,1.50
2011.11.22 07:11:16.330,9.204,9.20548,1.50,1.50
2011.11.22 07:11:16.777,9.2039,9.20548,1.50,1.50
2011.11.22 07:11:17.832,9.20399,9.20548,1.50,1.50
2011.11.22 07:11:21.839,9.20406,9.20548,1.50,1.50
2011.11.22 07:11:23.941,9.20414,9.20548,1.50,1.50
2011.11.22 07:11:26.437,9.20414,9.20509,1.50,1.50
2011.11.22 07:11:26.557,9.20359,9.20485,1.50,1.50
2011.11.22 07:11:27.178,9.20335,9.20454,1.50,1.50
2011.11.22 07:11:27.297,9.2033,9.20454,1.50,1.50
2011.11.22 07:11:27.419,9.2033,9.20442,1.50,1.50
2011.11.22 07:11:27.649,9.20276,9.20402,1.50,1.50
2011.11.22 07:11:27.769,9.20249,9.20373,1.50,1.50
2011.11.22 07:11:28.700,9.20241,9.20365,1.50,1.50
2011.11.22 07:11:29.483,9.20226,9.2035,1.50,1.50
2011.11.22 07:11:29.602,9.20233,9.20359,1.50,1.50
2011.11.22 07:11:30.393,9.20222,9.20348,1.50,1.50
2011.11.22 07:11:31.775,9.20231,9.20357,1.50,1.50
2011.11.22 07:11:32.156,9.20223,9.20347,1.50,1.50
2011.11.22 07:11:33.039,9.20234,9.20358,1.50,1.50
2011.11.22 07:11:35.241,9.20222,9.20348,1.50,1.50
2011.11.22 07:11:36.030,9.20212,9.20338,1.50,1.50
2011.11.22 07:11:36.658,9.2022,9.20346,1.50,1.50
2011.11.22 07:11:36.998,9.20229,9.20355,1.50,1.50
2011.11.22 07:11:37.529,9.20221,9.20347,1.50,1.50
2011.11.22 07:11:38.162,9.20203,9.20329,1.50,1.50
2011.11.22 07:11:38.730,9.20194,9.20318,1.50,1.50
2011.11.22 07:11:40.571,9.20214,9.2034,1.50,1.50
2011.11.22 07:11:41.681,9.20219,9.20343,1.50,1.50
2011.11.22 07:11:42.484,9.2023,9.20356,1.50,1.50
2011.11.22 07:11:42.989,9.20222,9.20348,1.50,1.50
2011.11.22 07:11:44.408,9.20246,9.2037,2.18,1.50
2011.11.22 07:11:44.750,9.20296,9.20422,1.50,1.50
2011.11.22 07:11:44.870,9.2032,9.20446,1.50,1.50
2011.11.22 07:11:45.210,9.20307,9.20431,1.50,1.50
2011.11.22 07:11:45.805,9.20316,9.20442,1.50,1.50
2011.11.22 07:11:46.434,9.20256,9.20498,2.18,1.50
2011.11.22 07:11:46.662,9.20261,9.20486,2.18,1.50
2011.11.22 07:11:47.908,9.20282,9.20489,1.50,1.50
2011.11.22 07:11:48.030,9.20277,9.20491,1.43,1.50
2011.11.22 07:11:48.148,9.20277,9.20489,1.43,1.50
2011.11.22 07:11:49.304,9.20267,9.20469,1.43,1.50
2011.11.22 07:11:49.733,9.20278,9.20462,1.43,1.50
2011.11.22 07:11:50.713,9.20278,9.2047,1.43,1.50
2011.11.22 07:11:51.577,9.20261,9.20478,2.18,2.25
2011.11.22 07:11:54.357,9.20288,9.20494,1.50,2.25
2011.11.22 07:11:55.839,9.2028,9.20494,1.50,2.25
2011.11.22 07:11:55.963,9.20304,9.20486,1.50,2.25
2011.11.22 07:11:56.081,9.20295,9.20488,1.50,2.25
2011.11.22 07:11:56.966,9.20283,9.20474,1.50,2.25
2011.11.22 07:11:57.315,9.2027,9.20463,2.18,1.50
2011.11.22 07:11:57.661,9.2027,9.20463,2.18,2.25
2011.11.22 07:11:58.204,9.2027,9.20463,2.18,1.50
2011.11.22 07:11:58.322,9.20279,9.2047,1.50,1.50
2011.11.22 07:11:59.502,9.20289,9.2048,1.50,2.25
2011.11.22 07:12:01.417,9.2029,9.20471,1.50,1.50
2011.11.22 07:12:01.771,9.20292,9.20473,1.50,2.25
2011.11.22 07:12:03.814,9.203,9.2047,1.50,1.50
2011.11.22 07:12:04.887,9.20292,9.20478,1.50,2.25
2011.11.22 07:12:05.858,9.20292,9.20478,1.50,2.25
2011.11.22 07:12:06.451,9.20292,9.20478,1.50,2.25
2011.11.22 07:12:06.569,9.20305,9.20499,1.50,2.25
2011.11.22 07:12:06.908,9.20305,9.20499,1.50,2.25
2011.11.22 07:12:07.030,9.20278,9.20493,2.18,2.25
2011.11.22 07:12:07.257,9.20278,9.20493,2.18,2.25
2011.11.22 07:12:11.118,9.20296,9.2048,1.50,2.25
2011.11.22 07:12:11.828,9.20276,9.20483,2.18,2.25
2011.11.22 07:12:13.848,9.20293,9.20466,1.50,1.50
2011.11.22 07:12:21.211,9.20284,9.20465,1.50,1.50
2011.11.22 07:12:21.333,9.20284,9.20465,1.50,2.25
2011.11.22 07:12:21.893,9.20269,9.20462,2.18,2.25
2011.11.22 07:12:25.095,9.20283,9.20486,1.50,2.25
2011.11.22 07:12:25.898,9.20274,9.20489,2.18,2.25
2011.11.22 07:12:31.888,9.2028,9.20473,1.50,2.25
2011.11.22 07:12:37.216,9.20289,9.20482,1.50,2.25
2011.11.22 07:12:40.837,9.20279,9.20488,1.50,2.25
2011.11.22 07:12:42.060,9.20279,9.20488,1.50,2.25
2011.11.22 07:12:44.700,9.2027,9.20485,2.18,2.25
2011.11.22 07:12:45.581,9.2027,9.20485,1.50,2.25
2011.11.22 07:12:46.048,9.20277,9.20494,1.50,2.25
2011.11.22 07:12:47.919,9.20277,9.20494,1.50,2.25
2011.11.22 07:12:48.151,9.20277,9.20494,1.50,2.25
2011.11.22 07:12:48.493,9.20267,9.20411,1.50,1.50
2011.11.22 07:12:48.872,9.20275,9.20421,1.50,1.50
2011.11.22 07:12:49.101,9.20284,9.20428,1.50,1.50
2011.11.22 07:12:49.876,9.20267,9.20393,1.50,1.50
2011.11.22 07:12:50.621,9.20276,9.204,1.50,1.50
2011.11.22 07:12:51.132,9.20294,9.2042,1.50,1.50
2011.11.22 07:12:51.611,9.20302,9.20428,1.50,2.25
2011.11.22 07:12:52.144,9.20287,9.20413,1.50,2.25
2011.11.22 07:12:52.261,9.20287,9.20413,1.50,2.25
2011.11.22 07:12:53.941,9.20292,9.20413,2.18,1.50
2011.11.22 07:12:54.061,9.20317,9.20443,1.50,1.50
2011.11.22 07:12:54.539,9.20336,9.20462,1.50,1.50
2011.11.22 07:12:54.930,9.20349,9.20475,1.50,1.50
2011.11.22 07:12:55.827,9.20368,9.20492,1.50,1.50
2011.11.22 07:12:56.540,9.20378,9.20502,1.50,1.50
2011.11.22 07:12:57.690,9.20395,9.20519,1.50,1.58
2011.11.22 07:12:57.918,9.20387,9.20511,1.50,1.50
2011.11.22 07:12:58.262,9.20438,9.20562,1.50,1.65
2011.11.22 07:12:58.676,9.20453,9.20577,1.50,1.58
2011.11.22 07:12:58.926,9.20366,9.20506,2.18,1.50
2011.11.22 07:12:59.164,9.20393,9.20517,1.50,1.58
2011.11.22 07:12:59.520,9.20362,9.20553,2.18,1.58
2011.11.22 07:13:00.608,9.20362,9.20553,2.18,1.58
2011.11.22 07:13:01.189,9.20358,9.20567,2.18,1.58
2011.11.22 07:13:02.302,9.20358,9.20567,2.18,1.50
2011.11.22 07:13:03.013,9.20358,9.20567,1.50,1.58
2011.11.22 07:13:03.352,9.20271,9.20415,1.50,1.50
2011.11.22 07:13:04.052,9.20278,9.20424,1.50,1.50
2011.11.22 07:13:04.175,9.20287,9.20433,1.50,1.50
2011.11.22 07:13:04.606,9.20271,9.20397,1.50,1.50
2011.11.22 07:13:04.989,9.2026,9.20384,1.50,1.50
2011.11.22 07:13:05.374,9.20252,9.20376,2.18,1.50
2011.11.22 07:13:06.348,9.20244,9.20368,2.18,1.50
2011.11.22 07:13:07.862,9.2023,9.20356,2.18,1.50
2011.11.22 07:13:10.054,9.20217,9.20343,2.18,1.50
2011.11.22 07:13:10.209,9.20234,9.2036,2.18,1.50
2011.11.22 07:13:10.855,9.2022,9.20344,2.18,1.50
2011.11.22 07:13:12.661,9.20235,9.20359,2.18,1.50
2011.11.22 07:13:12.779,9.20225,9.20351,2.18,1.50
2011.11.22 07:13:13.180,9.20217,9.20343,2.18,1.50
2011.11.22 07:13:14.389,9.20226,9.20352,2.18,1.50
2011.11.22 07:13:15.505,9.20225,9.20351,2.18,1.50
2011.11.22 07:13:24.753,9.2024,9.20364,2.18,1.50
2011.11.22 07:13:26.224,9.20223,9.20347,2.18,1.50
2011.11.22 07:13:27.107,9.20215,9.20339,2.18,1.50
2011.11.22 07:13:27.927,9.20223,9.20347,2.18,1.50
2011.11.22 07:13:28.491,9.20212,9.20336,2.18,1.50
2011.11.22 07:13:28.761,9.20223,9.20347,2.18,1.50
2011.11.22 07:13:32.351,9.20229,9.20353,2.18,1.50
2011.11.22 07:13:36.588,9.20219,9.20345,2.18,1.50
2011.11.22 07:13:42.248,9.20228,9.20352,2.18,1.50
2011.11.22 07:13:43.929,9.2021,9.20336,2.18,1.50
2011.11.22 07:13:45.247,9.20218,9.20344,2.18,1.50
2011.11.22 07:13:45.916,9.20195,9.20321,2.18,1.50
2011.11.22 07:13:46.605,9.20203,9.20329,2.18,1.50
2011.11.22 07:13:47.075,9.20194,9.2032,2.18,1.50
2011.11.22 07:13:47.750,9.20202,9.20328,2.18,1.50
2011.11.22 07:13:48.840,9.20211,9.20335,2.18,1.50
2011.11.22 07:13:49.619,9.20224,9.20348,2.18,1.50
2011.11.22 07:13:52.257,9.20216,9.2034,2.18,1.50
2011.11.22 07:13:52.490,9.20225,9.20351,2.18,1.50
2011.11.22 07:13:53.789,9.20218,9.20342,2.18,1.50
2011.11.22 07:13:56.710,9.20227,9.20351,2.18,1.50
2011.11.22 07:13:57.448,9.20234,9.2036,2.18,1.50
2011.11.22 07:13:59.500,9.20227,9.20351,1.50,1.50
2011.11.22 07:13:59.621,9.20218,9.20344,1.50,1.50
2011.11.22 07:13:59.855,9.20198,9.20324,1.50,1.50
2011.11.22 07:14:00.835,9.20184,9.20308,1.50,1.50
2011.11.22 07:14:01.435,9.20193,9.20317,1.50,1.50
2011.11.22 07:14:04.223,9.20127,9.20253,2.18,1.50
2011.11.22 07:14:08.345,9.2015,9.20274,2.18,1.50
2011.11.22 07:14:08.591,9.20141,9.20267,2.18,1.50
2011.11.22 07:14:09.836,9.20137,9.20259,1.43,1.50
2011.11.22 07:14:14.069,9.20176,9.203,1.50,1.50
2011.11.22 07:14:17.371,9.20159,9.20283,1.50,1.50
2011.11.22 07:14:17.492,9.20176,9.20302,1.50,1.50
2011.11.22 07:14:18.161,9.20166,9.2029,1.50,1.50
2011.11.22 07:14:18.882,9.20173,9.20299,1.50,1.50
2011.11.22 07:14:19.016,9.20205,9.20331,1.50,1.50
2011.11.22 07:14:19.353,9.20197,9.20321,1.50,1.50
2011.11.22 07:14:19.815,9.20177,9.20301,1.50,1.50
2011.11.22 07:14:20.730,9.20124,9.20377,2.18,1.50
2011.11.22 07:14:22.475,9.20147,9.20386,1.43,1.50
2011.11.22 07:14:23.677,9.20158,9.20394,1.43,1.50
2011.11.22 07:14:24.838,9.20158,9.20377,1.43,1.50
2011.11.22 07:14:25.921,9.20137,9.2037,1.43,1.50
2011.11.22 07:14:27.216,9.20137,9.20378,1.43,1.50
2011.11.22 07:14:27.564,9.20158,9.20391,1.43,1.50
2011.11.22 07:14:28.760,9.20158,9.20395,1.43,1.50
2011.11.22 07:14:29.746,9.20158,9.20386,1.43,1.50
2011.11.22 07:14:31.993,9.20138,9.2039,1.43,1.50
2011.11.22 07:14:33.575,9.20138,9.20379,1.43,1.50
2011.11.22 07:14:34.359,9.20138,9.20365,1.43,1.50
2011.11.22 07:14:34.479,9.20138,9.20375,1.43,1.50
2011.11.22 07:14:37.645,9.20138,9.20386,1.43,1.50
2011.11.22 07:14:37.767,9.20138,9.20371,1.43,1.50
2011.11.22 07:14:38.529,9.20138,9.20372,1.43,1.50
2011.11.22 07:14:43.325,9.20157,9.20381,1.43,1.50
2011.11.22 07:14:47.267,9.20138,9.20391,1.43,1.50
2011.11.22 07:14:49.038,9.20157,9.20386,1.43,1.50
2011.11.22 07:14:49.268,9.20157,9.20394,1.43,1.58
2011.11.22 07:14:51.829,9.20157,9.20394,1.43,1.50
2011.11.22 07:14:52.267,9.20157,9.20384,1.43,1.50
2011.11.22 07:14:55.368,9.20157,9.20385,1.43,1.50
2011.11.22 07:14:55.798,9.20157,9.20375,1.43,1.50
2011.11.22 07:14:59.553,9.20131,9.20375,2.25,1.50
2011.11.22 07:15:00.029,9.20121,9.20376,2.25,1.58
2011.11.22 07:15:02.277,9.20121,9.20376,2.25,1.58
2011.11.22 07:15:04.259,9.20121,9.20376,2.25,1.58
2011.11.22 07:15:08.534,9.20118,9.20386,1.13,1.58
2011.11.22 07:15:20.128,9.2012,9.20377,2.25,1.50
2011.11.22 07:15:20.639,9.2013,9.20374,2.25,1.50
2011.11.22 07:15:22.285,9.20132,9.2036,2.25,1.50
2011.11.22 07:15:22.741,9.20118,9.20369,1.13,1.50
2011.11.22 07:15:23.078,9.20118,9.20369,1.13,1.50
2011.11.22 07:15:23.199,9.20118,9.20369,1.13,1.50
2011.11.22 07:15:25.186,9.20122,9.20371,2.25,1.50
2011.11.22 07:15:26.020,9.20123,9.20388,2.25,1.58
2011.11.22 07:15:26.649,9.20118,9.20381,1.13,1.50
2011.11.22 07:15:27.986,9.20118,9.20381,1.13,1.50
2011.11.22 07:15:28.217,9.20118,9.20374,1.13,1.50
2011.11.22 07:15:28.610,9.20118,9.20366,1.13,1.50
2011.11.22 07:15:28.829,9.20118,9.20373,1.13,1.50
2011.11.22 07:15:29.506,9.20118,9.20381,1.13,1.50
2011.11.22 07:15:31.698,9.20118,9.20392,1.13,1.58
2011.11.22 07:15:31.818,9.20118,9.20372,1.13,1.50
2011.11.22 07:15:33.038,9.20124,9.20374,2.25,1.50
2011.11.22 07:15:34.078,9.20118,9.20361,1.13,1.50
2011.11.22 07:15:34.310,9.20124,9.20374,2.25,1.50
2011.11.22 07:15:36.780,9.20133,9.20373,2.25,1.50
2011.11.22 07:15:38.286,9.20121,9.20378,2.25,1.50
2011.11.22 07:15:39.711,9.20118,9.20369,1.13,1.50
2011.11.22 07:15:40.278,9.20118,9.20369,1.13,1.50
2011.11.22 07:15:40.827,9.20118,9.20377,1.13,1.50
2011.11.22 07:15:47.014,9.20118,9.20384,1.13,1.50
2011.11.22 07:15:49.761,9.20118,9.20373,1.13,1.50
2011.11.22 07:15:56.016,9.20127,9.20377,2.25,1.50
2011.11.22 07:15:58.867,9.20122,9.20387,2.25,1.50
2011.11.22 07:16:03.757,9.20118,9.20378,1.13,1.50
2011.11.22 07:16:07.786,9.20118,9.20389,1.13,1.50
2011.11.22 07:16:09.068,9.20118,9.20398,1.13,1.50
2011.11.22 07:16:09.681,9.20118,9.20398,1.13,1.58
2011.11.22 07:16:15.541,9.20118,9.20396,1.13,1.58
2011.11.22 07:16:16.820,9.20125,9.20382,2.25,1.50
2011.11.22 07:16:19.793,9.20126,9.20389,2.25,1.50
2011.11.22 07:16:19.911,9.20136,9.20399,2.25,1.58
2011.11.22 07:16:20.699,9.20128,9.20391,2.25,1.50
2011.11.22 07:16:21.242,9.20135,9.204,2.25,1.58
2011.11.22 07:16:22.206,9.20135,9.204,2.25,1.50
2011.11.22 07:16:22.341,9.20128,9.20391,2.25,1.50
2011.11.22 07:16:24.464,9.20123,9.20369,2.25,1.50
2011.11.22 07:16:24.828,9.20133,9.20367,2.25,1.50
2011.11.22 07:16:25.287,9.2013,9.20383,2.25,1.50
2011.11.22 07:16:25.848,9.20118,9.20395,2.63,1.50
2011.11.22 07:16:26.310,9.20118,9.20397,1.13,1.50
2011.11.22 07:16:34.854,9.20118,9.20383,2.63,1.50
2011.11.22 07:16:39.594,9.20118,9.20375,2.63,1.50
2011.11.22 07:16:40.699,9.20122,9.20387,2.25,1.50
2011.11.22 07:16:41.040,9.20131,9.20394,2.25,1.50
2011.11.22 07:16:42.509,9.20123,9.20386,2.25,1.50
2011.11.22 07:16:43.860,9.20118,9.20398,1.13,1.50
2011.11.22 07:16:44.180,9.20118,9.20398,1.13,1.50
2011.11.22 07:16:44.453,9.20118,9.20398,1.13,1.50
2011.11.22 07:16:45.187,9.20118,9.20398,1.13,1.50
2011.11.22 07:16:45.312,9.20129,9.20416,2.25,1.58
2011.11.22 07:16:45.431,9.20129,9.20416,2.25,1.58
2011.11.22 07:16:45.554,9.202,9.20376,2.25,1.50
2011.11.22 07:16:45.912,9.20226,9.2035,1.50,1.50
2011.11.22 07:16:46.263,9.20208,9.20332,1.50,1.50
2011.11.22 07:16:46.607,9.20187,9.20311,1.50,1.50
2011.11.22 07:16:47.810,9.20177,9.20301,1.50,1.50
2011.11.22 07:16:48.273,9.20169,9.20293,1.50,1.50
2011.11.22 07:16:49.115,9.20191,9.20317,1.50,1.50
2011.11.22 07:16:53.229,9.20183,9.20307,2.25,1.50
2011.11.22 07:16:57.203,9.20193,9.20317,1.50,1.50
2011.11.22 07:16:57.755,9.20193,9.20317,2.25,1.50
2011.11.22 07:16:58.101,9.20203,9.20329,1.50,1.50
2011.11.22 07:16:58.330,9.20194,9.20318,1.50,1.50
2011.11.22 07:16:58.725,9.20185,9.20309,2.25,1.50
2011.11.22 07:16:59.299,9.20177,9.20301,2.25,1.50
2011.11.22 07:17:03.651,9.20187,9.20311,2.25,1.50
2011.11.22 07:17:05.782,9.20179,9.20303,2.25,1.50
2011.11.22 07:17:20.232,9.20186,9.20312,2.25,1.50
2011.11.22 07:17:23.990,9.20199,9.20323,2.25,1.50
2011.11.22 07:17:25.853,9.20191,9.20315,2.25,1.50
2011.11.22 07:17:29.379,9.20182,9.20308,2.25,1.50
2011.11.22 07:17:33.002,9.20182,9.20308,2.25,1.50
2011.11.22 07:17:36.444,9.20182,9.20308,2.25,1.50
2011.11.22 07:17:42.673,9.20182,9.20308,2.25,1.50
2011.11.22 07:17:42.900,9.20182,9.20308,2.25,1.50
2011.11.22 07:17:46.742,9.20163,9.20287,2.25,1.50
2011.11.22 07:17:46.872,9.20163,9.20287,2.25,1.50
2011.11.22 07:17:47.901,9.20155,9.20279,2.25,1.50
2011.11.22 07:17:48.132,9.20155,9.20279,2.25,1.50
2011.11.22 07:17:48.837,9.20144,9.20268,2.25,1.50
2011.11.22 07:17:51.131,9.20144,9.20268,2.25,1.50
2011.11.22 07:17:51.473,9.20163,9.20287,2.25,1.50
2011.11.22 07:17:51.595,9.20176,9.203,1.50,1.50
2011.11.22 07:17:51.711,9.20183,9.20309,1.50,1.50
2011.11.22 07:17:53.752,9.20174,9.203,1.50,1.50
2011.11.22 07:17:56.766,9.20167,9.20291,1.50,1.50
2011.11.22 07:17:56.885,9.20158,9.20284,1.50,1.50
2011.11.22 07:17:57.601,9.20167,9.20291,1.50,1.50
2011.11.22 07:17:58.999,9.20176,9.203,1.50,1.50
2011.11.22 07:18:03.212,9.20186,9.20312,1.50,1.50
2011.11.22 07:18:05.546,9.20163,9.20287,1.50,1.50
2011.11.22 07:18:05.904,9.20152,9.20276,1.50,1.50
2011.11.22 07:18:06.564,9.20159,9.20285,1.50,1.50
2011.11.22 07:18:06.682,9.20168,9.20292,1.50,1.50
2011.11.22 07:18:07.843,9.20154,9.2028,1.50,1.50
2011.11.22 07:18:07.963,9.2017,9.20296,1.50,1.50
2011.11.22 07:18:08.372,9.20179,9.20303,1.50,1.50
2011.11.22 07:18:09.040,9.20191,9.20315,1.50,1.50
2011.11.22 07:18:09.525,9.20196,9.2032,1.50,1.50
2011.11.22 07:18:10.441,9.20181,9.20307,1.50,1.50
2011.11.22 07:18:10.897,9.20185,9.20309,1.50,1.50
2011.11.22 07:18:12.565,9.20185,9.20311,1.50,1.50
2011.11.22 07:18:16.988,9.20193,9.20319,1.50,1.50
2011.11.22 07:18:22.040,9.20204,9.2033,1.50,1.50
2011.11.22 07:18:24.347,9.20196,9.20322,1.50,1.50
2011.11.22 07:18:26.028,9.20188,9.20312,2.25,1.50
2011.11.22 07:18:27.327,9.20191,9.20315,1.50,1.50
2011.11.22 07:18:27.787,9.20212,9.20338,2.25,1.50
2011.11.22 07:18:27.905,9.20225,9.20351,1.50,1.50
2011.11.22 07:18:28.430,9.20214,9.2034,1.50,1.50
2011.11.22 07:18:29.693,9.20187,9.20311,2.25,1.50
2011.11.22 07:18:29.922,9.20195,9.20319,1.50,1.50
2011.11.22 07:18:30.461,9.2018,9.20306,1.50,1.50
2011.11.22 07:18:33.443,9.20189,9.20313,1.50,1.50
2011.11.22 07:18:40.409,9.20134,9.20258,2.25,1.50
2011.11.22 07:18:40.532,9.20178,9.20283,1.50,1.50
2011.11.22 07:18:40.652,9.20178,9.20302,1.50,1.50
2011.11.22 07:18:40.881,9.20225,9.20349,1.50,1.50
2011.11.22 07:18:41.522,9.20235,9.20359,1.50,1.50
2011.11.22 07:18:41.861,9.20217,9.20341,3.00,1.50
2011.11.22 07:18:42.222,9.20259,9.20383,1.50,1.50
2011.11.22 07:18:42.563,9.2026,9.20386,1.50,1.50
2011.11.22 07:18:43.740,9.20252,9.20378,1.50,1.50
2011.11.22 07:18:53.922,9.20245,9.20369,1.50,1.50
2011.11.22 07:18:54.374,9.20245,9.20369,2.25,1.50
2011.11.22 07:18:54.713,9.20239,9.20365,2.25,1.50
2011.11.22 07:18:55.386,9.20248,9.20372,2.25,1.50
2011.11.22 07:18:56.123,9.20256,9.2038,2.25,1.50
2011.11.22 07:18:58.903,9.20256,9.2038,1.50,1.50
2011.11.22 07:18:59.422,9.20261,9.20387,2.25,1.50
2011.11.22 07:19:00.460,9.2025,9.20376,2.25,1.50
2011.11.22 07:19:05.669,9.2025,9.20376,1.50,1.50
2011.11.22 07:19:05.793,9.20239,9.20365,2.25,1.50
2011.11.22 07:19:06.243,9.20239,9.20365,1.50,1.50
2011.11.22 07:19:06.490,9.20239,9.20365,2.25,1.50
2011.11.22 07:19:09.875,9.20247,9.20373,2.25,1.50
2011.11.22 07:19:10.321,9.20238,9.20362,1.50,1.50
2011.11.22 07:19:11.120,9.20227,9.20353,2.25,1.50
2011.11.22 07:19:12.061,9.20236,9.2036,1.50,1.50
2011.11.22 07:19:13.000,9.20244,9.2037,1.50,1.50
2011.11.22 07:19:30.512,9.20253,9.20379,1.50,1.50
2011.11.22 07:19:31.353,9.20232,9.20358,1.50,1.50
2011.11.22 07:19:31.716,9.20244,9.20368,1.50,1.50
2011.11.22 07:19:32.821,9.20236,9.2036,1.50,1.50
2011.11.22 07:19:33.530,9.20246,9.2037,1.50,1.50
2011.11.22 07:19:34.395,9.20234,9.2036,1.50,1.50
2011.11.22 07:19:36.085,9.20225,9.20351,1.50,1.50
2011.11.22 07:19:36.862,9.20221,9.20347,1.50,1.50
2011.11.22 07:19:38.474,9.20229,9.20355,1.50,1.50
2011.11.22 07:19:40.594,9.20221,9.20347,1.50,1.50
2011.11.22 07:19:41.185,9.20229,9.20355,1.50,1.50
2011.11.22 07:19:42.410,9.20248,9.20374,1.50,1.50
2011.11.22 07:19:43.229,9.20239,9.20365,1.50,1.50
2011.11.22 07:19:48.190,9.20228,9.20354,1.50,1.50
2011.11.22 07:19:48.796,9.20229,9.20355,1.50,1.50
2011.11.22 07:19:49.284,9.20247,9.20373,1.50,1.50
2011.11.22 07:19:50.936,9.2024,9.20364,1.50,1.50
2011.11.22 07:19:52.950,9.2023,9.20356,1.50,1.50
2011.11.22 07:19:53.852,9.20242,9.20368,1.50,1.50
2011.11.22 07:20:02.480,9.20242,9.20368,2.25,1.50
2011.11.22 07:20:02.712,9.20253,9.20377,1.50,1.50
2011.11.22 07:20:04.961,9.20243,9.20369,1.50,1.50
2011.11.22 07:20:05.087,9.20091,9.2019,1.50,1.50
2011.11.22 07:20:05.218,9.20017,9.20257,1.43,1.50
2011.11.22 07:20:05.344,9.20017,9.20247,1.43,1.50
2011.11.22 07:20:05.461,9.20063,9.20274,2.25,1.50
2011.11.22 07:20:05.933,9.20113,9.20322,1.50,1.50
2011.11.22 07:20:06.391,9.20085,9.20294,2.25,1.58
2011.11.22 07:20:08.938,9.20085,9.20272,2.25,1.50
2011.11.22 07:20:10.393,9.20076,9.20265,2.25,1.50
2011.11.22 07:20:11.975,9.20073,9.20274,2.25,1.50
2011.11.22 07:20:13.002,9.20082,9.20281,2.25,1.50
2011.11.22 07:20:13.528,9.20082,9.20281,2.25,1.50
2011.11.22 07:20:13.662,9.20114,9.20303,1.50,1.58
2011.11.22 07:20:14.069,9.2015,9.20299,1.50,1.58
2011.11.22 07:20:15.525,9.20164,9.20313,1.50,1.58
2011.11.22 07:20:16.711,9.20155,9.20304,1.50,1.58
2011.11.22 07:20:19.810,9.2018,9.20304,1.50,1.58
2011.11.22 07:20:22.513,9.2017,9.20294,1.50,1.58
2011.11.22 07:20:24.332,9.20178,9.20302,1.50,1.58
2011.11.22 07:20:27.374,9.20185,9.20311,1.50,1.58
2011.11.22 07:20:37.644,9.20176,9.20302,1.50,1.58
2011.11.22 07:20:37.871,9.20184,9.2031,1.50,1.58
2011.11.22 07:20:42.097,9.202,9.20326,1.50,1.58
2011.11.22 07:20:42.431,9.20187,9.20311,1.50,1.58
2011.11.22 07:20:49.492,9.20185,9.20311,1.50,1.58
2011.11.22 07:20:55.684,9.20177,9.20303,1.50,1.58
2011.11.22 07:20:55.910,9.20186,9.2031,1.50,1.58
2011.11.22 07:20:57.477,9.20194,9.20318,1.50,1.58
2011.11.22 07:21:04.638,9.20185,9.20311,1.50,1.58
2011.11.22 07:21:05.538,9.20185,9.20311,1.50,1.50
2011.11.22 07:21:13.902,9.20178,9.20302,1.50,1.50
2011.11.22 07:21:14.021,9.20186,9.20312,1.50,1.50
2011.11.22 07:21:14.345,9.20195,9.20319,1.50,1.50
2011.11.22 07:21:16.792,9.20204,9.2033,1.50,1.50
2011.11.22 07:21:18.929,9.20196,9.20322,1.50,1.50
2011.11.22 07:21:21.845,9.20189,9.20313,1.50,1.50
2011.11.22 07:21:26.097,9.20205,9.20329,1.50,1.50
2011.11.22 07:21:26.322,9.20195,9.20321,1.50,1.50
2011.11.22 07:21:26.726,9.2018,9.20304,1.50,1.50
2011.11.22 07:21:26.845,9.20188,9.20314,1.50,1.50
2011.11.22 07:21:27.425,9.20181,9.20305,1.50,1.50
2011.11.22 07:21:27.854,9.20171,9.20297,1.50,1.50
2011.11.22 07:21:28.086,9.20163,9.20289,1.50,1.50
2011.11.22 07:21:29.403,9.20179,9.20303,1.50,1.50
2011.11.22 07:21:31.654,9.2019,9.20316,1.50,1.50
2011.11.22 07:21:40.262,9.20182,9.20308,1.50,1.50
2011.11.22 07:21:40.604,9.20202,9.20328,1.50,1.50
2011.11.22 07:21:41.107,9.2019,9.20316,1.50,1.50
2011.11.22 07:21:44.964,9.20179,9.20303,1.50,1.50
2011.11.22 07:21:45.083,9.20189,9.20315,1.50,1.50
2011.11.22 07:21:48.063,9.20199,9.20323,1.50,1.50
2011.11.22 07:21:48.653,9.20207,9.20331,1.50,1.50
2011.11.22 07:21:49.923,9.20211,9.20335,1.50,1.50
2011.11.22 07:21:50.374,9.20284,9.2041,1.50,1.50
2011.11.22 07:21:50.944,9.20293,9.20419,1.50,1.50
2011.11.22 07:21:54.082,9.20301,9.20427,1.50,1.50
2011.11.22 07:21:54.984,9.20291,9.20415,2.25,1.50
2011.11.22 07:21:55.489,9.20291,9.20415,2.25,1.50
2011.11.22 07:21:57.213,9.20291,9.20415,1.50,1.50
2011.11.22 07:21:57.785,9.20298,9.20424,1.50,1.50
2011.11.22 07:21:58.434,9.20298,9.20424,2.25,1.50
2011.11.22 07:21:58.597,9.20298,9.20424,2.25,1.50
2011.11.22 07:21:58.824,9.20309,9.20435,1.50,1.50
2011.11.22 07:22:00.923,9.20309,9.20435,2.25,1.50
2011.11.22 07:22:01.045,9.20319,9.20443,2.25,1.50
2011.11.22 07:22:01.744,9.20328,9.20452,2.25,1.50
2011.11.22 07:22:03.572,9.20319,9.20445,2.25,1.50
2011.11.22 07:22:03.802,9.20319,9.20445,1.50,1.50
2011.11.22 07:22:04.581,9.20305,9.20429,2.25,1.50
2011.11.22 07:22:05.780,9.20305,9.20429,2.25,1.50
2011.11.22 07:22:06.231,9.20305,9.20429,2.25,1.50
2011.11.22 07:22:08.063,9.20292,9.20418,2.25,1.50
2011.11.22 07:22:08.952,9.20292,9.20418,2.25,1.50
2011.11.22 07:22:09.078,9.20335,9.20461,1.50,1.50
2011.11.22 07:22:09.441,9.20335,9.20461,2.25,1.50
2011.11.22 07:22:10.752,9.20328,9.20452,2.25,1.50
2011.11.22 07:22:11.971,9.20319,9.20445,2.25,1.50
2011.11.22 07:22:12.642,9.20329,9.20455,2.25,1.50
2011.11.22 07:22:13.881,9.20322,9.20446,2.25,1.50
2011.11.22 07:22:15.872,9.20313,9.20439,2.25,1.50
2011.11.22 07:22:16.959,9.20313,9.20439,2.25,1.50
2011.11.22 07:22:17.085,9.20313,9.20439,2.25,1.50
2011.11.22 07:22:17.645,9.20294,9.2042,2.25,1.50
2011.11.22 07:22:17.763,9.20294,9.2042,2.25,1.50
2011.11.22 07:22:17.882,9.20294,9.2042,2.25,1.50
2011.11.22 07:22:18.002,9.20294,9.2042,2.25,1.50
2011.11.22 07:22:19.474,9.20287,9.20411,2.25,1.50
2011.11.22 07:22:19.594,9.20287,9.20411,1.50,1.50
2011.11.22 07:22:20.067,9.20287,9.20411,2.25,1.50
2011.11.22 07:22:20.528,9.20298,9.20424,2.25,1.50
2011.11.22 07:22:20.895,9.20312,9.20438,1.50,1.50
2011.11.22 07:22:21.500,9.20304,9.2043,1.50,1.50
2011.11.22 07:22:23.078,9.20294,9.20418,2.25,1.50
2011.11.22 07:22:25.463,9.20285,9.20411,2.25,1.50
2011.11.22 07:22:25.813,9.20274,9.20398,2.25,1.50
2011.11.22 07:22:29.441,9.20282,9.20406,2.25,1.50
2011.11.22 07:22:30.534,9.20272,9.20398,2.25,1.50
2011.11.22 07:22:34.038,9.20272,9.20398,2.25,1.50
2011.11.22 07:22:34.436,9.20262,9.20386,2.25,1.50
2011.11.22 07:22:36.130,9.2027,9.20394,2.25,1.50
2011.11.22 07:22:37.131,9.20277,9.20403,2.25,1.50
2011.11.22 07:22:38.234,9.20277,9.20403,1.50,1.50
2011.11.22 07:22:38.605,9.20289,9.20413,1.50,1.50
2011.11.22 07:22:40.094,9.20272,9.20396,1.50,1.50
2011.11.22 07:22:42.569,9.20281,9.20405,1.50,1.50
2011.11.22 07:22:43.313,9.20273,9.20397,1.50,1.50
2011.11.22 07:22:44.614,9.20288,9.20412,1.50,1.50
2011.11.22 07:22:46.001,9.20279,9.20403,1.50,1.50
2011.11.22 07:22:46.243,9.20274,9.204,1.50,1.50
2011.11.22 07:22:46.912,9.20265,9.20391,1.50,1.50
2011.11.22 07:22:47.313,9.20273,9.20399,1.50,1.50
2011.11.22 07:22:48.483,9.20262,9.20388,1.50,1.50
2011.11.22 07:22:48.936,9.20255,9.20379,1.50,1.50
2011.11.22 07:22:50.113,9.20263,9.20387,1.50,1.50
2011.11.22 07:22:51.979,9.2027,9.20396,1.50,1.50
2011.11.22 07:22:52.430,9.20284,9.2041,1.50,1.50
2011.11.22 07:22:52.774,9.20294,9.20418,1.50,1.50
2011.11.22 07:22:53.116,9.2028,9.20406,1.50,1.50
2011.11.22 07:22:54.671,9.20288,9.20414,1.50,1.50
2011.11.22 07:22:56.112,9.20296,9.20422,1.50,1.50
2011.11.22 07:22:57.595,9.20285,9.20409,1.50,1.50
2011.11.22 07:22:59.065,9.20292,9.20418,1.50,1.50
2011.11.22 07:23:01.499,9.20301,9.20425,1.50,1.50
2011.11.22 07:23:02.784,9.20293,9.20417,1.50,1.50
2011.11.22 07:23:05.613,9.20305,9.20431,1.50,2.25
2011.11.22 07:23:05.842,9.20297,9.20421,1.50,1.50
2011.11.22 07:23:05.963,9.20288,9.20414,1.50,1.50
2011.11.22 07:23:08.389,9.20296,9.20422,1.50,2.25
2011.11.22 07:23:09.514,9.20305,9.20429,1.50,2.25
2011.11.22 07:23:10.146,9.20314,9.20438,1.50,2.25
2011.11.22 07:23:10.481,9.20314,9.20438,1.50,1.50
2011.11.22 07:23:10.930,9.20314,9.20438,1.50,2.25
2011.11.22 07:23:11.464,9.20306,9.2043,1.50,2.25
2011.11.22 07:23:19.670,9.20306,9.2043,1.50,1.50
2011.11.22 07:23:19.793,9.20315,9.20441,1.50,1.50
2011.11.22 07:23:20.037,9.20483,9.21163,2.10,1.50
2011.11.22 07:23:20.153,9.20661,9.20905,1.50,1.50
2011.11.22 07:23:20.492,9.20549,9.20844,1.50,2.25
2011.11.22 07:23:21.189,9.20411,9.20746,1.28,2.25
2011.11.22 07:23:22.343,9.20433,9.20754,1.50,2.33
2011.11.22 07:23:22.463,9.20442,9.20751,1.50,2.33
2011.11.22 07:23:22.804,9.2045,9.20759,1.50,2.33
2011.11.22 07:23:27.173,9.20558,9.20759,1.50,2.33
2011.11.22 07:23:27.402,9.20558,9.20759,1.50,1.50
2011.11.22 07:23:27.523,9.2056,9.20704,1.50,1.50
2011.11.22 07:23:27.873,9.20552,9.20696,1.50,1.50
2011.11.22 07:23:28.483,9.20572,9.20696,1.50,1.58
2011.11.22 07:23:28.715,9.20562,9.20686,1.50,1.50
2011.11.22 07:23:29.385,9.20545,9.20671,1.50,1.50
2011.11.22 07:23:29.790,9.20553,9.20679,1.50,1.50
2011.11.22 07:23:31.577,9.20562,9.20686,1.50,1.50
2011.11.22 07:23:35.783,9.20554,9.20678,1.50,1.50
2011.11.22 07:23:37.645,9.20546,9.2067,1.50,1.50
2011.11.22 07:23:39.404,9.20534,9.20658,1.50,1.50
2011.11.22 07:23:40.241,9.20519,9.20643,1.50,1.50
2011.11.22 07:23:40.592,9.20531,9.20655,1.50,1.50
2011.11.22 07:23:40.932,9.20524,9.20648,1.50,1.50
2011.11.22 07:23:41.467,9.20532,9.20656,1.50,1.50
2011.11.22 07:23:42.455,9.20524,9.20648,1.50,1.50
2011.11.22 07:23:42.795,9.20534,9.20658,1.50,1.50
2011.11.22 07:23:43.875,9.20543,9.20667,1.50,1.50
2011.11.22 07:23:44.197,9.2052,9.20644,1.50,1.50
2011.11.22 07:23:44.541,9.20528,9.20652,1.50,1.50
2011.11.22 07:23:44.665,9.20519,9.20645,1.50,1.50
2011.11.22 07:23:44.893,9.20528,9.20652,1.50,1.50
2011.11.22 07:23:45.271,9.20546,9.20672,1.50,1.50
2011.11.22 07:23:45.949,9.20546,9.20672,1.50,2.25
2011.11.22 07:23:46.074,9.20535,9.20659,1.50,1.50
2011.11.22 07:23:46.413,9.20548,9.20674,1.50,2.25
2011.11.22 07:23:47.815,9.20537,9.20663,1.50,2.25
2011.11.22 07:23:48.278,9.20546,9.2067,1.50,2.25
2011.11.22 07:23:49.423,9.20554,9.20678,1.50,2.25
2011.11.22 07:23:50.024,9.20554,9.20678,1.50,1.50
2011.11.22 07:23:50.144,9.20572,9.20696,1.50,1.58
2011.11.22 07:23:50.882,9.2058,9.20704,1.50,2.33
2011.11.22 07:23:52.131,9.20571,9.20697,1.50,1.58
2011.11.22 07:23:53.179,9.20581,9.20707,1.50,2.33
2011.11.22 07:23:53.410,9.20573,9.20697,1.50,1.58
2011.11.22 07:23:54.162,9.20564,9.2069,1.50,1.50
2011.11.22 07:23:55.812,9.20556,9.2068,1.50,1.50
2011.11.22 07:23:56.927,9.20552,9.20678,1.50,1.50
2011.11.22 07:23:57.048,9.20565,9.20689,1.50,1.50
2011.11.22 07:23:58.488,9.20583,9.20707,1.50,1.58
2011.11.22 07:24:00.674,9.20564,9.20688,1.50,1.50
2011.11.22 07:24:02.734,9.20574,9.20698,1.50,1.58
2011.11.22 07:24:03.524,9.20565,9.20691,1.50,1.50
2011.11.22 07:24:06.811,9.20558,9.20682,1.50,1.50
2011.11.22 07:24:09.095,9.20558,9.20636,1.50,1.50
2011.11.22 07:24:09.214,9.20486,9.20612,1.50,1.50
2011.11.22 07:24:11.325,9.20479,9.20603,1.50,1.50
2011.11.22 07:24:11.442,9.20457,9.20626,2.25,1.50
2011.11.22 07:24:12.184,9.20431,9.20535,2.25,1.50
2011.11.22 07:24:12.304,9.20409,9.20535,1.50,1.50
2011.11.22 07:24:13.903,9.20402,9.20526,1.50,1.50
2011.11.22 07:24:14.524,9.20423,9.20547,1.50,1.50
2011.11.22 07:24:15.920,9.20412,9.20538,1.50,1.50
2011.11.22 07:24:18.345,9.20403,9.20527,1.50,1.50
2011.11.22 07:24:18.586,9.20411,9.20537,1.50,1.50
2011.11.22 07:24:19.758,9.20403,9.20529,1.50,1.50
2011.11.22 07:24:20.333,9.20396,9.2052,1.50,1.50
2011.11.22 07:24:20.457,9.20385,9.20511,1.50,1.50
2011.11.22 07:24:20.975,9.20366,9.20492,1.50,1.50
2011.11.22 07:24:22.432,9.20375,9.20499,1.50,1.50
2011.11.22 07:24:23.351,9.20365,9.20491,1.50,1.50
2011.11.22 07:24:27.074,9.20374,9.20498,1.50,1.50
2011.11.22 07:24:27.413,9.20388,9.20512,1.50,1.50
2011.11.22 07:24:28.279,9.20396,9.20522,1.50,1.50
2011.11.22 07:24:28.634,9.20376,9.20502,1.50,1.50
2011.11.22 07:24:31.751,9.20389,9.20515,1.50,1.50
2011.11.22 07:24:32.642,9.20394,9.20518,1.50,1.50
2011.11.22 07:24:32.765,9.20394,9.2052,1.50,1.50
2011.11.22 07:24:33.154,9.20415,9.20541,1.50,1.50
2011.11.22 07:24:33.896,9.20407,9.20533,1.50,1.50
2011.11.22 07:24:34.384,9.204,9.20524,1.50,1.50
2011.11.22 07:24:35.074,9.20392,9.20516,1.50,1.50
2011.11.22 07:24:35.477,9.20384,9.20508,1.50,1.50
2011.11.22 07:24:36.153,9.20374,9.205,1.50,1.50
2011.11.22 07:24:36.916,9.20382,9.20508,1.50,1.50
2011.11.22 07:24:37.328,9.20366,9.20492,1.50,1.50
2011.11.22 07:24:38.165,9.20379,9.20505,1.50,1.50
2011.11.22 07:24:38.517,9.20403,9.20529,1.50,1.50
2011.11.22 07:24:38.860,9.20419,9.20545,1.50,1.50
2011.11.22 07:24:39.913,9.20412,9.20536,1.50,1.50
2011.11.22 07:24:40.525,9.20401,9.20527,1.50,1.50
2011.11.22 07:24:40.762,9.20411,9.20535,1.50,1.50
2011.11.22 07:24:44.177,9.20422,9.20548,1.50,1.50
2011.11.22 07:24:44.675,9.20511,9.20637,1.50,2.33
2011.11.22 07:24:46.052,9.20488,9.20626,1.50,2.33
2011.11.22 07:24:49.206,9.20479,9.20621,1.50,2.33
2011.11.22 07:24:49.893,9.20494,9.2062,1.50,2.33
2011.11.22 07:24:58.902,9.20486,9.20622,1.50,2.33
2011.11.22 07:24:59.229,9.20478,9.20622,1.50,2.33
2011.11.22 07:25:01.446,9.20486,9.2063,1.50,2.33
2011.11.22 07:25:05.522,9.20498,9.2064,1.50,2.33
2011.11.22 07:25:06.590,9.20488,9.2063,1.50,2.33
2011.11.22 07:25:07.676,9.20505,9.20649,1.50,2.33
2011.11.22 07:25:08.268,9.2051,9.2064,1.50,2.33
2011.11.22 07:25:08.716,9.20496,9.20626,1.50,2.33
2011.11.22 07:25:09.530,9.20505,9.20635,1.50,2.33
2011.11.22 07:25:10.476,9.20483,9.20615,1.50,1.58
2011.11.22 07:25:11.755,9.20492,9.20624,1.50,2.33
2011.11.22 07:25:12.357,9.20492,9.20624,1.50,2.25
2011.11.22 07:25:12.586,9.20506,9.20638,1.50,2.25
2011.11.22 07:25:12.897,9.20515,9.20645,1.50,2.25
2011.11.22 07:25:13.397,9.20506,9.20636,1.50,2.25
2011.11.22 07:25:14.465,9.2049,9.20622,1.50,1.50
2011.11.22 07:25:14.582,9.20499,9.20631,1.50,2.25
2011.11.22 07:25:15.733,9.20477,9.20611,1.50,1.50
2011.11.22 07:25:15.858,9.20487,9.20619,1.50,1.50
2011.11.22 07:25:16.994,9.20476,9.20621,1.50,1.50
2011.11.22 07:25:17.701,9.20451,9.20646,1.50,2.25
2011.11.22 07:25:17.820,9.20392,9.20648,1.50,1.50
2011.11.22 07:25:18.181,9.2053,9.20648,1.50,1.50
2011.11.22 07:25:18.302,9.20551,9.20697,1.50,1.50
2011.11.22 07:25:21.013,9.20581,9.20705,1.50,1.50
2011.11.22 07:25:22.853,9.20567,9.20693,1.50,1.50
2011.11.22 07:25:22.971,9.20579,9.20703,1.50,1.50
2011.11.22 07:25:24.620,9.20568,9.20694,1.50,1.50
2011.11.22 07:25:25.306,9.20577,9.20701,1.50,1.50
2011.11.22 07:25:30.805,9.20586,9.2071,1.50,1.50
2011.11.22 07:25:31.253,9.20571,9.20697,1.50,1.50
2011.11.22 07:25:37.617,9.20589,9.20713,1.50,1.50
2011.11.22 07:25:39.063,9.20596,9.20722,1.50,1.50
2011.11.22 07:25:41.845,9.20589,9.20713,1.50,1.50
2011.11.22 07:25:42.477,9.20578,9.20702,1.50,1.50
2011.11.22 07:25:42.594,9.20586,9.20712,1.50,1.50
2011.11.22 07:25:44.983,9.20575,9.20701,1.50,1.50
2011.11.22 07:25:45.436,9.20584,9.2071,1.50,1.50
2011.11.22 07:25:45.795,9.20577,9.20701,1.50,1.50
2011.11.22 07:25:46.679,9.20586,9.2071,1.50,1.50
2011.11.22 07:25:47.352,9.20575,9.20699,1.50,1.50
2011.11.22 07:25:47.694,9.20508,9.20634,2.18,1.50
2011.11.22 07:25:48.066,9.20486,9.20622,2.18,1.50
2011.11.22 07:25:48.413,9.20486,9.2061,2.18,1.50
2011.11.22 07:25:48.986,9.20483,9.20609,2.18,1.50
2011.11.22 07:25:50.614,9.20476,9.206,2.18,1.50
2011.11.22 07:25:50.961,9.20458,9.20584,2.18,1.50
2011.11.22 07:25:51.194,9.20472,9.20596,2.18,1.50
2011.11.22 07:25:53.363,9.20485,9.20609,2.18,1.50
2011.11.22 07:25:53.393,9.20473,9.20599,2.18,1.50
2011.11.22 07:25:54.073,9.2048,9.20606,2.18,1.50
2011.11.22 07:25:55.076,9.20539,9.20663,1.50,1.50
2011.11.22 07:25:55.196,9.20548,9.20672,1.50,1.50
2011.11.22 07:25:56.295,9.20534,9.20658,1.50,1.50
2011.11.22 07:25:56.720,9.20542,9.20666,1.50,1.50
2011.11.22 07:25:56.849,9.20533,9.20659,1.50,1.50
2011.11.22 07:25:56.975,9.20542,9.20666,1.50,1.50
2011.11.22 07:25:57.321,9.20553,9.20677,1.50,1.50
2011.11.22 07:26:00.863,9.2056,9.20686,1.50,1.50
2011.11.22 07:26:03.453,9.20569,9.20693,1.50,1.50
2011.11.22 07:26:15.234,9.20544,9.2067,1.50,1.50
2011.11.22 07:26:16.931,9.20553,9.20677,1.50,1.50
2011.11.22 07:26:17.935,9.2056,9.20686,1.50,1.50
2011.11.22 07:26:18.384,9.20574,9.20698,1.50,1.50
2011.11.22 07:26:21.021,9.20565,9.20691,1.50,1.50
2011.11.22 07:26:27.324,9.20576,9.20702,1.50,1.50
2011.11.22 07:26:30.136,9.20557,9.20681,1.50,1.50
2011.11.22 07:26:31.121,9.20581,9.20705,1.50,1.50
2011.11.22 07:26:33.794,9.20594,9.2072,1.50,1.50
2011.11.22 07:26:34.550,9.20582,9.20706,1.50,1.50
2011.11.22 07:26:40.283,9.2059,9.20714,1.50,1.50
2011.11.22 07:26:52.342,9.20579,9.20705,1.50,1.50
2011.11.22 07:26:55.020,9.20614,9.2074,1.50,2.25
2011.11.22 07:26:55.148,9.20607,9.20731,1.50,1.50
2011.11.22 07:26:56.341,9.20598,9.20724,1.50,1.50
2011.11.22 07:26:58.854,9.20609,9.20733,1.50,2.25
2011.11.22 07:26:59.195,9.20622,9.20748,1.50,2.25
2011.11.22 07:26:59.312,9.20612,9.20736,1.50,2.25
2011.11.22 07:27:00.351,9.20603,9.20729,1.50,1.50
2011.11.22 07:27:00.806,9.20595,9.20721,1.50,1.50
2011.11.22 07:27:03.065,9.20587,9.20713,1.50,1.50
2011.11.22 07:27:05.357,9.20579,9.20705,1.50,1.50
2011.11.22 07:27:16.279,9.20587,9.20713,1.50,1.50
2011.11.22 07:27:22.211,9.206,9.20724,1.50,1.50
2011.11.22 07:27:22.713,9.2059,9.20714,1.50,1.50
2011.11.22 07:27:23.433,9.20582,9.20706,1.50,1.50
2011.11.22 07:27:23.871,9.20567,9.20693,2.25,1.50
2011.11.22 07:27:24.324,9.2058,9.20704,1.50,1.50
2011.11.22 07:27:24.617,9.20568,9.20692,2.25,1.50
2011.11.22 07:27:24.735,9.20568,9.20694,2.25,1.50
2011.11.22 07:27:24.907,9.20568,9.20694,1.50,1.50
2011.11.22 07:27:25.314,9.20568,9.20694,2.25,1.50
2011.11.22 07:27:25.437,9.20586,9.20712,1.50,1.50
2011.11.22 07:27:25.662,9.20576,9.20702,1.50,1.50
2011.11.22 07:27:27.200,9.20558,9.20682,1.50,1.50
2011.11.22 07:27:27.330,9.20574,9.207,1.50,1.50
2011.11.22 07:27:27.452,9.20565,9.20691,1.50,1.50
2011.11.22 07:27:28.300,9.20573,9.20699,1.50,1.50
2011.11.22 07:27:33.422,9.20591,9.20715,1.50,1.50
2011.11.22 07:27:35.145,9.20573,9.20699,1.50,1.50
2011.11.22 07:27:37.702,9.20581,9.20707,1.50,1.50
2011.11.22 07:27:45.483,9.20589,9.20715,1.50,1.50
2011.11.22 07:27:45.823,9.20597,9.20723,1.50,1.50
2011.11.22 07:27:47.796,9.2059,9.20714,1.50,1.50
2011.11.22 07:27:51.496,9.20582,9.20706,1.50,1.50
2011.11.22 07:27:56.303,9.20591,9.20715,1.50,1.50
2011.11.22 07:28:01.675,9.20577,9.20703,1.50,1.50
2011.11.22 07:28:04.566,9.20588,9.20714,1.50,1.50
2011.11.22 07:28:05.797,9.2056,9.20686,1.50,1.50
2011.11.22 07:28:06.395,9.20575,9.20701,1.50,1.50
2011.11.22 07:28:06.732,9.20584,9.2071,1.50,1.50
2011.11.22 07:28:07.293,9.20575,9.20701,1.50,1.50
2011.11.22 07:28:07.652,9.20583,9.20709,1.50,1.50
2011.11.22 07:28:11.474,9.20559,9.20669,1.50,1.50
2011.11.22 07:28:11.703,9.2056,9.20684,1.50,1.50
2011.11.22 07:28:11.820,9.2056,9.20684,2.25,1.50
2011.11.22 07:28:11.942,9.2056,9.20684,1.50,1.50
2011.11.22 07:28:13.882,9.20567,9.20693,1.50,1.50
2011.11.22 07:28:14.693,9.20575,9.20701,1.50,1.50
2011.11.22 07:28:16.842,9.20587,9.20713,1.50,1.50
2011.11.22 07:28:30.052,9.20608,9.20734,2.25,1.50
2011.11.22 07:28:30.393,9.20618,9.20734,1.43,1.50
2011.11.22 07:28:31.188,9.20618,9.20734,1.43,1.50
2011.11.22 07:28:32.212,9.20618,9.20734,1.43,1.50
2011.11.22 07:28:35.663,9.20618,9.2072,1.43,1.50
2011.11.22 07:28:35.890,9.20618,9.20729,1.43,1.50
2011.11.22 07:28:36.196,9.20618,9.20729,1.43,1.50
2011.11.22 07:28:36.314,9.20618,9.20718,1.43,1.50
2011.11.22 07:28:37.229,9.20618,9.20729,1.43,1.50
2011.11.22 07:28:37.357,9.20627,9.20753,2.25,1.50
2011.11.22 07:28:37.801,9.20619,9.20743,2.25,1.50
2011.11.22 07:28:38.147,9.20772,9.21033,1.50,1.88
2011.11.22 07:28:38.266,9.20772,9.21033,1.50,1.88
2011.11.22 07:28:39.368,9.20801,9.21058,1.50,2.25
2011.11.22 07:28:39.714,9.20756,9.21105,1.50,2.25
2011.11.22 07:28:40.603,9.2077,9.21119,1.50,2.25
2011.11.22 07:28:42.606,9.20761,9.2111,1.50,2.25
2011.11.22 07:28:44.326,9.20758,9.21117,1.50,2.25
2011.11.22 07:28:47.234,9.2077,9.21129,1.50,2.25
2011.11.22 07:28:51.694,9.2077,9.21129,1.50,2.25
2011.11.22 07:28:52.367,9.20768,9.21119,1.50,2.25
2011.11.22 07:28:52.822,9.20793,9.21117,1.50,2.25
2011.11.22 07:28:54.493,9.20783,9.21109,1.50,2.25
2011.11.22 07:28:55.455,9.20783,9.21109,1.50,2.33
2011.11.22 07:28:55.794,9.20793,9.20981,1.50,1.58
2011.11.22 07:28:56.673,9.20753,9.20984,1.50,2.33
2011.11.22 07:28:59.167,9.20868,9.21012,1.50,2.25
2011.11.22 07:28:59.284,9.20868,9.21012,1.50,1.50
2011.11.22 07:28:59.516,9.20908,9.21107,1.50,1.58
2011.11.22 07:28:59.635,9.2096,9.21106,1.50,1.50
2011.11.22 07:28:59.973,9.21023,9.21167,1.50,1.50
2011.11.22 07:29:00.393,9.2105,9.21176,1.50,1.50
2011.11.22 07:29:01.264,9.21061,9.21185,1.50,1.50
2011.11.22 07:29:01.605,9.21069,9.21195,1.50,2.25
2011.11.22 07:29:01.985,9.21025,9.21151,1.50,1.50
2011.11.22 07:29:02.104,9.20983,9.21107,1.88,1.50
2011.11.22 07:29:02.223,9.20983,9.21107,1.50,1.50
2011.11.22 07:29:03.557,9.20956,9.21136,1.50,1.50
2011.11.22 07:29:10.920,9.20966,9.21132,1.50,1.50
2011.11.22 07:29:11.505,9.20949,9.21121,1.50,1.50
2011.11.22 07:29:11.625,9.20962,9.21132,1.50,1.50
2011.11.22 07:29:11.745,9.20949,9.21121,1.50,1.50
2011.11.22 07:29:11.973,9.20958,9.2113,1.50,1.50
2011.11.22 07:29:19.701,9.20951,9.2113,1.50,1.50
2011.11.22 07:29:22.549,9.20959,9.21138,1.50,1.50
2011.11.22 07:29:24.040,9.2095,9.21129,1.50,1.50
2011.11.22 07:29:25.084,9.20962,9.21143,1.50,1.50
2011.11.22 07:29:27.396,9.20954,9.21135,1.50,1.50
2011.11.22 07:29:27.736,9.20942,9.21123,1.50,1.50
2011.11.22 07:29:29.046,9.2093,9.21109,1.50,1.50
2011.11.22 07:29:32.465,9.20907,9.21134,2.93,1.50
2011.11.22 07:29:32.585,9.20973,9.21258,1.43,1.50
2011.11.22 07:29:32.708,9.20973,9.2127,1.43,1.50
2011.11.22 07:29:32.933,9.21009,9.21262,1.43,1.50
2011.11.22 07:29:35.393,9.21009,9.21249,1.43,1.50
2011.11.22 07:29:37.681,9.21009,9.2124,1.43,1.50
2011.11.22 07:29:41.332,9.21009,9.21248,1.43,1.50
2011.11.22 07:29:52.896,9.21009,9.21236,1.43,1.50
2011.11.22 07:29:53.014,9.21009,9.21247,1.43,1.50
2011.11.22 07:29:54.595,9.21009,9.21256,1.43,1.50
2011.11.22 07:30:03.106,9.21009,9.2124,1.43,1.50
2011.11.22 07:30:03.557,9.21025,9.21245,1.43,1.50
2011.11.22 07:30:03.784,9.21027,9.21234,1.43,1.50
2011.11.22 07:30:04.121,9.21027,9.21234,1.43,2.10
2011.11.22 07:30:04.491,9.20902,9.21068,1.50,1.50
2011.11.22 07:30:04.612,9.20892,9.21058,1.50,1.50
2011.11.22 07:30:04.849,9.20875,9.21039,1.50,1.50
2011.11.22 07:30:05.773,9.20883,9.21009,1.50,1.50
2011.11.22 07:30:06.625,9.20871,9.20995,1.50,1.50
2011.11.22 07:30:06.961,9.20885,9.21009,1.50,1.50
2011.11.22 07:30:08.496,9.20867,9.20991,1.50,1.50
2011.11.22 07:30:08.831,9.2088,9.21004,1.50,1.50
2011.11.22 07:30:10.263,9.20867,9.20993,1.50,1.50
2011.11.22 07:30:11.736,9.20885,9.21009,1.50,1.50
2011.11.22 07:30:16.688,9.20902,9.21026,1.50,1.50
2011.11.22 07:30:17.766,9.20894,9.21018,1.50,1.50
2011.11.22 07:30:17.885,9.20878,9.21004,1.50,1.50
2011.11.22 07:30:18.006,9.20871,9.20995,1.50,1.50
2011.11.22 07:30:18.126,9.20858,9.20984,1.50,1.50
2011.11.22 07:30:18.633,9.2085,9.20976,1.50,1.50
2011.11.22 07:30:19.528,9.20862,9.20986,1.50,1.50
2011.11.22 07:30:21.311,9.2087,9.20994,1.50,1.50
2011.11.22 07:30:21.933,9.20862,9.20986,1.50,1.50
2011.11.22 07:30:24.096,9.20865,9.20991,1.50,1.50
2011.11.22 07:30:28.835,9.20877,9.21001,1.50,1.50
2011.11.22 07:30:31.637,9.20865,9.20989,1.50,1.50
2011.11.22 07:30:33.046,9.20877,9.21001,1.50,1.50
2011.11.22 07:30:33.570,9.20886,9.2101,1.50,1.50
2011.11.22 07:30:34.022,9.20893,9.21019,1.50,1.50
2011.11.22 07:30:35.552,9.20886,9.2101,1.50,1.50
2011.11.22 07:30:39.435,9.20902,9.21026,1.50,1.50
2011.11.22 07:30:39.554,9.20911,9.21037,1.50,1.50
2011.11.22 07:30:39.783,9.20932,9.21056,1.50,1.50
2011.11.22 07:30:39.904,9.2094,9.21066,1.50,1.50
2011.11.22 07:30:40.025,9.20926,9.2105,1.50,1.50
2011.11.22 07:30:41.023,9.20945,9.21069,1.50,1.50
2011.11.22 07:30:42.674,9.20955,9.21079,2.18,1.50
2011.11.22 07:30:43.038,9.21045,9.21209,1.50,1.50
2011.11.22 07:30:43.494,9.21053,9.21217,1.50,1.50
2011.11.22 07:30:44.064,9.21035,9.21224,1.50,1.58
2011.11.22 07:30:44.822,9.21043,9.21232,1.50,1.58
2011.11.22 07:30:45.933,9.21051,9.2124,1.50,1.58
2011.11.22 07:30:46.054,9.21036,9.21225,1.50,1.58
2011.11.22 07:30:46.827,9.21043,9.21234,1.50,1.58
2011.11.22 07:30:47.966,9.21053,9.21242,1.50,1.58
2011.11.22 07:30:48.297,9.21062,9.21251,1.50,1.58
2011.11.22 07:30:50.233,9.21049,9.2124,1.50,1.58
2011.11.22 07:30:50.417,9.21024,9.21238,1.50,1.58
2011.11.22 07:30:50.816,9.20715,9.2124,1.35,2.18
2011.11.22 07:30:51.323,9.20715,9.2124,1.35,2.18
2011.11.22 07:30:51.662,9.20677,9.21268,1.43,2.33
2011.11.22 07:30:57.174,9.20717,9.21081,1.43,1.50
2011.11.22 07:30:57.513,9.20727,9.21081,1.43,1.58
2011.11.22 07:30:57.854,9.20727,9.21055,1.43,1.58
2011.11.22 07:31:03.586,9.20811,9.21003,1.50,1.58
2011.11.22 07:31:03.816,9.20889,9.21035,2.25,1.50
2011.11.22 07:31:03.938,9.20877,9.21023,2.93,1.50
2011.11.22 07:31:04.498,9.20877,9.21023,2.93,1.50
2011.11.22 07:31:04.618,9.20915,9.21039,2.25,1.50
2011.11.22 07:31:05.062,9.20923,9.21047,2.25,1.50
2011.11.22 07:31:05.413,9.20931,9.21055,2.25,1.50
2011.11.22 07:31:05.762,9.20931,9.21055,1.50,1.50
2011.11.22 07:31:06.238,9.20946,9.21072,1.50,1.50
2011.11.22 07:31:09.481,9.20956,9.21082,1.50,1.50
2011.11.22 07:31:09.942,9.20966,9.21092,1.50,1.50
2011.11.22 07:31:11.684,9.21014,9.21138,2.10,1.50
2011.11.22 07:31:12.022,9.21075,9.21201,1.50,2.33
2011.11.22 07:31:12.253,9.2105,9.21226,1.50,2.33
2011.11.22 07:31:12.374,9.21015,9.21254,1.50,2.33
2011.11.22 07:31:13.283,9.21025,9.21264,1.50,2.33
2011.11.22 07:31:15.087,9.21017,9.21256,1.50,2.33
2011.11.22 07:31:27.103,9.21008,9.21249,1.50,2.33
2011.11.22 07:31:33.095,9.20998,9.21237,1.50,2.33
2011.11.22 07:31:33.216,9.21006,9.21235,1.50,2.33
2011.11.22 07:31:34.094,9.21,9.21221,1.50,1.58
2011.11.22 07:31:34.787,9.20993,9.21236,1.50,2.33
2011.11.22 07:31:35.872,9.21001,9.2124,1.50,2.33
2011.11.22 07:31:36.463,9.20987,9.21228,1.50,1.58
2011.11.22 07:31:37.481,9.20996,9.21235,1.50,1.58
2011.11.22 07:31:39.062,9.21004,9.21243,1.50,2.33
2011.11.22 07:31:43.245,9.21012,9.21253,1.50,2.33
2011.11.22 07:31:44.452,9.21034,9.21273,1.50,2.33
2011.11.22 07:31:45.244,9.21041,9.21272,1.50,2.33
2011.11.22 07:31:48.225,9.2105,9.21279,1.50,2.33
2011.11.22 07:31:49.654,9.21041,9.21272,1.50,2.33
2011.11.22 07:31:50.639,9.21031,9.21262,1.50,2.33
2011.11.22 07:31:51.490,9.21046,9.21275,1.50,2.33
2011.11.22 07:31:51.615,9.21031,9.2126,1.50,2.33
2011.11.22 07:31:52.172,9.21058,9.21237,1.50,1.58
2011.11.22 07:31:52.513,9.21051,9.21222,1.50,1.58
2011.11.22 07:31:53.809,9.21067,9.21236,1.50,1.58
2011.11.22 07:31:54.165,9.21082,9.21251,1.50,1.58
2011.11.22 07:31:54.503,9.21084,9.21253,1.50,1.58
2011.11.22 07:31:56.294,9.21072,9.21241,1.50,1.58
2011.11.22 07:31:56.856,9.21071,9.21222,1.50,1.50
2011.11.22 07:31:57.317,9.21052,9.21203,1.50,1.50
2011.11.22 07:31:57.663,9.21053,9.21192,1.50,1.50
2011.11.22 07:31:57.787,9.21063,9.21204,1.50,1.50
2011.11.22 07:31:59.257,9.21073,9.21214,1.50,1.50
2011.11.22 07:32:02.804,9.21058,9.21197,1.50,1.50
2011.11.22 07:32:04.314,9.21063,9.21187,1.50,1.50
2011.11.22 07:32:05.688,9.21062,9.21186,1.50,1.50
2011.11.22 07:32:06.556,9.21052,9.21176,1.50,1.50
2011.11.22 07:32:07.084,9.21058,9.21184,1.50,1.50
2011.11.22 07:32:07.316,9.21047,9.21173,1.50,1.50
2011.11.22 07:32:07.651,9.21065,9.21189,1.50,1.50
2011.11.22 07:32:08.213,9.21025,9.21151,2.18,1.50
2011.11.22 07:32:08.333,9.21025,9.21151,1.50,1.50
2011.11.22 07:32:08.452,9.21005,9.21129,1.50,1.50
2011.11.22 07:32:09.523,9.21016,9.2114,1.50,1.50
2011.11.22 07:32:10.599,9.21008,9.21132,1.50,1.50
2011.11.22 07:32:10.953,9.20988,9.21114,1.50,1.50
2011.11.22 07:32:11.295,9.2098,9.21104,1.50,1.50
2011.11.22 07:32:11.523,9.20969,9.21095,1.50,1.50
2011.11.22 07:32:12.722,9.20978,9.21102,1.50,1.50
2011.11.22 07:32:12.842,9.21001,9.21127,1.50,1.50
2011.11.22 07:32:12.962,9.20991,9.21115,1.50,1.50
2011.11.22 07:32:13.943,9.21,9.21124,1.50,1.50
2011.11.22 07:32:14.536,9.21021,9.21145,1.50,1.50
2011.11.22 07:32:14.896,9.2105,9.21174,1.50,1.50
2011.11.22 07:32:15.017,9.21024,9.21149,1.50,1.50
2011.11.22 07:32:15.138,9.21013,9.21139,1.50,1.50
2011.11.22 07:32:18.182,9.21005,9.21131,1.50,1.50
2011.11.22 07:32:18.861,9.20997,9.21123,1.50,1.50
2011.11.22 07:32:20.124,9.20997,9.21123,2.18,1.50
2011.11.22 07:32:21.793,9.21009,9.21133,1.50,1.50
2011.11.22 07:32:22.132,9.21009,9.21133,2.25,1.50
2011.11.22 07:32:23.225,9.21038,9.21162,2.18,1.50
2011.11.22 07:32:23.352,9.21082,9.21206,1.50,1.50
2011.11.22 07:32:24.167,9.21034,9.2116,2.18,1.50
2011.11.22 07:32:24.288,9.21025,9.21151,2.25,1.50
2011.11.22 07:32:25.428,9.21025,9.21151,2.25,1.50
2011.11.22 07:32:26.177,9.21025,9.21151,2.25,1.50
2011.11.22 07:32:27.616,9.21035,9.21159,2.25,1.50
2011.11.22 07:32:27.737,9.21035,9.21159,2.25,1.50
2011.11.22 07:32:28.213,9.21035,9.21159,2.25,1.50
2011.11.22 07:32:28.466,9.21027,9.21151,2.25,1.50
2011.11.22 07:32:29.244,9.21056,9.2118,1.50,1.50
2011.11.22 07:32:29.365,9.21061,9.2118,2.18,1.50
2011.11.22 07:32:29.704,9.21086,9.21212,2.18,1.50
2011.11.22 07:32:32.085,9.21099,9.21223,2.18,1.50
2011.11.22 07:32:33.759,9.21089,9.21215,2.18,1.50
2011.11.22 07:32:35.378,9.21098,9.21222,2.18,1.50
2011.11.22 07:32:35.715,9.21106,9.2123,2.18,1.50
2011.11.22 07:32:37.023,9.21121,9.21247,1.50,1.50
2011.11.22 07:32:37.145,9.21106,9.21241,2.18,1.50
2011.11.22 07:32:37.903,9.21098,9.21233,2.18,1.50
2011.11.22 07:32:39.098,9.21088,9.21225,2.18,1.50
2011.11.22 07:32:40.282,9.21097,9.21232,2.18,1.50
2011.11.22 07:32:42.892,9.21104,9.21241,2.18,1.50
2011.11.22 07:32:44.320,9.21097,9.21232,2.18,1.50
2011.11.22 07:32:44.777,9.21114,9.21249,1.50,1.50
2011.11.22 07:32:45.264,9.21056,9.21275,2.18,1.50
2011.11.22 07:32:45.861,9.21053,9.21274,2.18,1.50
2011.11.22 07:32:49.832,9.21051,9.2127,2.18,1.50
2011.11.22 07:32:49.954,9.21059,9.21278,2.18,1.50
2011.11.22 07:32:53.423,9.21051,9.2127,2.18,1.50
2011.11.22 07:32:54.032,9.2104,9.21261,2.18,1.50
2011.11.22 07:32:55.914,9.2105,9.21271,2.18,1.50
2011.11.22 07:33:03.834,9.21042,9.21263,2.18,1.50
2011.11.22 07:33:04.294,9.21028,9.21249,2.18,1.50
2011.11.22 07:33:05.244,9.21037,9.21258,2.18,1.50
2011.11.22 07:33:05.872,9.21046,9.21267,2.18,1.50
2011.11.22 07:33:05.994,9.2106,9.21279,2.18,1.50
2011.11.22 07:33:06.525,9.21069,9.2129,2.18,1.50
2011.11.22 07:33:06.646,9.21058,9.21279,2.18,1.50
2011.11.22 07:33:09.782,9.21048,9.21269,2.18,1.50
2011.11.22 07:33:13.202,9.21038,9.21259,2.18,1.50
2011.11.22 07:33:13.776,9.21031,9.2125,2.18,1.50
2011.11.22 07:33:14.307,9.21039,9.21258,2.18,1.50
2011.11.22 07:33:18.064,9.21048,9.21267,2.18,1.50
2011.11.22 07:33:20.016,9.21035,9.21256,2.18,1.50
2011.11.22 07:33:20.525,9.21043,9.21264,2.18,1.50
2011.11.22 07:33:20.958,9.21036,9.21255,2.18,1.50
2011.11.22 07:33:21.596,9.21082,9.21231,2.18,1.50
2011.11.22 07:33:22.388,9.2109,9.21239,2.18,1.50
2011.11.22 07:33:22.749,9.2108,9.21231,2.18,1.50
2011.11.22 07:33:23.503,9.21089,9.21238,2.18,1.50
2011.11.22 07:33:25.463,9.21097,9.21246,2.18,1.50
2011.11.22 07:33:30.240,9.21097,9.21246,1.50,1.50
2011.11.22 07:33:30.804,9.21107,9.21256,1.50,1.50
2011.11.22 07:33:31.660,9.21123,9.21274,1.50,1.50
2011.11.22 07:33:34.382,9.21115,9.21266,1.50,1.50
2011.11.22 07:33:38.670,9.21107,9.21258,1.50,1.50
2011.11.22 07:33:40.422,9.21097,9.21248,1.50,1.50
2011.11.22 07:33:44.882,9.21089,9.2124,1.50,1.50
2011.11.22 07:33:46.297,9.21064,9.21213,1.50,1.50
2011.11.22 07:33:46.633,9.2109,9.21231,1.50,1.50
2011.11.22 07:33:47.940,9.21089,9.21238,1.50,1.50
2011.11.22 07:33:48.986,9.211,9.21249,1.50,1.50
2011.11.22 07:33:53.380,9.21108,9.21259,1.50,1.50
2011.11.22 07:34:03.359,9.21097,9.21246,1.50,1.50
2011.11.22 07:34:05.416,9.21106,9.21257,1.50,1.50
2011.11.22 07:34:08.711,9.21098,9.21249,1.50,1.50
2011.11.22 07:34:09.851,9.21091,9.2124,1.50,1.50
2011.11.22 07:34:12.512,9.2119,9.21336,1.50,1.50
2011.11.22 07:34:13.895,9.21218,9.21344,1.50,1.50
2011.11.22 07:34:22.220,9.21228,9.21354,1.50,1.50
2011.11.22 07:34:31.405,9.21244,9.2137,1.50,1.50
2011.11.22 07:34:31.963,9.21232,9.21358,1.50,1.50
2011.11.22 07:34:34.429,9.21225,9.21349,1.50,1.50
2011.11.22 07:34:35.393,9.21233,9.21359,1.50,1.50
2011.11.22 07:34:40.560,9.21221,9.21347,1.50,1.50
2011.11.22 07:34:42.015,9.21259,9.21385,1.50,1.88
2011.11.22 07:34:42.652,9.21274,9.21392,1.50,1.13
2011.11.22 07:34:42.885,9.21243,9.21367,1.50,1.50
2011.11.22 07:34:44.085,9.21235,9.21359,1.50,1.50
2011.11.22 07:34:44.634,9.2122,9.21344,1.50,1.50
2011.11.22 07:34:45.067,9.21241,9.21367,1.50,1.50
2011.11.22 07:34:45.302,9.21208,9.21332,1.50,1.50
2011.11.22 07:34:45.642,9.21239,9.21363,1.50,1.50
2011.11.22 07:34:45.991,9.2121,9.21336,2.18,1.50
2011.11.22 07:34:46.110,9.2121,9.21336,1.50,1.50
2011.11.22 07:34:46.622,9.212,9.21324,1.50,1.50
2011.11.22 07:34:46.987,9.21214,9.2134,1.50,1.50
2011.11.22 07:34:48.711,9.21205,9.21331,1.50,1.50
2011.11.22 07:34:49.885,9.21197,9.21321,2.18,1.50
2011.11.22 07:34:50.685,9.21218,9.21342,1.50,1.50
2011.11.22 07:34:51.332,9.21226,9.2135,1.50,1.50
2011.11.22 07:34:56.523,9.2121,9.21336,1.50,1.50
2011.11.22 07:34:56.750,9.21225,9.21349,1.50,1.50
2011.11.22 07:35:02.343,9.21233,9.21357,1.50,1.50
2011.11.22 07:35:02.570,9.21222,9.21348,1.50,1.50
2011.11.22 07:35:03.215,9.2123,9.21356,1.50,1.50
2011.11.22 07:35:06.272,9.21222,9.21348,1.50,1.50
2011.11.22 07:35:07.352,9.21222,9.21348,1.50,1.58
2011.11.22 07:35:13.526,9.21214,9.2134,1.50,1.58
2011.11.22 07:35:14.895,9.21207,9.21331,1.50,1.50
2011.11.22 07:35:16.300,9.21218,9.21342,1.50,1.58
2011.11.22 07:35:21.095,9.21232,9.21356,1.50,1.58
2011.11.22 07:35:21.724,9.21242,9.21366,1.50,1.58
2011.11.22 07:35:22.633,9.2123,9.21354,1.50,1.58
2011.11.22 07:35:24.555,9.21221,9.21347,1.50,1.58
2011.11.22 07:35:27.812,9.21214,9.21338,1.50,1.58
2011.11.22 07:35:29.023,9.21203,9.21329,1.50,1.50
2011.11.22 07:35:29.143,9.21206,9.2133,1.50,1.50
2011.11.22 07:35:30.511,9.21206,9.2133,2.25,1.50
2011.11.22 07:35:30.856,9.21212,9.21338,1.50,1.58
2011.11.22 07:35:38.742,9.21228,9.21354,1.50,1.58
2011.11.22 07:35:40.313,9.2122,9.21346,1.50,1.58
2011.11.22 07:35:42.252,9.21212,9.21338,1.50,1.58
2011.11.22 07:35:43.873,9.21195,9.21319,2.25,1.50
2011.11.22 07:35:45.463,9.21202,9.21328,2.25,1.50
2011.11.22 07:35:46.927,9.21202,9.21328,1.50,1.50
2011.11.22 07:35:47.505,9.21188,9.21314,1.50,1.50
2011.11.22 07:35:48.777,9.21196,9.21322,1.50,1.50
2011.11.22 07:35:50.459,9.21188,9.21314,1.50,1.50
2011.11.22 07:35:50.931,9.21197,9.21321,1.50,1.50
2011.11.22 07:35:51.921,9.21183,9.21309,1.50,1.50
2011.11.22 07:35:52.405,9.21192,9.21316,1.50,1.50
2011.11.22 07:35:54.172,9.21217,9.21341,1.50,1.58
2011.11.22 07:35:56.484,9.21202,9.21326,1.50,1.50
2011.11.22 07:35:56.605,9.21218,9.21344,1.50,1.58
2011.11.22 07:35:56.834,9.21209,9.21333,1.50,1.58
2011.11.22 07:35:57.544,9.2124,9.21364,1.50,1.58
2011.11.22 07:35:57.938,9.21219,9.21343,1.50,1.58
2011.11.22 07:35:58.189,9.21227,9.21351,1.50,1.58
2011.11.22 07:35:58.534,9.21245,9.21369,1.50,1.58
2011.11.22 07:35:58.773,9.21236,9.21362,1.50,1.58
2011.11.22 07:35:59.872,9.21229,9.21353,1.50,1.58
2011.11.22 07:36:01.014,9.21221,9.21345,1.50,1.58
2011.11.22 07:36:02.775,9.21208,9.21332,1.50,1.50
2011.11.22 07:36:03.356,9.21197,9.21321,1.50,1.50
2011.11.22 07:36:04.654,9.2118,9.21306,1.50,1.50
2011.11.22 07:36:05.231,9.21189,9.21313,1.50,1.50
2011.11.22 07:36:06.144,9.21177,9.21301,1.50,1.50
2011.11.22 07:36:06.753,9.21184,9.2131,1.50,1.50
2011.11.22 07:36:07.669,9.21193,9.21317,1.50,1.50
2011.11.22 07:36:08.886,9.21201,9.21325,1.50,1.50
2011.11.22 07:36:09.550,9.21212,9.21336,1.50,1.50
2011.11.22 07:36:11.563,9.21203,9.21327,1.50,1.50
2011.11.22 07:36:12.442,9.21192,9.21318,1.50,1.50
2011.11.22 07:36:12.894,9.212,9.21326,1.50,1.50
2011.11.22 07:36:13.255,9.21213,9.21339,1.50,1.50
2011.11.22 07:36:18.207,9.21227,9.21353,1.50,1.50
2011.11.22 07:36:18.562,9.21236,9.21362,1.50,1.50
2011.11.22 07:36:19.504,9.21229,9.21353,1.50,1.50
2011.11.22 07:36:21.270,9.2122,9.21346,1.50,1.50
2011.11.22 07:36:21.923,9.21208,9.21332,1.50,1.50
2011.11.22 07:36:23.052,9.2122,9.21344,1.50,1.50
2011.11.22 07:36:24.521,9.21208,9.21334,1.50,1.50
2011.11.22 07:36:27.524,9.21198,9.21322,1.50,1.50
2011.11.22 07:36:28.610,9.21188,9.21312,1.50,1.50
2011.11.22 07:36:30.214,9.21199,9.21323,1.50,1.50
2011.11.22 07:36:30.554,9.21194,9.2132,1.50,1.50
2011.11.22 07:36:32.211,9.21202,9.21328,1.50,1.50
2011.11.22 07:36:33.315,9.21205,9.21329,1.50,1.50
2011.11.22 07:36:33.724,9.21213,9.21337,1.50,1.50
2011.11.22 07:36:34.544,9.21221,9.21347,1.50,1.50
2011.11.22 07:36:35.104,9.21231,9.21355,1.50,2.25
2011.11.22 07:36:35.333,9.21231,9.21355,1.50,1.50
2011.11.22 07:36:35.890,9.21231,9.21355,1.50,2.10
2011.11.22 07:36:36.311,9.21188,9.21314,1.50,1.58
2011.11.22 07:36:38.143,9.21188,9.21314,1.50,2.33
2011.11.22 07:36:39.130,9.21188,9.21314,1.50,2.33
2011.11.22 07:36:39.869,9.21181,9.21305,1.50,2.25
2011.11.22 07:36:40.451,9.21181,9.21305,1.50,2.25
2011.11.22 07:36:48.912,9.2117,9.21296,1.88,2.25
2011.11.22 07:36:51.217,9.21163,9.21288,5.08,1.50
2011.11.22 07:36:51.563,9.21163,9.2128,5.08,2.25
2011.11.22 07:36:52.562,9.21163,9.21272,5.08,1.50
2011.11.22 07:36:53.371,9.21163,9.21283,5.08,2.25
2011.11.22 07:36:53.905,9.21163,9.21272,5.08,1.50
2011.11.22 07:36:54.412,9.21163,9.2128,5.08,2.25
2011.11.22 07:37:00.284,9.21179,9.21303,1.50,2.25
2011.11.22 07:37:00.715,9.21186,9.21312,1.50,2.25
2011.11.22 07:37:00.944,9.21186,9.21312,1.50,2.25
2011.11.22 07:37:01.956,9.21281,9.21312,1.50,1.50
2011.11.22 07:37:02.075,9.21216,9.21312,1.50,1.50
2011.11.22 07:37:02.194,9.21233,9.21312,1.50,1.50
2011.11.22 07:37:02.318,9.21257,9.21382,1.50,2.10
2011.11.22 07:37:05.931,9.2124,9.21366,1.50,2.10
2011.11.22 07:37:08.790,9.21248,9.21374,1.50,2.18
2011.11.22 07:37:11.210,9.21262,9.21382,1.50,2.18
2011.11.22 07:37:21.016,9.21253,9.21377,1.50,2.18
2011.11.22 07:37:22.382,9.21253,9.21377,1.50,1.58
2011.11.22 07:37:27.806,9.21242,9.21366,1.50,1.50
2011.11.22 07:37:30.702,9.2125,9.21374,1.50,1.58
2011.11.22 07:37:35.748,9.21257,9.21383,1.50,1.58
2011.11.22 07:37:38.942,9.21266,9.21392,1.50,1.58
2011.11.22 07:37:41.682,9.21258,9.21384,1.50,1.58
2011.11.22 07:37:57.104,9.21242,9.21366,1.50,1.50
2011.11.22 07:37:57.229,9.21239,9.21363,1.50,1.50
2011.11.22 07:37:59.156,9.21247,9.21371,1.50,1.50
2011.11.22 07:38:06.175,9.21255,9.21379,1.50,1.50
2011.11.22 07:38:13.564,9.21288,9.21414,1.50,2.10
2011.11.22 07:38:15.637,9.21272,9.21398,1.50,2.10
2011.11.22 07:38:16.226,9.21263,9.21389,1.50,1.50
2011.11.22 07:38:18.632,9.21255,9.21381,1.50,1.50
2011.11.22 07:38:19.369,9.21242,9.21368,1.50,1.50
2011.11.22 07:38:22.320,9.21251,9.21375,1.50,1.50
2011.11.22 07:38:32.070,9.21235,9.21359,2.25,1.50
2011.11.22 07:38:32.191,9.21235,9.21359,1.50,1.50
2011.11.22 07:38:32.313,9.21217,9.21341,2.25,1.50
2011.11.22 07:38:34.212,9.21217,9.21341,2.25,1.50
2011.11.22 07:38:37.290,9.21196,9.2132,2.25,1.50
2011.11.22 07:38:38.679,9.21196,9.2132,1.50,1.50
2011.11.22 07:38:39.031,9.21173,9.21297,1.50,1.50
2011.11.22 07:38:40.952,9.21181,9.21305,1.50,1.50
2011.11.22 07:38:41.305,9.21305,9.21361,1.50,1.50
2011.11.22 07:38:41.424,9.21191,9.21335,1.50,1.50
2011.11.22 07:38:41.542,9.21191,9.21335,2.18,1.50
2011.11.22 07:38:41.772,9.21201,9.21347,1.50,1.50
2011.11.22 07:38:41.893,9.21231,9.21347,2.10,1.50
2011.11.22 07:38:42.123,9.21297,9.21441,1.50,1.50
2011.11.22 07:38:42.242,9.21385,9.21529,1.50,1.50
2011.11.22 07:38:42.581,9.21435,9.2154,1.50,1.43
2011.11.22 07:38:42.702,9.21426,9.21552,1.50,2.33
2011.11.22 07:38:43.254,9.21435,9.21559,1.50,2.33
2011.11.22 07:38:44.046,9.21443,9.21567,1.50,2.33
2011.11.22 07:38:45.209,9.21432,9.21556,1.50,2.33
2011.11.22 07:38:45.465,9.21439,9.21565,1.50,2.33
2011.11.22 07:38:46.700,9.21447,9.21573,1.50,2.33
2011.11.22 07:38:48.318,9.21456,9.21582,1.50,2.33
2011.11.22 07:38:49.483,9.2147,9.21594,1.50,2.33
2011.11.22 07:39:00.090,9.21461,9.21587,1.50,2.33
2011.11.22 07:39:03.643,9.21471,9.21597,1.50,2.33
2011.11.22 07:39:03.994,9.21464,9.21588,1.50,2.33
2011.11.22 07:39:12.473,9.21474,9.21558,1.50,1.58
2011.11.22 07:39:14.545,9.21488,9.21554,1.50,1.58
2011.11.22 07:39:15.542,9.21481,9.21554,1.50,1.58
2011.11.22 07:39:17.975,9.2147,9.21558,1.50,1.58
2011.11.22 07:39:18.095,9.21455,9.21558,1.50,1.58
2011.11.22 07:39:18.598,9.2144,9.21558,1.50,1.58
2011.11.22 07:39:19.401,9.21415,9.21506,1.50,1.50
2011.11.22 07:39:19.523,9.21265,9.21506,2.18,1.50
2011.11.22 07:39:19.641,9.2124,9.21502,2.18,1.50
2011.11.22 07:39:20.108,9.21296,9.21525,1.50,1.50
2011.11.22 07:39:20.466,9.21228,9.21497,2.18,1.50
2011.11.22 07:39:21.227,9.21276,9.21527,2.18,1.50
2011.11.22 07:39:21.807,9.21277,9.21528,2.18,1.50
2011.11.22 07:39:22.518,9.21267,9.21518,2.18,1.50
2011.11.22 07:39:23.134,9.21255,9.21504,2.18,1.50
2011.11.22 07:39:24.733,9.21354,9.21498,1.50,1.50
2011.11.22 07:39:27.163,9.21383,9.21507,1.50,1.50
2011.11.22 07:39:29.282,9.2139,9.21516,1.50,1.50
2011.11.22 07:39:29.401,9.21399,9.21525,1.50,1.50
2011.11.22 07:39:31.224,9.21408,9.21534,1.50,2.33
2011.11.22 07:39:32.976,9.21419,9.21543,1.50,2.33
2011.11.22 07:39:33.260,9.21407,9.21533,1.50,2.33
2011.11.22 07:39:37.970,9.21417,9.21541,1.50,2.33
2011.11.22 07:39:38.312,9.21407,9.21533,1.50,2.33
2011.11.22 07:39:40.282,9.21398,9.21524,1.50,1.50
2011.11.22 07:39:43.432,9.21386,9.2151,1.50,1.50
2011.11.22 07:39:48.221,9.21402,9.21526,1.50,1.50
2011.11.22 07:39:49.772,9.2142,9.21546,1.50,1.50
2011.11.22 07:39:51.821,9.21431,9.21555,1.50,1.50
2011.11.22 07:39:59.711,9.2144,9.21566,1.50,1.50
2011.11.22 07:40:01.298,9.21453,9.21579,1.50,1.50
2011.11.22 07:40:02.647,9.21447,9.21573,1.50,1.50
2011.11.22 07:40:02.766,9.21439,9.21565,1.50,1.50
2011.11.22 07:40:03.212,9.21448,9.21574,1.50,1.50
2011.11.22 07:40:05.594,9.2143,9.21556,1.50,1.50
2011.11.22 07:40:14.373,9.21435,9.21559,1.50,1.50
2011.11.22 07:40:14.711,9.21425,9.21549,1.50,1.50
2011.11.22 07:40:15.176,9.21437,9.21563,1.50,1.50
2011.11.22 07:40:19.053,9.21446,9.21572,1.50,1.50
2011.11.22 07:40:19.628,9.21435,9.21559,1.50,1.50
2011.11.22 07:40:22.338,9.21445,9.21571,1.50,1.50
2011.11.22 07:40:23.505,9.21456,9.2158,1.50,1.50
2011.11.22 07:40:24.045,9.21447,9.21573,1.50,1.50
2011.11.22 07:40:24.945,9.21438,9.21564,1.50,1.50
2011.11.22 07:40:25.505,9.21429,9.21555,1.50,1.50
2011.11.22 07:40:25.897,9.21439,9.21563,1.50,1.50
2011.11.22 07:40:31.815,9.21436,9.2156,1.50,1.50
2011.11.22 07:40:32.744,9.21444,9.21568,1.50,1.50
2011.11.22 07:40:35.536,9.21428,9.21552,2.25,1.50
2011.11.22 07:40:35.653,9.21428,9.21552,1.50,1.50
2011.11.22 07:40:37.284,9.21443,9.21569,1.50,1.50
2011.11.22 07:40:39.501,9.21435,9.21561,2.25,1.50
2011.11.22 07:40:40.138,9.21445,9.21569,1.50,1.50
2011.11.22 07:40:40.261,9.21445,9.21569,2.25,1.50
2011.11.22 07:40:44.531,9.21436,9.21562,2.25,1.50
2011.11.22 07:40:48.325,9.21436,9.21562,2.25,1.50
2011.11.22 07:40:49.894,9.21445,9.21571,1.50,1.50
2011.11.22 07:40:50.121,9.21434,9.21558,2.25,1.50
2011.11.22 07:40:54.895,9.21418,9.21544,2.25,1.50
2011.11.22 07:40:55.244,9.21412,9.21536,2.25,1.50
2011.11.22 07:40:55.580,9.21407,9.21533,2.25,1.50
2011.11.22 07:40:56.372,9.21419,9.21545,2.25,1.50
2011.11.22 07:40:57.103,9.2143,9.21554,2.25,1.50
2011.11.22 07:40:58.365,9.2143,9.21554,1.50,1.50
2011.11.22 07:40:58.709,9.21418,9.21542,2.25,1.50
2011.11.22 07:40:58.835,9.21426,9.21552,2.25,1.50
2011.11.22 07:40:58.954,9.21426,9.21552,2.25,1.58
2011.11.22 07:40:59.316,9.21478,9.21604,1.50,1.50
2011.11.22 07:40:59.972,9.21487,9.21611,1.50,1.50
2011.11.22 07:41:00.313,9.21437,9.21563,1.50,1.50
2011.11.22 07:41:02.853,9.21429,9.21555,1.50,1.50
2011.11.22 07:41:03.497,9.21357,9.2147,1.43,1.50
2011.11.22 07:41:03.724,9.21346,9.2147,2.25,1.50
2011.11.22 07:41:03.844,9.21335,9.21461,2.25,1.50
2011.11.22 07:41:04.836,9.21357,9.21483,1.50,1.80
2011.11.22 07:41:05.173,9.21437,9.21483,2.10,1.50
2011.11.22 07:41:05.419,9.21437,9.21578,2.10,1.13
2011.11.22 07:41:05.550,9.21402,9.21488,1.50,1.50
2011.11.22 07:41:05.892,9.21548,9.2164,1.62,1.58
2011.11.22 07:41:06.014,9.21442,9.2164,1.43,1.50
2011.11.22 07:41:06.378,9.21538,9.21663,1.50,1.13
2011.11.22 07:41:06.512,9.21538,9.21704,1.50,1.58
2011.11.22 07:41:06.637,9.21502,9.21666,1.50,1.50
2011.11.22 07:41:06.975,9.21502,9.21646,1.50,1.58
2011.11.22 07:41:08.777,9.21543,9.21669,1.50,1.58
2011.11.22 07:41:09.139,9.21519,9.21645,1.50,1.58
2011.11.22 07:41:09.260,9.21519,9.21645,2.18,1.50
2011.11.22 07:41:09.733,9.2154,9.21664,1.50,1.50
2011.11.22 07:41:09.854,9.21548,9.21672,1.50,1.50
2011.11.22 07:41:10.195,9.21557,9.21681,1.50,1.50
2011.11.22 07:41:10.314,9.21517,9.21643,1.50,1.50
2011.11.22 07:41:12.025,9.21504,9.2163,1.50,1.50
2011.11.22 07:41:12.573,9.21504,9.2163,1.50,2.10
2011.11.22 07:41:12.912,9.21442,9.21568,2.18,1.50
2011.11.22 07:41:13.031,9.21442,9.21568,1.50,1.50
2011.11.22 07:41:13.373,9.21435,9.21559,1.50,1.50
2011.11.22 07:41:13.726,9.21423,9.21547,1.50,1.50
2011.11.22 07:41:14.329,9.21407,9.21533,1.50,1.50
2011.11.22 07:41:15.807,9.21398,9.21524,1.50,1.50
2011.11.22 07:41:17.304,9.2143,9.21548,1.50,1.50
2011.11.22 07:41:17.933,9.2144,9.21522,1.50,1.20
2011.11.22 07:41:18.177,9.21448,9.21552,2.10,1.24
2011.11.22 07:41:18.308,9.21467,9.21591,1.50,1.50
2011.11.22 07:41:18.435,9.21487,9.21611,1.50,1.50
2011.11.22 07:41:19.535,9.21466,9.2159,1.50,1.50
2011.11.22 07:41:19.873,9.21509,9.21635,1.50,2.25
2011.11.22 07:41:20.211,9.2152,9.21646,1.50,2.25
2011.11.22 07:41:20.441,9.21513,9.21637,1.50,2.25
2011.11.22 07:41:20.672,9.21513,9.21637,1.50,2.25
2011.11.22 07:41:20.904,9.21525,9.21649,1.50,1.50
2011.11.22 07:41:22.416,9.21525,9.21649,1.50,2.25
2011.11.22 07:41:22.537,9.21517,9.21643,1.50,2.25
2011.11.22 07:41:22.654,9.21517,9.21643,1.50,1.50
2011.11.22 07:41:22.886,9.21517,9.21643,1.50,2.25
2011.11.22 07:41:25.184,9.21526,9.2165,1.50,2.25
2011.11.22 07:41:32.230,9.21526,9.2165,1.50,1.50
2011.11.22 07:41:37.222,9.21541,9.21667,1.50,1.50
2011.11.22 07:41:38.299,9.21533,9.21659,1.50,1.50
2011.11.22 07:41:42.414,9.21548,9.21674,1.50,1.50
2011.11.22 07:41:43.183,9.21533,9.21659,1.50,1.50
2011.11.22 07:41:43.526,9.21549,9.21673,1.50,1.50
2011.11.22 07:41:49.265,9.21538,9.21664,1.50,1.50
2011.11.22 07:41:51.203,9.21567,9.21693,2.18,1.50
2011.11.22 07:41:51.324,9.21588,9.21714,1.50,1.50
2011.11.22 07:41:51.554,9.2155,9.21674,2.25,1.50
2011.11.22 07:41:52.132,9.2155,9.21674,1.50,1.50
2011.11.22 07:41:52.252,9.2154,9.21666,1.50,1.50
2011.11.22 07:41:52.483,9.21551,9.21677,2.25,1.50
2011.11.22 07:41:53.073,9.21551,9.21677,1.50,1.50
2011.11.22 07:41:53.943,9.21543,9.21669,1.50,1.50
2011.11.22 07:42:07.208,9.21543,9.21669,2.25,1.50
2011.11.22 07:42:07.564,9.21565,9.21691,1.50,1.50
2011.11.22 07:42:08.235,9.21552,9.21676,2.25,1.50
2011.11.22 07:42:08.355,9.21563,9.21687,1.50,1.50
2011.11.22 07:42:09.443,9.21552,9.21676,2.25,1.50
2011.11.22 07:42:16.327,9.21542,9.21666,2.25,1.50
2011.11.22 07:42:17.152,9.21533,9.21659,2.25,1.50
2011.11.22 07:42:18.862,9.21543,9.21667,2.25,1.50
2011.11.22 07:42:20.916,9.21543,9.21667,1.50,1.50
2011.11.22 07:42:21.709,9.21534,9.2166,2.25,1.50
2011.11.22 07:42:24.102,9.21545,9.21671,1.50,1.50
2011.11.22 07:42:25.873,9.21554,9.21678,1.50,1.50
2011.11.22 07:42:26.307,9.21554,9.21678,2.25,1.50
2011.11.22 07:42:30.487,9.21543,9.21669,2.25,1.50
2011.11.22 07:42:34.382,9.21543,9.21669,1.50,1.50
2011.11.22 07:42:36.988,9.21543,9.21669,2.25,1.50
2011.11.22 07:42:38.431,9.21533,9.21657,2.25,1.50
2011.11.22 07:42:39.414,9.21533,9.21657,1.50,1.50
2011.11.22 07:42:39.766,9.21525,9.21649,1.50,1.50
2011.11.22 07:42:41.954,9.21633,9.21733,1.50,1.35
2011.11.22 07:42:42.074,9.21642,9.2177,1.50,1.50
2011.11.22 07:42:42.193,9.21616,9.21684,1.50,1.50
2011.11.22 07:42:42.312,9.21583,9.21684,1.05,1.50
2011.11.22 07:42:42.432,9.21567,9.21665,1.05,1.50
2011.11.22 07:42:42.555,9.21534,9.21678,2.18,1.50
2011.11.22 07:42:42.673,9.21522,9.21666,2.18,1.50
2011.11.22 07:42:42.795,9.2151,9.21656,2.25,1.50
2011.11.22 07:42:44.224,9.2153,9.21656,2.25,1.50
2011.11.22 07:42:44.587,9.2153,9.21656,2.25,1.50
2011.11.22 07:42:44.708,9.21566,9.2169,1.50,1.50
2011.11.22 07:42:44.828,9.21576,9.21702,2.18,1.50
2011.11.22 07:42:45.172,9.21569,9.21693,2.18,1.50
2011.11.22 07:42:47.024,9.21552,9.21676,2.18,1.50
2011.11.22 07:42:48.824,9.21542,9.21668,2.18,1.50
2011.11.22 07:42:49.566,9.2155,9.21676,2.18,1.50
2011.11.22 07:42:49.683,9.21536,9.2166,2.18,1.50
2011.11.22 07:42:50.203,9.21528,9.2165,1.43,1.50
2011.11.22 07:42:50.820,9.21523,9.21632,1.28,1.50
2011.11.22 07:42:51.633,9.21523,9.21639,1.28,1.50
2011.11.22 07:42:52.920,9.21523,9.21648,1.28,1.50
2011.11.22 07:42:56.504,9.21531,9.21655,2.18,1.50
2011.11.22 07:42:57.656,9.2154,9.21666,2.18,1.50
2011.11.22 07:42:58.223,9.21527,9.21653,2.18,1.50
2011.11.22 07:43:00.217,9.21523,9.21636,1.28,1.50
2011.11.22 07:43:00.895,9.21523,9.21643,1.28,1.50
2011.11.22 07:43:01.015,9.21526,9.21652,2.18,1.50
2011.11.22 07:43:03.231,9.21534,9.2166,2.18,1.50
2011.11.22 07:43:05.322,9.21544,9.2167,2.18,1.50
2011.11.22 07:43:06.914,9.21533,9.21657,2.18,1.50
2011.11.22 07:43:09.564,9.21447,9.21651,1.50,1.58
2011.11.22 07:43:09.682,9.2139,9.21651,2.25,1.58
2011.11.22 07:43:09.913,9.2139,9.21646,2.25,2.18
2011.11.22 07:43:10.142,9.21341,9.21638,2.25,2.10
2011.11.22 07:43:11.710,9.21319,9.21589,1.35,1.50
2011.11.22 07:43:12.068,9.21319,9.21581,1.35,1.50
2011.11.22 07:43:12.201,9.21319,9.21596,1.35,1.50
2011.11.22 07:43:12.433,9.21319,9.21606,1.35,1.50
2011.11.22 07:43:13.949,9.21319,9.21615,1.35,2.10
2011.11.22 07:43:27.215,9.21493,9.21642,1.50,1.35
2011.11.22 07:43:27.335,9.21493,9.21657,1.50,2.25
2011.11.22 07:43:27.456,9.21501,9.21642,1.50,1.35
2011.11.22 07:43:27.822,9.21318,9.21476,2.85,1.50
2011.11.22 07:43:27.949,9.21292,9.2146,1.50,1.50
2011.11.22 07:43:28.081,9.2125,9.21436,2.18,1.50
2011.11.22 07:43:28.208,9.21243,9.21427,2.18,1.50
2011.11.22 07:43:28.524,9.21275,9.21416,1.43,1.50
2011.11.22 07:43:29.255,9.21312,9.21396,1.50,1.50
2011.11.22 07:43:29.374,9.21337,9.2158,1.50,1.50
2011.11.22 07:43:30.866,9.21488,9.21585,1.50,1.50
2011.11.22 07:43:30.982,9.21488,9.21634,1.50,1.50
2011.11.22 07:43:31.105,9.2151,9.21654,1.50,2.25
2011.11.22 07:43:31.222,9.21485,9.21644,1.50,1.50
2011.11.22 07:43:31.342,9.21347,9.21644,1.50,1.50
2011.11.22 07:43:33.163,9.21463,9.21644,1.13,1.50
2011.11.22 07:43:33.715,9.21528,9.21652,1.50,1.50
2011.11.22 07:43:33.851,9.21224,9.21643,2.25,1.50
2011.11.22 07:43:35.275,9.21256,9.21635,2.25,1.50
2011.11.22 07:43:35.629,9.21245,9.21626,2.25,1.50
2011.11.22 07:43:36.300,9.21256,9.21635,2.25,1.50
2011.11.22 07:43:36.417,9.21244,9.21625,2.25,1.50
2011.11.22 07:43:36.695,9.21253,9.21632,2.25,1.50
2011.11.22 07:43:37.058,9.21367,9.21611,1.43,1.50
2011.11.22 07:43:37.833,9.21367,9.21604,1.43,1.50
2011.11.22 07:43:39.408,9.21387,9.2159,1.43,1.50
2011.11.22 07:43:40.359,9.21387,9.21582,1.43,1.50
2011.11.22 07:43:40.611,9.21387,9.21591,1.43,1.50
2011.11.22 07:43:41.363,9.21387,9.21599,1.43,1.50
2011.11.22 07:43:41.488,9.21387,9.21608,1.43,1.50
2011.11.22 07:43:42.494,9.21387,9.21615,1.43,1.50
2011.11.22 07:43:42.857,9.21387,9.21624,1.43,1.50
2011.11.22 07:43:43.537,9.21387,9.21609,1.43,1.50
2011.11.22 07:43:43.886,9.21387,9.21626,1.43,1.50
2011.11.22 07:43:45.095,9.21387,9.21633,1.43,1.50
2011.11.22 07:43:45.215,9.21387,9.21644,1.43,1.58
2011.11.22 07:43:47.865,9.21387,9.21633,1.43,1.50
2011.11.22 07:43:48.544,9.21387,9.21625,1.43,1.50
2011.11.22 07:43:50.312,9.21387,9.21616,1.43,1.50
2011.11.22 07:43:51.335,9.21387,9.2162,1.43,1.50
2011.11.22 07:43:52.820,9.21387,9.21627,1.43,1.50
2011.11.22 07:43:54.446,9.21387,9.21635,1.43,1.50
2011.11.22 07:43:56.386,9.21387,9.21633,1.43,1.50
2011.11.22 07:43:56.834,9.21387,9.21623,1.43,1.50
2011.11.22 07:43:58.984,9.21387,9.21615,1.43,1.50
2011.11.22 07:44:01.073,9.21387,9.21628,1.43,1.50
2011.11.22 07:44:01.714,9.21387,9.21618,1.43,1.50
2011.11.22 07:44:05.446,9.21387,9.21625,1.43,1.50
2011.11.22 07:44:05.676,9.21387,9.21596,1.43,1.50
2011.11.22 07:44:05.986,9.21387,9.21606,1.43,1.50
2011.11.22 07:44:06.340,9.21387,9.21615,1.43,1.50
2011.11.22 07:44:07.513,9.21387,9.21619,1.43,1.50
2011.11.22 07:44:08.064,9.21387,9.21632,1.43,1.50
2011.11.22 07:44:08.293,9.21387,9.21622,1.43,1.50
2011.11.22 07:44:08.612,9.21387,9.21632,1.43,1.50
2011.11.22 07:44:08.735,9.21387,9.21619,1.43,1.50
2011.11.22 07:44:08.976,9.21387,9.21627,1.43,1.50
2011.11.22 07:44:09.455,9.21387,9.21608,1.43,1.50
2011.11.22 07:44:09.574,9.21387,9.21616,1.43,1.50
2011.11.22 07:44:10.455,9.21387,9.21601,1.43,1.50
2011.11.22 07:44:12.554,9.21387,9.21617,1.43,1.50
2011.11.22 07:44:12.797,9.21387,9.2163,1.43,1.50
2011.11.22 07:44:12.913,9.21387,9.21623,1.43,1.50
2011.11.22 07:44:13.865,9.21387,9.21635,1.43,2.25
2011.11.22 07:44:15.559,9.21387,9.21654,1.43,2.33
2011.11.22 07:44:16.764,9.21387,9.21643,1.43,2.33
2011.11.22 07:44:20.447,9.21387,9.21648,1.43,1.58
2011.11.22 07:44:21.154,9.21387,9.21636,1.43,1.50
2011.11.22 07:44:21.274,9.21387,9.21645,1.43,1.58
2011.11.22 07:44:23.914,9.21387,9.21635,1.43,1.50
2011.11.22 07:44:30.022,9.21387,9.21646,1.43,1.58
2011.11.22 07:44:34.027,9.21386,9.21638,1.43,1.50
2011.11.22 07:44:35.822,9.21386,9.21612,1.43,1.50
2011.11.22 07:44:35.942,9.21386,9.21626,1.43,1.50
2011.11.22 07:44:37.076,9.21345,9.21626,2.25,1.50
2011.11.22 07:44:38.932,9.21345,9.21626,2.25,1.50
2011.11.22 07:44:39.053,9.21373,9.21574,2.25,1.50
2011.11.22 07:44:39.397,9.21363,9.21564,2.25,1.50
2011.11.22 07:44:39.754,9.21352,9.21553,2.25,1.50
2011.11.22 07:44:41.296,9.2136,9.21561,2.25,1.50
2011.11.22 07:44:41.999,9.21368,9.21569,2.25,1.50
2011.11.22 07:44:44.713,9.21348,9.21472,2.25,1.50
2011.11.22 07:44:44.833,9.21337,9.21463,1.50,1.50
2011.11.22 07:44:45.065,9.21352,9.21478,1.50,1.50
2011.11.22 07:44:45.415,9.21343,9.21467,1.50,1.50
2011.11.22 07:44:45.539,9.21334,9.2146,1.50,1.50
2011.11.22 07:44:46.740,9.21327,9.21451,1.50,1.50
2011.11.22 07:44:46.973,9.21318,9.21444,1.50,1.50
2011.11.22 07:44:48.441,9.21311,9.21435,1.50,1.50
2011.11.22 07:44:50.732,9.21302,9.21428,1.50,1.50
2011.11.22 07:44:53.067,9.21284,9.2141,1.50,1.50
2011.11.22 07:44:53.799,9.21275,9.21399,2.18,1.50
2011.11.22 07:44:54.497,9.21283,9.21407,1.50,1.50
2011.11.22 07:44:55.601,9.21291,9.21415,1.50,2.25
2011.11.22 07:44:56.184,9.21291,9.21415,1.50,1.50
2011.11.22 07:44:56.306,9.21282,9.21406,1.50,1.50
2011.11.22 07:44:56.762,9.21297,9.21423,1.50,2.25
2011.11.22 07:44:57.168,9.2129,9.21414,1.50,2.25
2011.11.22 07:44:57.288,9.21277,9.21401,2.18,1.50
2011.11.22 07:44:57.744,9.21285,9.21409,1.50,1.50
2011.11.22 07:44:58.683,9.21293,9.21417,1.50,2.25
2011.11.22 07:45:00.471,9.213,9.21426,1.50,2.25
2011.11.22 07:45:03.114,9.21292,9.21416,1.50,2.25
2011.11.22 07:45:03.538,9.21296,9.2142,1.50,2.25
2011.11.22 07:45:04.296,9.21288,9.21412,1.50,2.25
2011.11.22 07:45:05.233,9.21295,9.21421,1.50,2.25
2011.11.22 07:45:06.353,9.21313,9.21437,1.50,2.25
2011.11.22 07:45:07.934,9.21305,9.21429,1.50,2.25
2011.11.22 07:45:10.093,9.21292,9.21418,1.50,2.25
2011.11.22 07:45:15.606,9.21277,9.21401,2.18,1.50
2011.11.22 07:45:15.838,9.21291,9.21415,1.50,2.25
2011.11.22 07:45:16.394,9.21291,9.21415,1.50,2.25
2011.11.22 07:45:16.853,9.21282,9.21408,1.50,2.25
2011.11.22 07:45:17.944,9.21282,9.21408,1.50,1.50
2011.11.22 07:45:18.069,9.21258,9.21387,2.25,1.58
2011.11.22 07:45:18.201,9.2126,9.21384,1.50,1.58
2011.11.22 07:45:19.297,9.21246,9.2137,1.50,1.50
2011.11.22 07:45:19.871,9.21254,9.2138,1.50,1.58
2011.11.22 07:45:21.477,9.21244,9.2137,1.50,1.50
2011.11.22 07:45:21.600,9.21223,9.21347,1.50,1.50
2011.11.22 07:45:22.007,9.21232,9.21356,1.50,1.50
2011.11.22 07:45:22.345,9.21244,9.21383,1.50,1.58
2011.11.22 07:45:22.734,9.21222,9.21361,1.50,1.50
2011.11.22 07:45:22.858,9.2123,9.21371,1.50,1.50
2011.11.22 07:45:23.613,9.21238,9.21379,1.50,1.58
2011.11.22 07:45:23.964,9.21242,9.21381,1.50,1.58
2011.11.22 07:45:25.094,9.21251,9.2139,1.50,1.58
2011.11.22 07:45:25.321,9.21243,9.21382,1.50,1.58
2011.11.22 07:45:25.444,9.21258,9.21397,1.50,2.33
2011.11.22 07:45:28.034,9.21267,9.21406,1.50,2.33
2011.11.22 07:45:29.451,9.21259,9.21398,1.50,1.58
2011.11.22 07:45:31.113,9.2125,9.21391,1.50,1.58
2011.11.22 07:45:31.355,9.21234,9.21373,1.50,1.58
2011.11.22 07:45:31.585,9.21252,9.21391,1.50,1.58
2011.11.22 07:45:34.782,9.21268,9.21407,1.50,1.58
2011.11.22 07:45:34.902,9.2126,9.21399,1.50,1.58
2011.11.22 07:45:37.072,9.21252,9.21388,1.50,1.58
2011.11.22 07:45:37.305,9.21227,9.21388,1.50,1.58
2011.11.22 07:45:37.425,9.21206,9.21388,1.50,2.33
2011.11.22 07:45:37.544,9.21206,9.21388,1.50,2.33
2011.11.22 07:45:37.914,9.21206,9.21388,1.50,2.33
2011.11.22 07:45:38.032,9.21198,9.21386,1.50,2.33
2011.11.22 07:45:38.793,9.21161,9.21305,1.50,1.58
2011.11.22 07:45:39.423,9.21152,9.21296,1.50,1.58
2011.11.22 07:45:41.146,9.21152,9.21276,1.50,2.33
2011.11.22 07:45:42.131,9.21164,9.2129,1.50,2.33
2011.11.22 07:45:42.257,9.21149,9.21275,1.50,2.33
2011.11.22 07:45:42.378,9.21162,9.21286,1.50,2.33
2011.11.22 07:45:43.165,9.21153,9.21279,1.50,2.33
2011.11.22 07:45:43.823,9.21153,9.21279,1.50,2.33
2011.11.22 07:45:45.006,9.21144,9.2127,1.50,2.33
2011.11.22 07:45:47.571,9.21144,9.2127,1.50,1.58
2011.11.22 07:45:47.696,9.21152,9.21278,1.50,1.50
2011.11.22 07:45:48.916,9.21195,9.21319,1.50,2.25
2011.11.22 07:45:49.041,9.2117,9.21289,1.50,1.50
2011.11.22 07:45:49.164,9.21163,9.21289,1.50,1.50
2011.11.22 07:45:49.427,9.21181,9.21305,1.50,2.25
2011.11.22 07:45:50.201,9.21181,9.21305,1.50,2.25
2011.11.22 07:45:51.121,9.21181,9.21305,1.50,2.25
2011.11.22 07:45:51.861,9.21172,9.21296,1.50,2.25
2011.11.22 07:45:54.702,9.21146,9.2126,1.50,1.50
2011.11.22 07:45:54.824,9.21136,9.2126,1.50,1.50
2011.11.22 07:45:55.182,9.21115,9.21241,1.50,1.50
2011.11.22 07:45:56.116,9.21104,9.21228,1.50,1.50
2011.11.22 07:45:56.235,9.21111,9.21237,1.50,1.50
2011.11.22 07:45:57.240,9.21111,9.21237,1.50,2.25
2011.11.22 07:45:58.443,9.21111,9.21237,1.50,2.25
2011.11.22 07:45:59.485,9.21111,9.21237,1.50,1.50
2011.11.22 07:46:00.425,9.21111,9.21237,1.50,2.25
2011.11.22 07:46:05.015,9.21111,9.21237,1.50,2.25
2011.11.22 07:46:05.133,9.21111,9.21237,1.50,2.25
2011.11.22 07:46:05.371,9.21108,9.21234,1.50,2.25
2011.11.22 07:46:05.492,9.21108,9.21234,1.50,2.25
2011.11.22 07:46:05.614,9.21123,9.21249,1.50,2.25
2011.11.22 07:46:05.736,9.2111,9.21234,1.50,2.25
2011.11.22 07:46:06.273,9.2111,9.21234,1.50,1.50
2011.11.22 07:46:06.406,9.211,9.21224,1.50,1.50
2011.11.22 07:46:08.812,9.21092,9.21216,1.50,1.50
2011.11.22 07:46:09.844,9.21083,9.21207,2.18,1.50
2011.11.22 07:46:20.492,9.21064,9.21188,2.18,1.50
2011.11.22 07:46:26.435,9.2106,9.21186,2.18,1.50
2011.11.22 07:46:31.488,9.21064,9.21188,2.18,1.50
2011.11.22 07:46:32.177,9.21058,9.21184,2.18,1.50
2011.11.22 07:46:36.204,9.21036,9.2116,2.18,1.50
2011.11.22 07:46:36.325,9.20988,9.21115,1.50,1.50
2011.11.22 07:46:36.445,9.20997,9.21123,1.50,1.58
2011.11.22 07:46:37.263,9.20997,9.21123,1.50,2.18
2011.11.22 07:46:37.621,9.20725,9.21051,2.25,1.50
2011.11.22 07:46:37.969,9.2072,9.21042,2.25,1.50
2011.11.22 07:46:38.607,9.20712,9.21034,2.25,1.50
2011.11.22 07:46:38.732,9.20627,9.21163,1.43,1.50
2011.11.22 07:46:38.963,9.20627,9.21155,1.43,1.50
2011.11.22 07:46:39.743,9.20647,9.21159,1.43,1.58
2011.11.22 07:46:46.546,9.20814,9.21172,1.43,2.33
2011.11.22 07:46:46.884,9.20815,9.21086,2.18,1.50
2011.11.22 07:46:47.468,9.20841,9.2106,1.50,1.50
2011.11.22 07:46:47.814,9.2085,9.21051,2.18,1.50
2011.11.22 07:46:47.931,9.20859,9.2106,1.50,1.50
2011.11.22 07:46:48.525,9.20852,9.21051,2.18,1.50
2011.11.22 07:46:48.911,9.20851,9.21042,2.18,1.50
2011.11.22 07:46:51.652,9.20862,9.21051,1.50,1.50
2011.11.22 07:46:53.933,9.20864,9.21051,1.50,1.50
2011.11.22 07:46:54.423,9.20889,9.2103,1.50,1.50
2011.11.22 07:46:56.282,9.20898,9.21039,1.50,1.50
2011.11.22 07:46:58.009,9.20912,9.21053,1.50,1.50
2011.11.22 07:46:58.365,9.20915,9.21054,1.50,1.50
2011.11.22 07:46:58.714,9.20907,9.21046,1.50,1.50
2011.11.22 07:46:58.946,9.20896,9.21037,1.50,1.50
2011.11.22 07:47:03.852,9.20905,9.21046,1.50,1.50
2011.11.22 07:47:06.709,9.20898,9.21037,1.50,1.50
2011.11.22 07:47:21.139,9.20907,9.21048,1.50,1.50
2011.11.22 07:47:21.633,9.20897,9.21038,1.50,1.50
2011.11.22 07:47:29.552,9.20906,9.21045,1.50,1.50
2011.11.22 07:47:34.118,9.20895,9.21034,1.50,1.50
2011.11.22 07:47:36.101,9.20833,9.20957,1.50,1.50
2011.11.22 07:47:36.227,9.20811,9.20937,1.50,1.50
2011.11.22 07:47:36.772,9.20821,9.20945,1.50,1.50
2011.11.22 07:47:37.226,9.20807,9.20931,1.50,1.50
2011.11.22 07:47:37.542,9.20816,9.2094,1.50,1.50
2011.11.22 07:47:39.497,9.20816,9.20921,1.50,1.50
2011.11.22 07:47:39.618,9.2077,9.20896,2.18,1.50
2011.11.22 07:47:39.734,9.20762,9.20886,1.50,1.50
2011.11.22 07:47:41.284,9.20746,9.20872,1.50,1.50
2011.11.22 07:47:41.403,9.20758,9.20884,1.50,1.50
2011.11.22 07:47:42.813,9.20758,9.20884,2.25,1.50
2011.11.22 07:47:43.155,9.20837,9.20961,1.50,1.50
2011.11.22 07:47:44.286,9.20852,9.20978,1.50,1.50
2011.11.22 07:47:44.623,9.20865,9.20989,1.50,1.50
2011.11.22 07:47:47.663,9.20873,9.20997,1.50,1.50
2011.11.22 07:47:48.014,9.20877,9.21001,1.50,1.50
2011.11.22 07:47:48.932,9.20882,9.21006,1.50,1.50
2011.11.22 07:47:51.762,9.20899,9.21025,1.50,1.50
2011.11.22 07:47:52.787,9.20892,9.21016,1.50,1.50
2011.11.22 07:47:54.061,9.20883,9.21009,1.50,1.50
2011.11.22 07:47:54.193,9.20883,9.21009,1.50,1.95
2011.11.22 07:47:54.435,9.20737,9.20897,1.50,1.50
2011.11.22 07:47:54.554,9.20747,9.20911,2.25,1.50
2011.11.22 07:47:55.275,9.20737,9.20903,2.25,1.50
2011.11.22 07:47:56.145,9.20757,9.20883,2.25,1.50
2011.11.22 07:47:56.373,9.20758,9.20883,2.85,1.50
2011.11.22 07:47:56.500,9.20799,9.20925,1.50,1.50
2011.11.22 07:47:56.626,9.20845,9.20969,1.50,1.50
2011.11.22 07:47:59.934,9.20821,9.20945,1.50,1.50
2011.11.22 07:48:01.738,9.20763,9.20889,1.50,1.50
2011.11.22 07:48:02.816,9.20784,9.20908,1.50,1.50
2011.11.22 07:48:03.516,9.20775,9.20899,1.50,1.50
2011.11.22 07:48:05.059,9.20804,9.20899,2.10,1.50
2011.11.22 07:48:05.184,9.20818,9.20925,2.10,1.50
2011.11.22 07:48:05.306,9.20834,9.2096,1.50,1.50
2011.11.22 07:48:07.460,9.20842,9.20968,1.50,1.50
2011.11.22 07:48:07.855,9.20834,9.20958,1.50,1.50
2011.11.22 07:48:08.396,9.20843,9.20967,1.50,1.50
2011.11.22 07:48:09.696,9.20832,9.20956,1.50,1.50
2011.11.22 07:48:12.502,9.20839,9.20965,1.50,1.50
2011.11.22 07:48:12.734,9.20831,9.20955,1.50,1.50
2011.11.22 07:48:13.040,9.20841,9.20965,1.50,1.50
2011.11.22 07:48:16.372,9.20849,9.20973,1.50,2.25
2011.11.22 07:48:18.817,9.20849,9.20973,1.50,1.50
2011.11.22 07:48:21.055,9.20833,9.20957,1.50,1.50
2011.11.22 07:48:21.560,9.20842,9.20968,1.50,1.50
2011.11.22 07:48:37.165,9.20852,9.20976,1.50,1.50
2011.11.22 07:48:39.962,9.20843,9.20969,1.50,1.50
2011.11.22 07:48:40.973,9.20854,9.2098,1.50,2.25
2011.11.22 07:48:41.094,9.20854,9.2098,1.50,1.50
2011.11.22 07:48:41.630,9.20862,9.20988,1.50,1.50
2011.11.22 07:48:42.002,9.2086,9.20986,1.50,1.50
2011.11.22 07:48:42.901,9.20852,9.20978,1.50,1.50
2011.11.22 07:48:44.462,9.20839,9.20963,1.50,1.50
2011.11.22 07:48:45.572,9.20846,9.20972,1.50,1.50
2011.11.22 07:48:47.458,9.20836,9.2096,1.50,1.50
2011.11.22 07:48:47.993,9.20847,9.20973,1.50,1.50
2011.11.22 07:48:48.796,9.20848,9.20974,1.50,1.50
2011.11.22 07:48:48.914,9.20857,9.20981,1.50,1.50
2011.11.22 07:48:49.035,9.20864,9.2099,1.50,1.50
2011.11.22 07:48:50.993,9.20874,9.20998,1.50,1.50
2011.11.22 07:48:51.342,9.20864,9.2099,1.50,1.50
2011.11.22 07:48:52.497,9.20857,9.20981,1.50,1.50
2011.11.22 07:48:53.175,9.20853,9.20979,1.50,1.50
2011.11.22 07:48:53.916,9.20842,9.20968,1.50,1.50
2011.11.22 07:48:54.303,9.20852,9.20976,1.50,1.50
2011.11.22 07:48:54.973,9.20839,9.20965,1.50,1.50
2011.11.22 07:48:56.317,9.20853,9.20977,1.50,1.50
2011.11.22 07:48:56.789,9.20845,9.20969,1.50,1.50
2011.11.22 07:48:57.796,9.20852,9.20978,1.50,1.50
2011.11.22 07:48:59.312,9.20863,9.20987,1.50,1.50
2011.11.22 07:49:00.315,9.20855,9.20979,1.50,1.50
2011.11.22 07:49:00.825,9.20847,9.20971,1.50,1.50
2011.11.22 07:49:01.814,9.20838,9.20964,1.50,1.50
2011.11.22 07:49:10.064,9.20848,9.20972,1.50,1.50
2011.11.22 07:49:10.719,9.20858,9.20982,1.50,1.50
2011.11.22 07:49:13.033,9.2084,9.20964,1.50,1.50
2011.11.22 07:49:13.392,9.2085,9.20976,1.50,1.50
2011.11.22 07:49:17.942,9.2085,9.20976,2.25,1.50
2011.11.22 07:49:18.161,9.2085,9.20976,1.50,1.50
2011.11.22 07:49:22.974,9.2086,9.20986,1.50,1.50
2011.11.22 07:49:23.459,9.20872,9.20998,1.50,1.50
2011.11.22 07:49:23.906,9.20863,9.20989,1.50,1.50
2011.11.22 07:49:25.063,9.20854,9.20978,1.50,1.50
2011.11.22 07:49:26.373,9.2083,9.20956,1.50,1.50
2011.11.22 07:49:26.493,9.20839,9.20963,1.50,1.50
2011.11.22 07:49:27.474,9.20847,9.20971,1.50,1.50
2011.11.22 07:49:28.515,9.20855,9.20979,1.50,1.50
2011.11.22 07:49:28.975,9.20836,9.2096,1.50,1.50
2011.11.22 07:49:29.313,9.20844,9.20968,1.50,1.50
2011.11.22 07:49:29.894,9.20835,9.20961,1.50,1.50
2011.11.22 07:49:30.413,9.20844,9.20968,1.50,1.50
2011.11.22 07:49:30.749,9.20852,9.20976,1.50,1.50
2011.11.22 07:49:31.755,9.20834,9.2096,1.50,1.50
2011.11.22 07:49:31.875,9.20845,9.20971,1.50,1.50
2011.11.22 07:49:32.913,9.20836,9.20962,1.50,1.50
2011.11.22 07:49:33.510,9.20844,9.2097,1.50,1.50
2011.11.22 07:49:34.018,9.20833,9.20957,1.50,1.50
2011.11.22 07:49:34.374,9.20845,9.20969,1.50,1.50
2011.11.22 07:49:34.759,9.20856,9.2098,1.50,1.50
2011.11.22 07:49:35.386,9.20839,9.20965,1.50,1.50
2011.11.22 07:49:36.263,9.20847,9.20973,1.50,1.50
2011.11.22 07:49:36.572,9.20863,9.20987,1.50,1.50
2011.11.22 07:49:38.396,9.20849,9.20973,1.50,1.50
2011.11.22 07:49:39.013,9.20849,9.20973,1.50,2.25
2011.11.22 07:49:39.352,9.20838,9.20962,1.50,1.50
2011.11.22 07:49:39.473,9.20845,9.20971,1.50,1.50
2011.11.22 07:49:39.592,9.20855,9.20979,1.50,2.25
2011.11.22 07:49:39.716,9.20845,9.20971,1.50,1.50
2011.11.22 07:49:40.381,9.20853,9.20979,1.50,1.50
2011.11.22 07:49:40.766,9.20874,9.21,1.50,2.25
2011.11.22 07:49:43.201,9.20866,9.20992,1.50,1.50
2011.11.22 07:49:44.027,9.20862,9.20986,1.50,1.50
2011.11.22 07:49:44.842,9.20862,9.20986,1.50,2.25
2011.11.22 07:49:45.002,9.20862,9.20986,1.50,2.25
2011.11.22 07:49:45.127,9.20862,9.20986,1.50,2.25
2011.11.22 07:49:45.610,9.20862,9.20986,1.50,1.50
2011.11.22 07:49:46.064,9.20862,9.20986,1.50,2.25
2011.11.22 07:49:46.292,9.20862,9.20986,1.50,1.50
2011.11.22 07:49:48.923,9.2087,9.20993,1.50,1.50
2011.11.22 07:49:51.001,9.2087,9.20993,1.50,1.50
2011.11.22 07:49:52.404,9.2087,9.20996,1.50,2.25
2011.11.22 07:49:53.386,9.20868,9.20992,1.50,1.50
2011.11.22 07:49:53.615,9.20857,9.20983,1.50,1.50
2011.11.22 07:49:56.425,9.20865,9.20991,1.50,1.50
2011.11.22 07:49:56.833,9.20875,9.21001,1.50,2.25
2011.11.22 07:49:56.959,9.20875,9.21001,1.50,1.50
2011.11.22 07:50:00.681,9.20867,9.20993,1.50,1.50
2011.11.22 07:50:01.021,9.20858,9.20982,1.50,1.50
2011.11.22 07:50:01.922,9.20845,9.20969,1.50,1.50
2011.11.22 07:50:03.157,9.20853,9.20977,1.50,1.50
2011.11.22 07:50:04.504,9.2086,9.20986,1.50,1.50
2011.11.22 07:50:05.074,9.20869,9.20995,1.50,1.50
2011.11.22 07:50:05.427,9.20798,9.20924,1.50,1.50
2011.11.22 07:50:07.053,9.2078,9.20906,1.50,1.50
2011.11.22 07:50:07.420,9.20794,9.20918,1.50,1.50
2011.11.22 07:50:09.558,9.20746,9.20846,1.43,1.50
2011.11.22 07:50:09.801,9.2076,9.20871,1.50,1.50
2011.11.22 07:50:09.927,9.2076,9.20884,1.50,1.50
2011.11.22 07:50:10.155,9.2076,9.20884,2.18,1.50
2011.11.22 07:50:10.494,9.20798,9.20884,1.28,1.50
2011.11.22 07:50:10.735,9.20833,9.20959,1.50,1.50
2011.11.22 07:50:10.854,9.20833,9.20959,1.50,1.58
2011.11.22 07:50:11.526,9.20842,9.20966,1.50,1.58
2011.11.22 07:50:11.766,9.20827,9.20953,1.50,1.58
2011.11.22 07:50:14.382,9.20827,9.20953,1.50,2.18
2011.11.22 07:50:14.504,9.20768,9.20894,1.50,1.50
2011.11.22 07:50:14.631,9.20678,9.20899,1.43,1.50
2011.11.22 07:50:14.758,9.20678,9.20917,1.43,1.50
2011.11.22 07:50:15.161,9.20678,9.20909,1.43,1.50
2011.11.22 07:50:15.289,9.20678,9.20909,1.43,1.50
2011.11.22 07:50:15.812,9.20678,9.20901,1.43,1.50
2011.11.22 07:50:20.453,9.20678,9.20894,1.43,1.50
2011.11.22 07:50:25.754,9.20678,9.20894,1.43,1.50
2011.11.22 07:50:26.246,9.20678,9.20903,1.43,1.50
2011.11.22 07:50:32.221,9.20678,9.2091,1.43,1.50
2011.11.22 07:50:33.498,9.20678,9.20901,1.43,1.50
2011.11.22 07:50:43.597,9.20678,9.20911,1.43,1.50
2011.11.22 07:50:44.025,9.20678,9.20902,1.43,1.50
2011.11.22 07:50:44.259,9.20678,9.20911,1.43,1.50
2011.11.22 07:50:47.687,9.20738,9.20877,1.50,1.50
2011.11.22 07:50:48.889,9.20745,9.20886,1.50,1.50
2011.11.22 07:50:51.752,9.20753,9.20894,1.50,1.50
2011.11.22 07:50:57.148,9.20763,9.20902,1.50,1.50
2011.11.22 07:50:57.580,9.20772,9.20913,1.50,1.50
2011.11.22 07:50:59.476,9.20763,9.20902,1.50,1.50
2011.11.22 07:51:00.026,9.20771,9.2091,1.50,1.50
2011.11.22 07:51:00.369,9.20759,9.20898,1.50,1.50
2011.11.22 07:51:02.540,9.20769,9.20908,1.50,1.50
2011.11.22 07:51:04.967,9.20761,9.209,1.50,1.50
2011.11.22 07:51:07.511,9.2077,9.20909,1.50,1.50
2011.11.22 07:51:09.386,9.2075,9.20889,1.50,1.50
2011.11.22 07:51:12.269,9.20687,9.20886,2.25,1.50
2011.11.22 07:51:12.390,9.20678,9.20871,1.43,1.50
2011.11.22 07:51:12.693,9.20678,9.2088,1.43,1.50
2011.11.22 07:51:12.826,9.20678,9.20888,1.43,1.50
2011.11.22 07:51:13.516,9.20678,9.20877,1.43,1.50
2011.11.22 07:51:14.061,9.20678,9.20862,1.43,1.50
2011.11.22 07:51:15.045,9.20646,9.2087,2.25,1.50
2011.11.22 07:51:21.739,9.20635,9.20869,2.25,1.50
2011.11.22 07:51:21.860,9.20616,9.20895,2.25,1.50
2011.11.22 07:51:40.000,9.20606,9.20885,2.25,1.50
2011.11.22 07:51:43.497,9.20614,9.20895,2.25,1.50
2011.11.22 07:51:51.775,9.20664,9.20902,1.35,1.50
2011.11.22 07:51:51.898,9.20693,9.20902,4.50,1.50
2011.11.22 07:51:52.238,9.20796,9.2094,1.50,1.50
2011.11.22 07:51:53.387,9.20824,9.20948,1.50,1.50
2011.11.22 07:51:55.206,9.20831,9.20957,1.50,1.50
2011.11.22 07:52:00.730,9.2084,9.20964,1.50,1.50
2011.11.22 07:52:10.749,9.20831,9.20955,1.50,1.50
2011.11.22 07:52:11.199,9.20851,9.20975,1.50,1.50
2011.11.22 07:52:11.322,9.20837,9.20963,1.50,1.50
2011.11.22 07:52:14.512,9.20852,9.20978,1.50,1.50
2011.11.22 07:52:15.049,9.20844,9.2097,1.50,1.50
2011.11.22 07:52:15.829,9.20841,9.20965,1.50,1.50
2011.11.22 07:52:17.921,9.20843,9.20967,1.50,1.50
2011.11.22 07:52:18.296,9.20837,9.20963,1.50,1.50
2011.11.22 07:52:18.417,9.20853,9.20977,1.50,1.50
2011.11.22 07:52:18.907,9.20844,9.2097,1.50,1.50
2011.11.22 07:52:21.547,9.20835,9.20961,1.50,1.50
2011.11.22 07:52:24.078,9.20786,9.2091,1.50,1.50
2011.11.22 07:52:24.416,9.20777,9.20901,1.50,1.50
2011.11.22 07:52:26.617,9.20777,9.20901,2.10,1.50
2011.11.22 07:52:26.738,9.20804,9.2093,1.50,1.50
2011.11.22 07:52:26.857,9.20829,9.20955,1.50,1.50
2011.11.22 07:52:31.428,9.20856,9.2098,1.50,1.50
2011.11.22 07:52:32.311,9.20863,9.20989,1.50,1.50
2011.11.22 07:52:32.767,9.20871,9.20997,1.50,1.50
2011.11.22 07:52:35.458,9.20879,9.21005,1.50,1.50
2011.11.22 07:52:36.335,9.20871,9.20995,1.50,1.50
2011.11.22 07:52:37.841,9.20862,9.20986,1.50,1.50
2011.11.22 07:52:38.481,9.20923,9.20986,1.13,1.50
2011.11.22 07:52:38.599,9.2101,9.21156,1.50,2.33
2011.11.22 07:52:38.722,9.21027,9.21171,1.50,1.50
2011.11.22 07:52:39.307,9.21035,9.21181,1.50,1.50
2011.11.22 07:52:40.531,9.21043,9.21169,1.50,1.50
2011.11.22 07:52:42.460,9.21033,9.21159,1.50,1.50
2011.11.22 07:52:42.817,9.21033,9.21159,1.50,2.25
2011.11.22 07:52:43.179,9.21036,9.21162,1.50,2.25
2011.11.22 07:52:44.310,9.21045,9.21169,1.50,2.25
2011.11.22 07:52:45.122,9.21053,9.21177,1.50,2.25
2011.11.22 07:52:46.915,9.21053,9.21177,1.50,2.25
2011.11.22 07:52:47.154,9.2106,9.21186,1.50,2.25
2011.11.22 07:52:47.759,9.21071,9.21195,1.50,2.25
2011.11.22 07:52:53.537,9.21057,9.21183,1.50,2.25
2011.11.22 07:52:53.676,9.21057,9.21183,1.50,2.25
2011.11.22 07:52:57.397,9.21065,9.21191,1.50,2.25
2011.11.22 07:52:57.959,9.21085,9.21209,1.50,2.25
2011.11.22 07:52:58.670,9.21075,9.21199,1.50,2.25
2011.11.22 07:53:00.461,9.21075,9.21199,1.50,2.25
2011.11.22 07:53:07.197,9.21075,9.21199,1.50,2.25
2011.11.22 07:53:08.324,9.21075,9.21199,1.50,1.50
2011.11.22 07:53:08.820,9.21075,9.21199,1.50,2.25
2011.11.22 07:53:10.306,9.21065,9.21191,1.50,1.50
2011.11.22 07:53:11.421,9.21065,9.21191,1.50,2.25
2011.11.22 07:53:11.540,9.21049,9.21175,1.50,2.25
2011.11.22 07:53:12.715,9.21058,9.21182,1.50,2.25
2011.11.22 07:53:14.493,9.21069,9.21193,1.50,2.25
2011.11.22 07:53:14.616,9.21069,9.21193,1.50,2.25
2011.11.22 07:53:15.064,9.21069,9.21193,1.50,2.25
2011.11.22 07:53:16.359,9.21069,9.21193,1.50,2.25
2011.11.22 07:53:20.515,9.21069,9.21193,1.50,2.25
2011.11.22 07:53:21.881,9.21076,9.21202,1.50,2.25
2011.11.22 07:53:24.617,9.21058,9.21182,1.50,1.50
2011.11.22 07:53:24.739,9.21072,9.21198,1.50,2.25
2011.11.22 07:53:30.885,9.21072,9.21198,1.50,1.50
2011.11.22 07:53:33.626,9.21065,9.21189,1.50,1.50
2011.11.22 07:53:42.034,9.21056,9.2118,1.50,1.50
2011.11.22 07:53:42.815,9.21064,9.2119,1.50,1.50
2011.11.22 07:53:47.535,9.21073,9.21197,1.50,1.50
2011.11.22 07:53:53.479,9.21056,9.2118,1.50,1.50
2011.11.22 07:53:57.926,9.21001,9.21127,1.50,1.50
2011.11.22 07:53:58.046,9.20971,9.21095,1.50,1.50
2011.11.22 07:53:59.721,9.20961,9.21087,1.50,1.50
2011.11.22 07:54:07.796,9.20953,9.21079,2.25,1.50
2011.11.22 07:54:12.815,9.20953,9.21079,1.50,1.50
2011.11.22 07:54:27.521,9.20962,9.21086,1.50,1.50
2011.11.22 07:54:28.313,9.2097,9.21096,1.50,1.50
2011.11.22 07:54:29.247,9.20981,9.21105,1.50,1.50
2011.11.22 07:54:29.707,9.20973,9.21097,1.50,1.50
2011.11.22 07:54:32.180,9.20959,9.21083,1.50,1.50
2011.11.22 07:54:34.399,9.20969,9.21093,1.50,1.50
2011.11.22 07:54:37.636,9.20959,9.21083,1.50,1.50
2011.11.22 07:54:44.841,9.2097,9.21096,1.50,1.50
2011.11.22 07:54:45.827,9.20961,9.21087,1.50,1.50
2011.11.22 07:54:49.209,9.2097,9.21096,1.50,1.50
2011.11.22 07:54:50.030,9.20961,9.21085,1.50,1.50
2011.11.22 07:54:50.150,9.20938,9.21064,1.50,1.50
2011.11.22 07:54:50.269,9.20961,9.21085,1.50,1.50
2011.11.22 07:54:50.389,9.20952,9.21078,1.50,1.50
2011.11.22 07:54:52.756,9.20961,9.21085,1.50,1.50
2011.11.22 07:54:55.959,9.20972,9.21115,1.50,1.50
2011.11.22 07:54:56.077,9.20972,9.21115,2.18,1.50
2011.11.22 07:54:57.758,9.20975,9.21101,2.18,1.50
2011.11.22 07:54:57.877,9.20975,9.21124,2.18,1.50
2011.11.22 07:54:59.062,9.21138,9.21322,1.50,1.50
2011.11.22 07:54:59.293,9.21188,9.21322,1.28,1.50
2011.11.22 07:54:59.527,9.21201,9.21347,1.50,1.50
2011.11.22 07:54:59.649,9.21201,9.21387,1.50,1.50
2011.11.22 07:55:00.199,9.21288,9.21392,2.18,1.50
2011.11.22 07:55:00.319,9.2136,9.21439,1.13,2.25
2011.11.22 07:55:00.442,9.2136,9.21443,1.13,2.25
2011.11.22 07:55:00.668,9.2136,9.21443,1.13,1.50
2011.11.22 07:55:01.056,9.21447,9.21482,1.50,2.25
2011.11.22 07:55:01.177,9.21447,9.21699,1.50,2.25
2011.11.22 07:55:01.746,9.21438,9.2169,1.50,2.25
2011.11.22 07:55:03.299,9.21465,9.21679,1.50,2.25
2011.11.22 07:55:03.746,9.21474,9.21686,1.50,2.25
2011.11.22 07:55:04.177,9.21463,9.21675,1.50,2.25
2011.11.22 07:55:04.978,9.21474,9.21688,1.50,2.25
2011.11.22 07:55:05.385,9.21482,9.21696,1.50,1.50
2011.11.22 07:55:06.000,9.21475,9.21687,1.50,2.25
2011.11.22 07:55:06.450,9.21467,9.21679,1.50,2.25
2011.11.22 07:55:06.827,9.2134,9.21811,1.13,2.25
2011.11.22 07:55:07.301,9.21317,9.21501,2.18,1.50
2011.11.22 07:55:07.421,9.21317,9.21501,1.50,1.50
2011.11.22 07:55:10.527,9.21328,9.21454,1.50,1.50
2011.11.22 07:55:11.458,9.21318,9.21444,1.50,1.50
2011.11.22 07:55:12.440,9.21308,9.21434,1.50,1.50
2011.11.22 07:55:15.830,9.21296,9.2142,1.50,1.50
2011.11.22 07:55:24.437,9.21307,9.21433,1.50,1.50
2011.11.22 07:55:25.341,9.21321,9.21445,1.50,1.50
2011.11.22 07:55:25.646,9.21308,9.21432,1.50,1.50
2011.11.22 07:55:26.846,9.21297,9.21421,1.50,1.50
2011.11.22 07:55:28.827,9.21289,9.21413,1.50,1.50
2011.11.22 07:55:31.606,9.21296,9.21422,1.50,1.50
2011.11.22 07:55:33.376,9.21288,9.21414,1.50,1.50
2011.11.22 07:55:45.180,9.21298,9.21422,1.50,1.50
2011.11.22 07:55:51.197,9.21307,9.21431,1.50,1.50
2011.11.22 07:55:51.707,9.21298,9.21424,1.50,1.50
2011.11.22 07:55:51.936,9.21308,9.21432,1.50,1.50
2011.11.22 07:56:05.227,9.21315,9.21441,1.50,1.50
2011.11.22 07:56:09.835,9.21307,9.21433,1.50,1.50
2011.11.22 07:56:16.734,9.21315,9.21441,1.50,1.50
2011.11.22 07:56:21.818,9.21311,9.21435,1.50,1.50
2011.11.22 07:56:22.278,9.213,9.21426,1.50,1.50
2011.11.22 07:56:24.990,9.21309,9.21433,1.50,1.50
2011.11.22 07:56:25.224,9.21319,9.21445,1.50,1.50
2011.11.22 07:56:25.347,9.2131,9.21434,1.50,1.50
2011.11.22 07:56:25.918,9.21319,9.21445,1.50,1.50
2011.11.22 07:56:27.255,9.21332,9.21456,1.50,1.50
2011.11.22 07:56:27.837,9.21329,9.21455,1.50,1.50
2011.11.22 07:56:28.447,9.21317,9.21443,1.50,1.50
2011.11.22 07:56:29.406,9.2131,9.21434,1.50,1.50
2011.11.22 07:56:30.426,9.2132,9.21444,1.50,1.50
2011.11.22 07:56:32.274,9.21312,9.21436,1.50,1.50
2011.11.22 07:56:39.070,9.21322,9.21446,1.50,1.50
2011.11.22 07:56:39.517,9.21329,9.21455,1.50,1.50
2011.11.22 07:56:40.248,9.21194,9.21358,1.50,1.50
2011.11.22 07:56:40.602,9.21289,9.21358,1.50,1.50
2011.11.22 07:56:40.940,9.21314,9.21478,1.50,2.25
2011.11.22 07:56:41.441,9.21334,9.21478,1.50,1.50
2011.11.22 07:56:41.560,9.21334,9.21478,1.50,1.58
2011.11.22 07:56:41.681,9.21312,9.21458,1.50,1.50
2011.11.22 07:56:43.057,9.21295,9.21421,2.10,1.50
2011.11.22 07:56:43.181,9.21295,9.21421,1.50,1.50
2011.11.22 07:56:43.528,9.21295,9.21421,1.50,1.58
2011.11.22 07:56:43.757,9.21205,9.21329,1.50,1.50
2011.11.22 07:56:44.757,9.21197,9.21321,1.50,1.50
2011.11.22 07:56:45.728,9.21182,9.21308,1.50,1.50
2011.11.22 07:56:51.221,9.21251,9.21377,1.50,1.50
2011.11.22 07:56:51.569,9.21291,9.21415,1.50,1.50
2011.11.22 07:56:52.591,9.2131,9.21434,1.50,1.50
2011.11.22 07:56:52.831,9.213,9.21426,1.50,1.50
2011.11.22 07:56:52.948,9.21309,9.21435,1.50,1.50
2011.11.22 07:56:54.013,9.213,9.21424,1.50,1.50
2011.11.22 07:56:54.418,9.21163,9.21327,2.25,1.50
2011.11.22 07:56:54.663,9.21261,9.21425,1.50,2.33
2011.11.22 07:56:55.449,9.21297,9.21421,1.50,1.50
2011.11.22 07:56:56.028,9.21304,9.2143,1.50,1.50
2011.11.22 07:56:58.187,9.21294,9.21418,1.50,1.50
2011.11.22 07:57:02.706,9.21303,9.21427,1.50,2.25
2011.11.22 07:57:03.812,9.21295,9.21419,1.50,1.50
2011.11.22 07:57:04.258,9.21285,9.21411,1.50,1.50
2011.11.22 07:57:06.779,9.21294,9.21418,1.50,1.50
2011.11.22 07:57:07.786,9.21302,9.21426,1.50,1.50
2011.11.22 07:57:09.689,9.21322,9.21446,1.50,1.58
2011.11.22 07:57:10.367,9.21314,9.21438,1.50,1.50
2011.11.22 07:57:10.487,9.21306,9.2143,1.50,1.50
2011.11.22 07:57:12.688,9.21297,9.21423,1.50,1.50
2011.11.22 07:57:12.809,9.21308,9.21434,1.50,1.50
2011.11.22 07:57:14.853,9.21323,9.21449,1.50,1.58
2011.11.22 07:57:15.232,9.21314,9.21438,1.50,1.50
2011.11.22 07:57:17.548,9.21322,9.21448,1.50,1.58
2011.11.22 07:57:18.260,9.21309,9.21433,1.50,1.50
2011.11.22 07:57:21.436,9.21344,9.2147,1.50,1.50
2011.11.22 07:57:22.392,9.21354,9.21478,1.50,1.50
2011.11.22 07:57:28.862,9.21362,9.21488,1.50,1.50
2011.11.22 07:57:29.196,9.21354,9.2148,1.50,1.50
2011.11.22 07:57:29.978,9.21345,9.21471,1.50,1.50
2011.11.22 07:57:33.700,9.21362,9.21486,1.50,1.50
2011.11.22 07:57:36.937,9.21352,9.21478,1.50,1.50
2011.11.22 07:57:39.176,9.21362,9.21488,1.50,1.50
2011.11.22 07:57:39.935,9.21355,9.21479,1.50,1.50
2011.11.22 07:57:40.708,9.21343,9.21467,1.50,1.50
2011.11.22 07:57:40.830,9.21352,9.21478,1.50,1.50
2011.11.22 07:57:43.391,9.21343,9.21469,1.50,1.50
2011.11.22 07:57:44.196,9.21354,9.2148,1.50,1.50
2011.11.22 07:57:49.096,9.21346,9.21472,1.50,1.50
2011.11.22 07:57:56.001,9.21368,9.21492,1.50,1.50
2011.11.22 07:57:58.097,9.2136,9.21484,1.50,1.50
2011.11.22 07:58:04.239,9.2135,9.21474,1.50,1.50
2011.11.22 07:58:07.970,9.21341,9.21467,1.50,1.50
2011.11.22 07:58:08.628,9.21349,9.21475,1.50,1.50
2011.11.22 07:58:19.307,9.2134,9.21466,1.50,1.50
2011.11.22 07:58:23.998,9.21349,9.21473,1.50,1.50
2011.11.22 07:58:26.402,9.2134,9.21466,1.50,1.50
2011.11.22 07:58:27.238,9.21331,9.21457,1.50,1.50
2011.11.22 07:58:27.577,9.21341,9.21465,1.50,1.50
2011.11.22 07:58:31.021,9.21331,9.21457,1.50,1.50
2011.11.22 07:58:32.796,9.2134,9.21464,1.50,1.50
2011.11.22 07:58:33.308,9.21353,9.21479,1.50,1.50
2011.11.22 07:58:37.966,9.21343,9.21467,1.50,1.50
2011.11.22 07:58:40.498,9.21351,9.21475,1.50,1.50
2011.11.22 07:58:48.980,9.21336,9.2146,1.50,1.50
2011.11.22 07:58:49.790,9.21334,9.2146,1.50,1.50
2011.11.22 07:58:51.680,9.21352,9.21478,1.50,2.25
2011.11.22 07:58:51.797,9.21342,9.21468,1.50,1.50
2011.11.22 07:58:52.348,9.21355,9.21481,1.50,2.25
2011.11.22 07:58:54.485,9.21348,9.21472,1.50,1.50
2011.11.22 07:58:55.456,9.21334,9.21458,1.50,1.50
2011.11.22 07:58:55.684,9.21342,9.21468,1.50,1.50
2011.11.22 07:59:09.446,9.2136,9.21484,1.50,2.25
2011.11.22 07:59:09.566,9.21349,9.21475,1.50,2.25
2011.11.22 07:59:12.538,9.21349,9.21475,1.50,1.50
2011.11.22 07:59:12.879,9.21356,9.2148,1.50,1.50
2011.11.22 07:59:12.999,9.21367,9.21493,1.50,1.50
2011.11.22 07:59:13.436,9.21359,9.21483,1.50,1.50
2011.11.22 07:59:14.884,9.2135,9.21476,1.50,1.50
2011.11.22 07:59:15.860,9.21336,9.2146,1.50,1.50
2011.11.22 07:59:16.201,9.21348,9.21472,1.50,1.50
2011.11.22 07:59:21.509,9.21348,9.21472,1.50,2.25
2011.11.22 07:59:21.629,9.21336,9.21462,1.50,2.25
2011.11.22 07:59:22.078,9.21319,9.21445,1.50,2.33
2011.11.22 07:59:22.196,9.21319,9.21445,1.50,2.33
2011.11.22 07:59:22.962,9.2132,9.21446,1.50,2.33
2011.11.22 07:59:23.566,9.2132,9.21446,1.50,1.58
2011.11.22 07:59:23.932,9.2132,9.21446,1.50,2.33
2011.11.22 07:59:24.156,9.21313,9.21437,1.50,2.25
2011.11.22 07:59:24.388,9.21313,9.21437,1.50,1.50
2011.11.22 07:59:25.961,9.21305,9.21429,1.50,1.50
2011.11.22 07:59:27.017,9.21305,9.21429,1.50,2.25
2011.11.22 07:59:29.026,9.21296,9.21422,1.50,1.50
2011.11.22 07:59:29.796,9.21296,9.21422,1.50,2.25
2011.11.22 07:59:29.919,9.21281,9.21405,1.50,2.25
2011.11.22 07:59:30.533,9.21281,9.21405,1.50,1.50
2011.11.22 07:59:30.992,9.21278,9.21395,1.05,1.50
2011.11.22 07:59:32.067,9.21279,9.21403,1.88,1.50
2011.11.22 07:59:32.301,9.21286,9.21412,1.50,1.50
2011.11.22 07:59:33.370,9.21294,9.2142,1.50,1.50
2011.11.22 07:59:34.013,9.21297,9.21421,1.50,1.50
2011.11.22 07:59:34.883,9.21305,9.21431,1.50,1.50
2011.11.22 07:59:36.641,9.21315,9.21441,1.50,1.50
2011.11.22 07:59:37.023,9.21328,9.21452,1.50,2.25
2011.11.22 07:59:41.339,9.21318,9.21444,1.50,2.25
2011.11.22 07:59:45.927,9.21306,9.21432,1.50,1.50
2011.11.22 07:59:46.552,9.21291,9.21417,1.50,1.50
2011.11.22 07:59:47.349,9.21306,9.2143,1.50,1.50
2011.11.22 07:59:51.044,9.21306,9.2143,1.50,2.25
2011.11.22 07:59:51.719,9.21307,9.21431,1.50,2.25
2011.11.22 07:59:53.842,9.21297,9.21421,1.50,2.25
2011.11.22 07:59:53.961,9.21297,9.21421,1.50,2.25
2011.11.22 07:59:54.736,9.21284,9.21408,1.50,2.25
2011.11.22 07:59:55.909,9.21293,9.21417,1.50,2.25
2011.11.22 07:59:58.316,9.213,9.21426,1.50,2.25
2011.11.22 07:59:59.203,9.21309,9.21433,1.50,2.25
2011.11.22 07:59:59.896,9.21318,9.21442,1.50,2.25
